0.000000, 
0.000000, 
0.000000, 
0.000000, 
0.000000, 
0.000000, 
0.000000, 
0.000000, 
0.000000, 
0.000000, 
0.000000, 
0.000000, 
0.000000, 
0.000000, 
0.000000, 
0.000000, 
0.000000, 
0.000000, 
0.000000, 
0.000000, 
0.000000, 
0.000000, 
0.000000, 
0.000000, 
0.000000, 
0.000000, 
0.000000, 
0.000000, 
0.000000, 
0.000000, 
0.000000, 
0.000000, 
0.000000, 
0.000000, 
0.000000, 
0.000000, 
0.000000, 
0.000000, 
0.000000, 
0.000000, 
0.000000, 
0.000000, 
0.000000, 
0.000000, 
0.000000, 
0.000000, 
0.000000, 
0.000000, 
0.000000, 
0.000000, 
0.000000, 
0.000000, 
0.000000, 
0.000000, 
0.000000, 
0.000000, 
0.000000, 
0.000000, 
0.000000, 
0.000000, 
0.000000, 
0.000000, 
0.000000, 
0.000000, 
0.000000, 
0.000000, 
0.000000, 
0.000000, 
0.000000, 
0.000000, 
0.000000, 
0.000000, 
0.000000, 
0.000000, 
0.000000, 
0.000000, 
0.000000, 
0.000000, 
0.000000, 
0.000000, 
0.000000, 
0.000000, 
0.000000, 
0.000000, 
0.000000, 
0.000000, 
0.000000, 
0.000000, 
0.000000, 
0.000000, 
0.000000, 
0.000000, 
0.000000, 
0.000000, 
0.000000, 
0.000500, 
0.000000, 
0.000000, 
0.000000, 
0.000000, 
0.001500, 
0.000500, 
0.002000, 
0.004500, 
0.001500, 
0.005500, 
0.006000, 
0.009500, 
0.011500, 
0.010000, 
0.015500, 
0.021500, 
0.022000, 
0.029000, 
0.030500, 
0.048500, 
0.058500, 
0.070000, 
0.069500, 
0.094000, 
0.097500, 
0.115000, 
0.129500, 
0.139500, 
0.164000, 
0.187000, 
0.186000, 
0.223000, 
0.232500, 
0.272000, 
0.285000, 
0.293500, 
0.343000, 
0.346000, 
0.360500, 
0.380500, 
0.365500, 
0.410500, 
0.393000, 
0.439500, 
0.419500, 
0.434000, 
0.450500, 
0.470000, 
0.469500, 
0.488500, 
0.474500, 
0.461500, 
0.464500, 
0.487000, 
0.471500, 
0.470500, 
0.466500, 
0.470500, 
0.459500, 
0.470500, 
0.464500, 
0.457500, 
0.437000, 
0.423500, 
0.416500, 
0.401000, 
0.388000, 
0.377500, 
0.362000, 
0.334000, 
0.310500, 
0.287500, 
0.302000, 
0.256500, 
0.244000, 
0.201000, 
0.211000, 
0.175000, 
0.161000, 
0.148000, 
0.130500, 
0.114000, 
0.109500, 
0.076000, 
0.062500, 
0.068500, 
0.044000, 
0.048000, 
0.035000, 
0.026000, 
0.026000, 
0.013000, 
0.024000, 
0.016000, 
0.011500, 
0.008000, 
0.006500, 
0.006000, 
0.002500, 
0.004500, 
0.002000, 
0.002000, 
0.000000, 
0.001500, 
0.000000, 
0.000000, 
0.000000, 
0.000000, 
0.001000, 
0.000000, 
0.000000, 
0.000000, 
0.000000, 
0.000000, 
0.000000, 
0.000000, 
0.000000, 
0.000000, 
0.000000, 
0.000000, 
0.000000, 
0.000000, 
0.000000, 
0.000000, 
0.000000, 
0.000000, 
0.000000, 
0.000000, 
0.000000, 
0.000000, 
0.000000, 
0.000000, 
0.000000, 
0.000000, 
0.000000, 
0.000000, 
0.000000, 
0.000000, 
0.000000, 
0.000000, 
0.000000, 
0.000000, 
0.000000, 
0.000000, 
0.000000, 
0.000000, 
0.000000, 
0.000000, 
0.000000, 
0.000000, 
0.000000, 
0.000000, 
0.000000, 
0.000000, 
0.000000, 
0.000000, 
0.000000, 
0.000000, 
0.000000, 
0.000000, 
0.000000, 
0.000000, 
0.000000, 
0.000000, 
0.000000, 
0.000000, 
0.000000, 
0.000000, 
0.000000, 
0.000000, 
0.000000, 
0.000000, 
0.000000, 
0.000000, 
0.000000, 
0.000000, 
0.000000, 
0.000000, 
0.000000, 
0.000000, 
0.000000, 
0.000000, 
0.000000, 
0.000000, 
0.000000, 
0.000000, 
0.000000, 
0.000000, 
0.000000, 
0.000000, 
0.000000, 
0.000000, 
0.000000, 
0.000000, 
0.000000, 
0.000000, 
0.000000, 
0.000000, 
0.000000, 
0.000000, 
0.000000, 
0.000000, 
0.000000, 
0.000000, 
