0.000000, 
0.000000, 
0.000000, 
0.000000, 
0.000000, 
0.000000, 
0.000000, 
0.000000, 
0.000000, 
0.000000, 
0.000000, 
0.000000, 
0.000000, 
0.000000, 
0.000000, 
0.000000, 
0.000000, 
0.000000, 
0.000000, 
0.000000, 
0.000000, 
0.000000, 
0.000000, 
0.000000, 
0.000000, 
0.000000, 
0.000000, 
0.000000, 
0.000000, 
0.000000, 
0.000000, 
0.000000, 
0.000000, 
0.000000, 
0.000000, 
0.000000, 
0.000000, 
0.000000, 
0.000000, 
0.000000, 
0.000000, 
0.000000, 
0.000000, 
0.000000, 
0.000000, 
0.000000, 
0.000000, 
0.000500, 
0.000000, 
0.000500, 
0.000000, 
0.001000, 
0.000000, 
0.000000, 
0.000000, 
0.000000, 
0.001000, 
0.000000, 
0.000500, 
0.001000, 
0.000000, 
0.000500, 
0.000500, 
0.001500, 
0.001000, 
0.001000, 
0.001500, 
0.002500, 
0.002000, 
0.001500, 
0.002000, 
0.002500, 
0.001500, 
0.003000, 
0.005500, 
0.005500, 
0.006000, 
0.004000, 
0.004500, 
0.005500, 
0.005000, 
0.010500, 
0.008000, 
0.010500, 
0.010500, 
0.012000, 
0.013000, 
0.016000, 
0.018000, 
0.022500, 
0.025500, 
0.025000, 
0.022000, 
0.026000, 
0.026500, 
0.029000, 
0.035000, 
0.047500, 
0.046000, 
0.047500, 
0.046500, 
0.054000, 
0.056000, 
0.074500, 
0.062000, 
0.076500, 
0.076000, 
0.085500, 
0.078500, 
0.086500, 
0.093500, 
0.107500, 
0.115000, 
0.124500, 
0.125000, 
0.125500, 
0.138500, 
0.160000, 
0.168500, 
0.171000, 
0.185500, 
0.172000, 
0.181000, 
0.199000, 
0.206500, 
0.209500, 
0.215500, 
0.231000, 
0.236500, 
0.230000, 
0.244000, 
0.244500, 
0.257000, 
0.263500, 
0.257000, 
0.300000, 
0.272500, 
0.260000, 
0.298500, 
0.311500, 
0.320000, 
0.309000, 
0.310500, 
0.314000, 
0.320000, 
0.309000, 
0.321500, 
0.317500, 
0.316000, 
0.308000, 
0.303000, 
0.317500, 
0.325500, 
0.317500, 
0.314500, 
0.306500, 
0.309500, 
0.302000, 
0.286000, 
0.300500, 
0.289500, 
0.284000, 
0.282000, 
0.276500, 
0.257500, 
0.258500, 
0.273500, 
0.266000, 
0.242500, 
0.219500, 
0.233000, 
0.221000, 
0.207500, 
0.207500, 
0.204000, 
0.189000, 
0.194000, 
0.171000, 
0.170500, 
0.168000, 
0.163500, 
0.138500, 
0.133500, 
0.137500, 
0.124000, 
0.117000, 
0.115000, 
0.107000, 
0.091000, 
0.090500, 
0.085500, 
0.089000, 
0.076500, 
0.066500, 
0.062000, 
0.067500, 
0.063000, 
0.058500, 
0.052000, 
0.051000, 
0.029000, 
0.041000, 
0.036500, 
0.033000, 
0.032000, 
0.029000, 
0.025500, 
0.015000, 
0.027000, 
0.016500, 
0.021000, 
0.016500, 
0.014000, 
0.015000, 
0.015000, 
0.009000, 
0.010500, 
0.008000, 
0.008500, 
0.006500, 
0.007500, 
0.000500, 
0.005000, 
0.006000, 
0.006000, 
0.001000, 
0.001500, 
0.002500, 
0.002000, 
0.002000, 
0.001500, 
0.002000, 
0.002500, 
0.001000, 
0.001000, 
0.001000, 
0.000500, 
0.000500, 
0.001000, 
0.000000, 
0.000000, 
0.001500, 
0.000500, 
0.000000, 
0.000000, 
0.000000, 
0.000000, 
0.000000, 
0.000000, 
0.000000, 
0.000000, 
0.000000, 
0.000000, 
0.000000, 
0.000000, 
0.000000, 
0.000000, 
0.000000, 
0.000000, 
0.000000, 
0.000000, 
0.000000, 
0.000000, 
0.000000, 
0.000000, 
0.000000, 
0.000000, 
0.000000, 
0.000000, 
0.000000, 
0.000000, 
0.000000, 
0.000000, 
0.000000, 
0.000000, 
0.000000, 
0.000000, 
0.000000, 
0.000000, 
0.000000, 
0.000000, 
0.000000, 
0.000000, 
0.000000, 
0.000000, 
0.000000, 
0.000000, 
0.000000, 
0.000000, 
0.000000, 
0.000000, 
0.000000, 
0.000000, 
0.000000, 
0.000000, 
0.000000, 
0.000000, 
0.000000, 
0.000000, 
0.000000, 
