0.000000, 
0.000000, 
0.000000, 
0.000000, 
0.000000, 
0.000000, 
0.000000, 
0.000000, 
0.000000, 
0.000000, 
0.000000, 
0.000000, 
0.000000, 
0.000000, 
0.000000, 
0.000000, 
0.000000, 
0.000000, 
0.000000, 
0.000000, 
0.000000, 
0.000000, 
0.000000, 
0.000000, 
0.000000, 
0.000000, 
0.000000, 
0.000000, 
0.000000, 
0.000000, 
0.000000, 
0.000000, 
0.000000, 
0.000000, 
0.000000, 
0.000000, 
0.000000, 
0.000000, 
0.000000, 
0.000000, 
0.000000, 
0.000000, 
0.000000, 
0.000000, 
0.000000, 
0.000000, 
0.000000, 
0.000000, 
0.000000, 
0.000000, 
0.000000, 
0.000000, 
0.000000, 
0.000000, 
0.000000, 
0.000000, 
0.000000, 
0.000000, 
0.000000, 
0.000000, 
0.000000, 
0.000000, 
0.000000, 
0.000000, 
0.000000, 
0.000000, 
0.000000, 
0.000000, 
0.000000, 
0.000000, 
0.000000, 
0.000000, 
0.000000, 
0.000000, 
0.000000, 
0.000000, 
0.000000, 
0.000000, 
0.000000, 
0.000000, 
0.000000, 
0.000000, 
0.000000, 
0.000000, 
0.000000, 
0.000000, 
0.000000, 
0.000000, 
0.000000, 
0.000000, 
0.000000, 
0.000000, 
0.000000, 
0.000000, 
0.000000, 
0.000000, 
0.000000, 
0.000000, 
0.000000, 
0.000000, 
0.000000, 
0.000000, 
0.003750, 
0.002500, 
0.002500, 
0.002500, 
0.005000, 
0.007500, 
0.005000, 
0.016250, 
0.017500, 
0.015000, 
0.027500, 
0.026250, 
0.033750, 
0.047500, 
0.057500, 
0.068750, 
0.058750, 
0.086250, 
0.091250, 
0.131250, 
0.122500, 
0.155000, 
0.148750, 
0.201250, 
0.228750, 
0.210000, 
0.247500, 
0.243750, 
0.272500, 
0.302500, 
0.340000, 
0.352500, 
0.355000, 
0.335000, 
0.390000, 
0.407500, 
0.425000, 
0.405000, 
0.417500, 
0.436250, 
0.483750, 
0.443750, 
0.467500, 
0.501250, 
0.480000, 
0.473750, 
0.465000, 
0.443750, 
0.475000, 
0.485000, 
0.475000, 
0.503750, 
0.462500, 
0.443750, 
0.436250, 
0.450000, 
0.418750, 
0.418750, 
0.407500, 
0.407500, 
0.347500, 
0.387500, 
0.326250, 
0.368750, 
0.333750, 
0.292500, 
0.267500, 
0.291250, 
0.245000, 
0.247500, 
0.190000, 
0.160000, 
0.188750, 
0.152500, 
0.131250, 
0.123750, 
0.101250, 
0.081250, 
0.072500, 
0.063750, 
0.046250, 
0.047500, 
0.042500, 
0.036250, 
0.016250, 
0.017500, 
0.011250, 
0.011250, 
0.010000, 
0.005000, 
0.011250, 
0.002500, 
0.011250, 
0.005000, 
0.001250, 
0.001250, 
0.002500, 
0.000000, 
0.001250, 
0.000000, 
0.001250, 
0.001250, 
0.000000, 
0.000000, 
0.000000, 
0.000000, 
0.000000, 
0.000000, 
0.000000, 
0.000000, 
0.000000, 
0.000000, 
0.000000, 
0.000000, 
0.000000, 
0.000000, 
0.000000, 
0.000000, 
0.000000, 
0.000000, 
0.000000, 
0.000000, 
0.000000, 
0.000000, 
0.000000, 
0.000000, 
0.000000, 
0.000000, 
0.000000, 
0.000000, 
0.000000, 
0.000000, 
0.000000, 
0.000000, 
0.000000, 
0.000000, 
0.000000, 
0.000000, 
0.000000, 
0.000000, 
0.000000, 
0.000000, 
0.000000, 
0.000000, 
0.000000, 
0.000000, 
0.000000, 
0.000000, 
0.000000, 
0.000000, 
0.000000, 
0.000000, 
0.000000, 
0.000000, 
0.000000, 
0.000000, 
0.000000, 
0.000000, 
0.000000, 
0.000000, 
0.000000, 
0.000000, 
0.000000, 
0.000000, 
0.000000, 
0.000000, 
0.000000, 
0.000000, 
0.000000, 
0.000000, 
0.000000, 
0.000000, 
0.000000, 
0.000000, 
0.000000, 
0.000000, 
0.000000, 
0.000000, 
0.000000, 
0.000000, 
0.000000, 
0.000000, 
0.000000, 
0.000000, 
0.000000, 
0.000000, 
0.000000, 
0.000000, 
0.000000, 
0.000000, 
0.000000, 
0.000000, 
0.000000, 
0.000000, 
0.000000, 
0.000000, 
0.000000, 
0.000000, 
