0.000000, 
0.000000, 
0.000000, 
0.000000, 
0.000000, 
0.000000, 
0.000000, 
0.000000, 
0.000000, 
0.000000, 
0.000000, 
0.000000, 
0.000000, 
0.000000, 
0.000000, 
0.000000, 
0.000000, 
0.000000, 
0.000000, 
0.000000, 
0.000000, 
0.000000, 
0.000000, 
0.000000, 
0.000000, 
0.000000, 
0.000000, 
0.000000, 
0.000000, 
0.000000, 
0.000000, 
0.000000, 
0.000000, 
0.000000, 
0.000000, 
0.000000, 
0.000000, 
0.000000, 
0.000000, 
0.000000, 
0.000000, 
0.000000, 
0.000000, 
0.000000, 
0.000000, 
0.000000, 
0.000000, 
0.000000, 
0.000000, 
0.000000, 
0.000000, 
0.000000, 
0.000000, 
0.000000, 
0.000000, 
0.000000, 
0.000000, 
0.000000, 
0.000000, 
0.000000, 
0.000000, 
0.000000, 
0.000000, 
0.000000, 
0.000000, 
0.000000, 
0.000000, 
0.000000, 
0.000000, 
0.000000, 
0.000000, 
0.000000, 
0.000000, 
0.000000, 
0.000000, 
0.000000, 
0.000000, 
0.000000, 
0.000000, 
0.000000, 
0.001250, 
0.000000, 
0.000000, 
0.001250, 
0.000000, 
0.001250, 
0.001250, 
0.003750, 
0.001250, 
0.003750, 
0.003750, 
0.001250, 
0.007500, 
0.005000, 
0.010000, 
0.010000, 
0.011250, 
0.010000, 
0.016250, 
0.018750, 
0.013750, 
0.023750, 
0.027500, 
0.021250, 
0.027500, 
0.030000, 
0.037500, 
0.042500, 
0.053750, 
0.061250, 
0.072500, 
0.070000, 
0.076250, 
0.088750, 
0.098750, 
0.103750, 
0.120000, 
0.130000, 
0.110000, 
0.120000, 
0.145000, 
0.142500, 
0.167500, 
0.190000, 
0.203750, 
0.207500, 
0.211250, 
0.203750, 
0.248750, 
0.250000, 
0.267500, 
0.273750, 
0.282500, 
0.318750, 
0.312500, 
0.296250, 
0.337500, 
0.336250, 
0.345000, 
0.323750, 
0.346250, 
0.405000, 
0.402500, 
0.396250, 
0.401250, 
0.420000, 
0.382500, 
0.417500, 
0.397500, 
0.378750, 
0.418750, 
0.397500, 
0.377500, 
0.387500, 
0.381250, 
0.403750, 
0.407500, 
0.380000, 
0.347500, 
0.357500, 
0.375000, 
0.356250, 
0.303750, 
0.325000, 
0.290000, 
0.285000, 
0.293750, 
0.245000, 
0.265000, 
0.275000, 
0.243750, 
0.242500, 
0.218750, 
0.216250, 
0.190000, 
0.171250, 
0.170000, 
0.148750, 
0.128750, 
0.123750, 
0.137500, 
0.142500, 
0.102500, 
0.106250, 
0.082500, 
0.087500, 
0.066250, 
0.081250, 
0.058750, 
0.055000, 
0.046250, 
0.051250, 
0.041250, 
0.032500, 
0.031250, 
0.031250, 
0.022500, 
0.017500, 
0.017500, 
0.016250, 
0.012500, 
0.011250, 
0.008750, 
0.011250, 
0.008750, 
0.008750, 
0.006250, 
0.006250, 
0.002500, 
0.003750, 
0.001250, 
0.003750, 
0.001250, 
0.002500, 
0.002500, 
0.001250, 
0.000000, 
0.001250, 
0.003750, 
0.000000, 
0.000000, 
0.000000, 
0.000000, 
0.000000, 
0.000000, 
0.001250, 
0.000000, 
0.000000, 
0.000000, 
0.000000, 
0.000000, 
0.000000, 
0.000000, 
0.000000, 
0.000000, 
0.000000, 
0.000000, 
0.000000, 
0.000000, 
0.000000, 
0.000000, 
0.000000, 
0.000000, 
0.000000, 
0.000000, 
0.000000, 
0.000000, 
0.000000, 
0.000000, 
0.000000, 
0.000000, 
0.000000, 
0.000000, 
0.000000, 
0.000000, 
0.000000, 
0.000000, 
0.000000, 
0.000000, 
0.000000, 
0.000000, 
0.000000, 
0.000000, 
0.000000, 
0.000000, 
0.000000, 
0.000000, 
0.000000, 
0.000000, 
0.000000, 
0.000000, 
0.000000, 
0.000000, 
0.000000, 
0.000000, 
0.000000, 
0.000000, 
0.000000, 
0.000000, 
0.000000, 
0.000000, 
0.000000, 
0.000000, 
0.000000, 
0.000000, 
0.000000, 
0.000000, 
0.000000, 
0.000000, 
0.000000, 
0.000000, 
0.000000, 
0.000000, 
0.000000, 
0.000000, 
0.000000, 
0.000000, 
0.000000, 
0.000000, 
0.000000, 
