0.000000, 
0.000000, 
0.000000, 
0.000000, 
0.000000, 
0.000000, 
0.000000, 
0.000000, 
0.000000, 
0.000000, 
0.000000, 
0.000000, 
0.000000, 
0.000000, 
0.000000, 
0.000000, 
0.000000, 
0.000000, 
0.000000, 
0.000000, 
0.000000, 
0.000000, 
0.000000, 
0.000000, 
0.000000, 
0.000000, 
0.000000, 
0.000000, 
0.000000, 
0.000000, 
0.000000, 
0.000000, 
0.000000, 
0.000000, 
0.000000, 
0.000000, 
0.000000, 
0.000000, 
0.000000, 
0.000000, 
0.000000, 
0.000000, 
0.000000, 
0.000000, 
0.000000, 
0.000000, 
0.000000, 
0.000000, 
0.000000, 
0.000000, 
0.000000, 
0.000000, 
0.000000, 
0.000000, 
0.000000, 
0.000000, 
0.000000, 
0.000000, 
0.000000, 
0.000000, 
0.000000, 
0.000000, 
0.000000, 
0.000000, 
0.001250, 
0.000000, 
0.001250, 
0.001250, 
0.000000, 
0.003750, 
0.001250, 
0.001250, 
0.000000, 
0.001250, 
0.005000, 
0.002500, 
0.003750, 
0.006250, 
0.010000, 
0.007500, 
0.012500, 
0.005000, 
0.012500, 
0.015000, 
0.008750, 
0.013750, 
0.015000, 
0.015000, 
0.018750, 
0.022500, 
0.021250, 
0.017500, 
0.033750, 
0.023750, 
0.023750, 
0.037500, 
0.043750, 
0.033750, 
0.035000, 
0.048750, 
0.056250, 
0.041250, 
0.068750, 
0.073750, 
0.067500, 
0.057500, 
0.075000, 
0.082500, 
0.092500, 
0.093750, 
0.096250, 
0.115000, 
0.093750, 
0.122500, 
0.121250, 
0.142500, 
0.130000, 
0.162500, 
0.136250, 
0.172500, 
0.188750, 
0.172500, 
0.183750, 
0.178750, 
0.196250, 
0.206250, 
0.205000, 
0.235000, 
0.225000, 
0.247500, 
0.236250, 
0.241250, 
0.253750, 
0.257500, 
0.272500, 
0.255000, 
0.281250, 
0.273750, 
0.288750, 
0.295000, 
0.271250, 
0.327500, 
0.332500, 
0.305000, 
0.328750, 
0.318750, 
0.311250, 
0.345000, 
0.336250, 
0.330000, 
0.331250, 
0.343750, 
0.322500, 
0.333750, 
0.301250, 
0.315000, 
0.300000, 
0.293750, 
0.301250, 
0.297500, 
0.306250, 
0.250000, 
0.293750, 
0.271250, 
0.285000, 
0.273750, 
0.258750, 
0.240000, 
0.212500, 
0.228750, 
0.233750, 
0.232500, 
0.232500, 
0.180000, 
0.217500, 
0.168750, 
0.196250, 
0.182500, 
0.167500, 
0.172500, 
0.140000, 
0.156250, 
0.151250, 
0.128750, 
0.133750, 
0.101250, 
0.125000, 
0.108750, 
0.101250, 
0.101250, 
0.077500, 
0.080000, 
0.076250, 
0.070000, 
0.061250, 
0.061250, 
0.055000, 
0.053750, 
0.037500, 
0.056250, 
0.043750, 
0.046250, 
0.035000, 
0.030000, 
0.036250, 
0.027500, 
0.015000, 
0.027500, 
0.020000, 
0.015000, 
0.025000, 
0.022500, 
0.006250, 
0.013750, 
0.017500, 
0.008750, 
0.010000, 
0.005000, 
0.008750, 
0.003750, 
0.001250, 
0.008750, 
0.006250, 
0.005000, 
0.002500, 
0.006250, 
0.002500, 
0.003750, 
0.001250, 
0.003750, 
0.001250, 
0.001250, 
0.001250, 
0.002500, 
0.001250, 
0.002500, 
0.001250, 
0.001250, 
0.000000, 
0.001250, 
0.000000, 
0.000000, 
0.000000, 
0.000000, 
0.001250, 
0.000000, 
0.001250, 
0.000000, 
0.000000, 
0.000000, 
0.000000, 
0.000000, 
0.000000, 
0.000000, 
0.000000, 
0.000000, 
0.000000, 
0.000000, 
0.000000, 
0.000000, 
0.000000, 
0.000000, 
0.000000, 
0.000000, 
0.000000, 
0.000000, 
0.000000, 
0.000000, 
0.000000, 
0.000000, 
0.000000, 
0.000000, 
0.000000, 
0.000000, 
0.000000, 
0.000000, 
0.000000, 
0.000000, 
0.000000, 
0.000000, 
0.000000, 
0.000000, 
0.000000, 
0.000000, 
0.000000, 
0.000000, 
0.000000, 
0.000000, 
0.000000, 
0.000000, 
0.000000, 
0.000000, 
0.000000, 
0.000000, 
0.000000, 
0.000000, 
0.000000, 
0.000000, 
0.000000, 
0.000000, 
