0.000000, 
0.000000, 
0.000000, 
0.000000, 
0.000000, 
0.000000, 
0.000000, 
0.000000, 
0.000000, 
0.000000, 
0.000000, 
0.000000, 
0.000000, 
0.000000, 
0.000000, 
0.000000, 
0.000000, 
0.000000, 
0.000000, 
0.000000, 
0.000000, 
0.000000, 
0.000000, 
0.000000, 
0.000000, 
0.000000, 
0.000000, 
0.000000, 
0.000000, 
0.000000, 
0.000000, 
0.000000, 
0.000000, 
0.000000, 
0.000000, 
0.000000, 
0.000000, 
0.000000, 
0.000000, 
0.000000, 
0.000000, 
0.000000, 
0.000000, 
0.000000, 
0.000000, 
0.000000, 
0.000000, 
0.000000, 
0.000000, 
0.000000, 
0.000000, 
0.000000, 
0.000000, 
0.000000, 
0.000000, 
0.000000, 
0.000000, 
0.000000, 
0.000000, 
0.000000, 
0.000000, 
0.000000, 
0.000000, 
0.000000, 
0.000000, 
0.000000, 
0.000000, 
0.000500, 
0.000000, 
0.000000, 
0.000000, 
0.000000, 
0.000000, 
0.000000, 
0.000000, 
0.000500, 
0.000000, 
0.000500, 
0.000500, 
0.000500, 
0.000500, 
0.001000, 
0.001000, 
0.001500, 
0.002000, 
0.000500, 
0.001000, 
0.002000, 
0.001500, 
0.003000, 
0.004000, 
0.004500, 
0.001500, 
0.006500, 
0.007000, 
0.010500, 
0.009000, 
0.011500, 
0.013500, 
0.012000, 
0.017000, 
0.025000, 
0.029000, 
0.030500, 
0.030000, 
0.040000, 
0.044500, 
0.042000, 
0.043500, 
0.062000, 
0.054000, 
0.060500, 
0.078000, 
0.081500, 
0.092500, 
0.095000, 
0.102000, 
0.113500, 
0.132500, 
0.143500, 
0.164500, 
0.156500, 
0.185500, 
0.186000, 
0.180500, 
0.205500, 
0.216500, 
0.229000, 
0.240000, 
0.256000, 
0.280000, 
0.291500, 
0.275000, 
0.293000, 
0.314500, 
0.319000, 
0.327000, 
0.353500, 
0.347500, 
0.344000, 
0.372500, 
0.353500, 
0.386000, 
0.403000, 
0.398500, 
0.375000, 
0.394000, 
0.414000, 
0.393000, 
0.387500, 
0.387000, 
0.393500, 
0.397000, 
0.401000, 
0.415500, 
0.379500, 
0.380000, 
0.389000, 
0.364500, 
0.386500, 
0.343500, 
0.345500, 
0.331500, 
0.329500, 
0.311000, 
0.304000, 
0.289000, 
0.264500, 
0.269000, 
0.248500, 
0.236500, 
0.208500, 
0.205500, 
0.206500, 
0.181500, 
0.172000, 
0.183500, 
0.146500, 
0.156000, 
0.141500, 
0.135000, 
0.108500, 
0.104000, 
0.096000, 
0.101500, 
0.076500, 
0.073000, 
0.068000, 
0.061000, 
0.057000, 
0.056500, 
0.050500, 
0.035500, 
0.029500, 
0.030500, 
0.027500, 
0.029000, 
0.017500, 
0.015500, 
0.018000, 
0.011000, 
0.012000, 
0.011500, 
0.008000, 
0.010000, 
0.006500, 
0.005500, 
0.006000, 
0.004000, 
0.001500, 
0.001500, 
0.002000, 
0.001500, 
0.001500, 
0.000500, 
0.000000, 
0.000500, 
0.000500, 
0.001000, 
0.001500, 
0.000500, 
0.000000, 
0.000000, 
0.000000, 
0.000000, 
0.000000, 
0.000000, 
0.000000, 
0.000000, 
0.000000, 
0.000000, 
0.000000, 
0.000000, 
0.000000, 
0.000000, 
0.000000, 
0.000000, 
0.000000, 
0.000000, 
0.000000, 
0.000000, 
0.000000, 
0.000000, 
0.000000, 
0.000000, 
0.000000, 
0.000000, 
0.000000, 
0.000000, 
0.000000, 
0.000000, 
0.000000, 
0.000000, 
0.000000, 
0.000000, 
0.000000, 
0.000000, 
0.000000, 
0.000000, 
0.000000, 
0.000000, 
0.000000, 
0.000000, 
0.000000, 
0.000000, 
0.000000, 
0.000000, 
0.000000, 
0.000000, 
0.000000, 
0.000000, 
0.000000, 
0.000000, 
0.000000, 
0.000000, 
0.000000, 
0.000000, 
0.000000, 
0.000000, 
0.000000, 
0.000000, 
0.000000, 
0.000000, 
0.000000, 
0.000000, 
0.000000, 
0.000000, 
0.000000, 
0.000000, 
0.000000, 
0.000000, 
0.000000, 
0.000000, 
0.000000, 
0.000000, 
0.000000, 
0.000000, 
0.000000, 
0.000000, 
0.000000, 
