-0.499007, 0.000000, 
0.739274, 0.000000, 
1.551246, 0.000000, 
2.857435, 0.000000, 
3.663003, 0.000000, 
4.518010, 0.000000, 
5.748008, 0.000000, 
7.027185, 0.000000, 
7.816791, 0.000000, 
9.067120, 0.000000, 
10.480380, 0.000000, 
11.389891, 0.000000, 
11.960456, 0.000000, 
13.136946, 0.000000, 
14.400601, 0.000000, 
15.275906, 0.000000, 
15.907234, 0.000000, 
16.580796, 0.000000, 
17.883031, 0.000000, 
18.931140, 0.000000, 
20.168227, 0.000000, 
21.385787, 0.000000, 
21.696600, 0.000000, 
23.085849, 0.000000, 
24.024214, 0.000000, 
24.927160, 0.000000, 
25.505517, 0.000000, 
26.506329, 0.000000, 
28.462977, 0.000000, 
28.689236, 0.000000, 
29.836787, 0.000000, 
30.854343, 0.000000, 
31.559233, 0.000000, 
32.705114, 0.000000, 
34.295046, 0.000000, 
35.317169, 0.000000, 
35.834609, 0.000000, 
37.183796, 0.000000, 
38.403776, 0.000000, 
38.890558, 0.000000, 
40.168924, 0.000000, 
41.180559, 0.000000, 
42.148377, 0.000000, 
43.002022, 0.000000, 
44.209107, 0.000000, 
45.107798, 0.000000, 
46.391755, 0.000000, 
46.563022, 0.000000, 
48.326788, 0.000000, 
49.179908, 0.000000, 
49.790144, 0.000000, 
51.166933, 0.000000, 
52.245685, 0.000000, 
53.102839, 0.000000, 
54.426946, 0.000000, 
55.237006, 0.000000, 
55.738706, 0.000000, 
56.597746, 0.000000, 
57.589707, 0.000000, 
59.137202, 0.000000, 
59.810223, 0.000000, 
61.177626, 0.000000, 
62.418193, 0.000000, 
62.948969, 0.000000, 
64.130955, 0.000000, 
64.939528, 0.000000, 
66.336520, 0.000000, 
66.837288, 0.000000, 
68.482688, 0.000000, 
68.840463, 0.000000, 
70.086794, 0.000000, 
71.126825, 0.000000, 
71.966822, 0.000000, 
72.768845, 0.000000, 
73.572233, 0.000000, 
74.886474, 0.000000, 
75.577396, 0.000000, 
77.077307, 0.000000, 
78.486483, 0.000000, 
79.484747, 0.000000, 
80.415617, 0.000000, 
81.359350, 0.000000, 
81.710815, 0.000000, 
82.580146, 0.000000, 
83.683029, 0.000000, 
85.471633, 0.000000, 
86.432966, 0.000000, 
87.102462, 0.000000, 
88.293643, 0.000000, 
88.991648, 0.000000, 
90.222748, 0.000000, 
90.831684, 0.000000, 
92.039853, 0.000000, 
93.147145, 0.000000, 
94.004318, 0.000000, 
94.507664, 0.000000, 
96.082290, 0.000000, 
97.073657, 0.000000, 
98.394591, 0.000000, 
99.166851, 0.000000, 
99.755940, 0.000000, 
101.350367, 0.000000, 
102.151753, 0.000000, 
103.300069, 0.000000, 
104.160731, 0.000000, 
104.669751, 0.000000, 
106.411903, 0.000000, 
106.871894, 0.000000, 
108.474235, 0.000000, 
108.865230, 0.000000, 
110.187496, 0.000000, 
111.351565, 0.000000, 
111.672457, 0.000000, 
112.832314, 0.000000, 
114.119253, 0.000000, 
114.652462, 0.000000, 
116.430113, 0.000000, 
117.067610, 0.000000, 
118.329871, 0.000000, 
118.933345, 0.000000, 
120.431598, 0.000000, 
121.456385, 0.000000, 
121.766671, 0.000000, 
122.916982, 0.000000, 
124.112099, 0.000000, 
125.201129, 0.000000, 
126.005307, 0.000000, 
126.932704, 0.000000, 
128.411837, 0.000000, 
129.179598, 0.000000, 
130.371566, 0.000000, 
131.485544, 0.000000, 
132.140410, 0.000000, 
133.308568, 0.000000, 
134.350371, 0.000000, 
135.448530, 0.000000, 
136.229720, 0.000000, 
136.917317, 0.000000, 
137.602030, 0.000000, 
139.473677, 0.000000, 
140.096607, 0.000000, 
141.144078, 0.000000, 
142.304127, 0.000000, 
142.818001, 0.000000, 
143.861104, 0.000000, 
145.444324, 0.000000, 
146.075305, 0.000000, 
146.503136, 0.000000, 
147.766005, 0.000000, 
149.206898, 0.000000, 
149.612262, 0.000000, 
150.754117, 0.000000, 
151.646301, 0.000000, 
152.981387, 0.000000, 
154.322416, 0.000000, 
154.863958, 0.000000, 
155.777825, 0.000000, 
157.497699, 0.000000, 
158.408901, 0.000000, 
159.391288, 0.000000, 
159.653630, 0.000000, 
161.010471, 0.000000, 
161.771558, 0.000000, 
163.348839, 0.000000, 
164.493345, 0.000000, 
165.068521, 0.000000, 
166.081362, 0.000000, 
167.252421, 0.000000, 
168.468993, 0.000000, 
169.327789, 0.000000, 
170.375931, 0.000000, 
170.903427, 0.000000, 
171.646733, 0.000000, 
173.467778, 0.000000, 
174.238321, 0.000000, 
175.247315, 0.000000, 
175.620814, 0.000000, 
177.478086, 0.000000, 
177.696501, 0.000000, 
178.857246, 0.000000, 
179.686649, 0.000000, 
180.504523, 0.000000, 
182.045504, 0.000000, 
183.438517, 0.000000, 
184.353093, 0.000000, 
184.840452, 0.000000, 
185.901872, 0.000000, 
187.156849, 0.000000, 
188.056320, 0.000000, 
188.543773, 0.000000, 
190.393278, 0.000000, 
190.569351, 0.000000, 
192.252822, 0.000000, 
193.146248, 0.000000, 
194.033755, 0.000000, 
195.310829, 0.000000, 
196.490932, 0.000000, 
196.789282, 0.000000, 
198.187596, 0.000000, 
199.097648, 0.000000, 
199.674903, 0.000000, 
201.465928, 0.000000, 
201.518886, 0.000000, 
203.147710, 0.000000, 
204.370352, 0.000000, 
204.832489, 0.000000, 
206.404999, 0.000000, 
207.025734, 0.000000, 
208.458124, 0.000000, 
209.049483, 0.000000, 
209.992424, 0.000000, 
211.202662, 0.000000, 
211.897908, 0.000000, 
213.370092, 0.000000, 
214.441216, 0.000000, 
214.814147, 0.000000, 
215.622983, 0.000000, 
216.922887, 0.000000, 
218.364149, 0.000000, 
219.189958, 0.000000, 
220.458318, 0.000000, 
220.889524, 0.000000, 
221.946136, 0.000000, 
222.924724, 0.000000, 
224.151715, 0.000000, 
224.981789, 0.000000, 
225.639776, 0.000000, 
226.898135, 0.000000, 
227.650212, 0.000000, 
229.214062, 0.000000, 
230.226088, 0.000000, 
230.687599, 0.000000, 
231.660711, 0.000000, 
233.199788, 0.000000, 
233.824836, 0.000000, 
235.361618, 0.000000, 
236.160105, 0.000000, 
236.955019, 0.000000, 
237.856962, 0.000000, 
238.943232, 0.000000, 
239.902097, 0.000000, 
240.850261, 0.000000, 
241.632916, 0.000000, 
243.412663, 0.000000, 
243.784694, 0.000000, 
245.209562, 0.000000, 
246.144718, 0.000000, 
246.957327, 0.000000, 
247.742609, 0.000000, 
248.952130, 0.000000, 
250.300228, 0.000000, 
251.014830, 0.000000, 
251.998745, 0.000000, 
253.188445, 0.000000, 
254.456942, 0.000000, 
255.224739, 0.000000, 
256.142973, 0.000000, 
257.284743, 0.000000, 
258.234202, 0.000000, 
259.150382, 0.000000, 
260.334831, 0.000000, 
260.988473, 0.000000, 
262.239640, 0.000000, 
262.816012, 0.000000, 
264.329067, 0.000000, 
264.718539, 0.000000, 
266.101720, 0.000000, 
266.977990, 0.000000, 
267.993395, 0.000000, 
269.312014, 0.000000, 
270.166118, 0.000000, 
270.709508, 0.000000, 
271.506213, 0.000000, 
272.761191, 0.000000, 
273.788573, 0.000000, 
275.363436, 0.000000, 
276.157355, 0.000000, 
277.177265, 0.000000, 
277.735621, 0.000000, 
278.932576, 0.000000, 
279.918644, 0.000000, 
280.799864, 0.000000, 
281.880650, 0.000000, 
282.635813, 0.000000, 
284.260379, 0.000000, 
285.073173, 0.000000, 
285.868320, 0.000000, 
286.546282, 0.000000, 
287.846964, 0.000000, 
288.922068, 0.000000, 
289.775754, 0.000000, 
290.862187, 0.000000, 
291.977168, 0.000000, 
292.862392, 0.000000, 
293.963939, 0.000000, 
294.543870, 0.000000, 
295.776077, 0.000000, 
296.877731, 0.000000, 
298.412968, 0.000000, 
298.607867, 0.000000, 
