-0.072479, 0.000000, 
0.983460, 0.000000, 
2.030264, 0.000000, 
3.023509, 0.000000, 
3.901806, 0.000000, 
5.040710, 0.000000, 
6.000007, 0.000000, 
7.044190, 0.000000, 
8.058892, 0.000000, 
9.000517, 0.000000, 
9.912923, 0.000000, 
11.066026, 0.000000, 
11.942160, 0.000000, 
12.915529, 0.000000, 
13.942948, 0.000000, 
15.066164, 0.000000, 
16.065347, 0.000000, 
16.995169, 0.000000, 
18.006099, 0.000000, 
19.079898, 0.000000, 
19.989024, 0.000000, 
21.053605, 0.000000, 
22.094192, 0.000000, 
23.025233, 0.000000, 
24.089875, 0.000000, 
25.016639, 0.000000, 
25.911984, 0.000000, 
27.043733, 0.000000, 
27.948517, 0.000000, 
28.964312, 0.000000, 
30.026940, 0.000000, 
30.983423, 0.000000, 
32.049517, 0.000000, 
32.931540, 0.000000, 
33.909911, 0.000000, 
35.083067, 0.000000, 
36.006929, 0.000000, 
36.914643, 0.000000, 
38.071234, 0.000000, 
38.994810, 0.000000, 
