-0.485477, 0.861081, 2.228051, 2.596512, 4.056017, 5.350182, 6.453046, 7.285879, 7.730496, 9.412047, 10.248262, 10.689871, 12.317128, 13.277610, 13.779575, 15.124288, 16.339558, 16.984139, 18.264399, 18.785948, 20.462446, 20.568151, 22.478283, 23.332316, 23.857626, 24.971651, 25.682069, 26.844470, 28.337044, 29.497343, 30.238058, 31.215869, 32.083253, 32.989637, 33.974794, 35.127600, 35.733100, 36.561559, 37.892581, 38.986175, 
0.363440, 0.640011, 1.749380, 2.821060, 4.108180, 5.230558, 6.118689, 7.066282, 8.261217, 8.505928, 10.280127, 10.804363, 12.002175, 12.628597, 13.954060, 15.111187, 15.715913, 17.345049, 17.639596, 19.107950, 19.626014, 21.149310, 21.797063, 22.742630, 24.018042, 25.357477, 25.770469, 26.960157, 27.847239, 29.408771, 30.219709, 31.212144, 31.897363, 32.904469, 34.480844, 35.129792, 35.924876, 37.369498, 37.786179, 39.092719, 
0.101910, 1.293193, 2.473680, 3.069698, 3.751016, 5.147407, 5.692947, 6.792159, 8.173115, 9.136717, 10.231802, 11.444409, 11.842030, 12.999583, 13.517704, 15.135772, 16.240624, 16.710260, 17.505785, 18.846437, 20.416163, 21.245534, 21.792151, 22.610573, 23.693741, 24.514208, 26.482545, 27.445010, 27.686470, 28.622748, 29.647135, 31.158901, 32.323393, 33.164697, 33.840906, 34.544561, 36.230527, 37.115068, 38.386019, 39.003254, 
0.212529, 0.931386, 1.804279, 2.973813, 3.514923, 4.596282, 5.616237, 7.199778, 8.357139, 9.078094, 9.771916, 10.545478, 12.279509, 13.364782, 14.407903, 14.517704, 15.843745, 16.716727, 17.672227, 19.004302, 19.902023, 20.881521, 21.804598, 23.055819, 23.969472, 24.626499, 25.661802, 26.529857, 27.533399, 28.557236, 29.969115, 31.160263, 31.813042, 33.226559, 33.630080, 34.777821, 35.939216, 37.243524, 37.880415, 39.097664, 
-0.467882, 1.014792, 2.257920, 2.653392, 3.668031, 4.819234, 6.036839, 6.707025, 7.609055, 9.483209, 9.507675, 10.795215, 11.811009, 12.519735, 14.268999, 15.037909, 16.229564, 17.092315, 18.414725, 18.969699, 20.140656, 20.530659, 21.879324, 23.014140, 24.074327, 25.357284, 25.801894, 27.409377, 27.817138, 29.343842, 30.063239, 31.076617, 32.009002, 33.149286, 33.764014, 34.757844, 36.432789, 36.514744, 38.057971, 38.853425, 
0.059289, 0.577008, 2.204703, 3.129037, 4.186273, 4.646157, 5.968904, 7.437669, 7.533084, 8.907140, 10.103176, 11.288031, 12.157658, 12.840155, 14.014356, 15.102282, 15.521919, 16.642482, 17.846549, 18.664946, 19.606931, 20.668046, 21.670728, 23.201093, 24.076664, 24.607718, 26.054991, 26.571301, 27.635958, 29.338812, 29.831175, 30.700657, 31.513029, 33.032992, 33.648429, 35.269350, 35.884305, 37.335617, 38.089344, 39.295718, 
-0.044293, 1.248694, 2.219761, 2.772157, 4.415365, 5.108051, 5.676008, 7.161625, 7.779972, 8.945125, 10.422513, 10.788603, 12.172572, 13.367296, 13.625724, 14.991106, 15.770414, 17.486427, 18.406496, 19.486082, 20.284751, 21.493524, 21.711643, 23.214963, 24.172372, 24.766997, 25.846266, 27.343474, 28.381781, 28.842543, 30.227526, 30.828969, 31.908569, 32.674067, 33.520376, 35.229454, 36.248998, 36.648705, 38.446211, 38.511821, 
-0.231258, 1.483912, 2.394952, 3.477645, 3.614571, 5.188905, 6.118896, 7.465767, 7.982453, 8.843527, 10.345242, 11.253538, 11.538189, 13.095437, 14.311825, 15.465961, 15.820510, 16.904105, 18.396082, 19.176136, 20.190769, 21.436035, 22.193606, 22.817087, 23.503062, 24.997657, 25.782640, 26.646449, 28.467963, 28.697084, 30.231758, 30.531996, 31.697781, 32.783307, 34.295911, 35.264290, 36.292672, 36.521041, 37.899272, 39.122160, 
-0.300398, 0.551249, 1.955068, 3.207908, 3.610816, 5.085789, 5.794887, 6.575093, 7.511535, 9.123858, 9.669965, 11.447058, 11.735245, 13.055739, 14.230597, 15.252429, 16.455418, 17.295508, 17.702347, 19.187157, 19.991393, 21.143458, 22.060234, 22.967700, 23.854826, 24.804023, 25.777114, 26.885725, 27.867310, 28.731666, 30.010287, 30.863251, 32.465906, 32.543873, 34.336476, 35.317744, 36.446856, 37.437429, 38.284174, 39.476456, 
0.266536, 1.397846, 1.948208, 2.829878, 4.391710, 4.949859, 6.277986, 7.458650, 7.683899, 9.246879, 9.864668, 11.389754, 12.293624, 12.636385, 13.662890, 15.221067, 15.933064, 16.542615, 17.583837, 19.030641, 20.459505, 20.773753, 21.843948, 22.547162, 24.379927, 25.395223, 26.101977, 26.756112, 28.394763, 29.366134, 30.069292, 31.368931, 32.386456, 33.330278, 34.228433, 35.114304, 36.310260, 37.359424, 37.833127, 38.869623, 
-0.315671, 0.740471, 2.479290, 2.514028, 4.064808, 4.833896, 5.791254, 6.705270, 8.242006, 8.912481, 10.269335, 10.989960, 12.014730, 13.045002, 14.464725, 14.543173, 16.310231, 17.427083, 18.195865, 18.763164, 20.373490, 21.146029, 22.055786, 23.383045, 23.917756, 25.055024, 26.298792, 26.810230, 27.644586, 28.827897, 30.393186, 31.143858, 31.897637, 33.323883, 33.540898, 35.386758, 36.070957, 37.120730, 37.664597, 38.939234, 
0.359463, 1.396681, 1.590071, 3.354467, 4.147214, 4.562217, 5.825195, 7.004547, 8.059479, 9.175030, 9.744202, 10.796547, 12.327381, 13.062337, 13.800024, 14.672167, 16.240996, 17.230345, 17.943161, 18.865557, 20.492550, 21.399802, 22.285395, 23.190357, 24.412371, 25.356802, 25.628986, 27.017202, 28.025520, 29.197516, 30.045147, 31.237977, 32.399159, 33.349954, 33.970526, 35.343006, 35.540233, 36.801284, 38.127585, 39.071453, 
0.482738, 1.495966, 2.146737, 2.739506, 4.367465, 5.080023, 5.986960, 6.585628, 7.954554, 9.197458, 9.995166, 11.084980, 11.788877, 12.621640, 14.460199, 15.370673, 15.675956, 16.958944, 18.276634, 19.201346, 20.171739, 21.032910, 21.632643, 22.769803, 24.349622, 25.166943, 25.577580, 27.472081, 27.617971, 28.849618, 30.184589, 30.823876, 32.210421, 33.083075, 34.477702, 34.586718, 35.982673, 36.916453, 37.796642, 38.736465, 
0.432357, 1.127880, 2.088773, 3.369819, 4.479998, 5.226108, 6.317098, 7.324756, 7.955649, 8.509847, 9.648183, 10.968155, 12.103977, 12.513962, 14.226855, 14.969772, 16.006503, 17.262825, 17.641529, 18.522852, 20.051898, 20.716037, 21.935003, 23.453417, 24.451286, 25.301666, 26.438351, 27.050494, 27.776786, 29.369666, 29.821187, 30.859755, 32.442238, 33.101142, 33.530440, 34.940239, 36.456722, 36.833410, 37.792941, 39.106411, 
0.449406, 0.844284, 1.680475, 2.638799, 4.254624, 5.079729, 6.201714, 7.117556, 7.651167, 8.635391, 10.384041, 10.671301, 11.731536, 13.184801, 14.332945, 14.581032, 15.972950, 17.239590, 18.138079, 18.807824, 20.074860, 20.776372, 22.236530, 22.699172, 23.699724, 24.688959, 25.976276, 26.613828, 27.732143, 28.909449, 30.423899, 31.179490, 31.964039, 32.603072, 34.253075, 34.988848, 35.560738, 36.978470, 37.696892, 39.001523, 
-0.269549, 0.972232, 1.973462, 2.906509, 4.499675, 5.183108, 5.711456, 7.007938, 8.212319, 8.821854, 10.222475, 11.138748, 11.876600, 12.972838, 13.990783, 14.903848, 16.215860, 17.328836, 18.479129, 19.482544, 19.557045, 20.628807, 22.197387, 22.841306, 24.360851, 24.763222, 25.645601, 27.036231, 27.576263, 28.540235, 30.452649, 31.432112, 31.956579, 33.288990, 34.163800, 34.792554, 35.734163, 37.258582, 37.804993, 39.002492, 
0.196638, 1.176703, 2.447467, 2.712645, 3.840800, 4.616969, 6.153215, 6.697979, 7.514057, 8.947074, 9.742975, 10.766024, 12.299140, 13.298582, 13.734989, 15.137222, 15.619022, 17.295076, 18.125614, 18.916394, 20.120423, 20.634364, 21.688835, 22.528679, 24.030515, 25.247193, 26.305765, 27.023774, 28.294173, 29.098842, 30.329312, 30.655157, 32.423003, 33.166789, 33.611558, 34.564913, 35.847136, 37.499751, 38.181592, 39.063954, 
-0.303277, 1.249266, 2.164835, 3.194688, 4.189068, 4.638943, 6.479383, 6.854508, 8.234881, 8.818687, 9.644345, 11.445792, 12.451011, 13.123489, 14.173023, 15.471970, 15.975025, 16.614824, 18.336062, 19.038238, 19.562399, 20.644430, 22.424770, 22.964658, 23.861411, 25.246474, 25.909097, 27.429170, 28.290693, 29.378889, 29.970616, 31.440106, 31.912616, 33.423927, 33.504054, 35.327228, 36.443078, 37.059359, 37.925330, 38.526323, 
0.052287, 0.713251, 1.848913, 3.149625, 3.741193, 4.898433, 6.315597, 6.531424, 7.850295, 9.160015, 10.182876, 10.699438, 11.677216, 13.203401, 13.854870, 14.970204, 15.584551, 17.171400, 18.387957, 19.024128, 20.132745, 20.996523, 22.221800, 22.640670, 23.792803, 24.635288, 26.231777, 27.072490, 27.517613, 28.643081, 29.992870, 30.659181, 31.982297, 32.791087, 34.123820, 34.905394, 35.812893, 37.039880, 37.733347, 38.984734, 
0.125089, 1.343982, 1.825788, 2.847447, 4.316505, 5.268310, 5.916443, 7.270954, 8.025055, 8.765427, 10.258366, 10.548956, 12.421249, 12.990925, 13.980207, 14.589397, 15.625674, 17.371186, 17.549890, 18.659324, 19.852378, 20.699659, 22.164170, 23.332370, 23.738717, 25.409575, 25.764110, 26.798472, 27.870592, 29.356962, 29.514099, 30.762523, 31.597641, 32.685258, 33.522178, 34.652032, 35.941136, 36.621746, 37.627736, 39.477733, 
-0.200320, 1.270970, 2.338669, 3.442299, 4.489392, 5.386243, 5.674214, 6.585723, 8.227836, 9.474961, 9.751243, 10.907439, 12.398121, 12.958277, 13.999618, 14.818102, 15.745687, 17.255174, 17.805207, 18.741674, 20.181391, 20.756975, 22.226459, 22.859583, 24.420940, 24.603383, 25.587978, 26.995770, 28.419968, 28.811029, 30.089258, 30.612023, 32.022040, 33.498008, 34.254616, 35.382701, 36.482269, 37.078257, 37.884556, 38.816249, 
-0.239195, 1.321436, 1.601366, 3.211288, 3.839124, 5.360551, 6.241486, 7.323727, 8.429799, 9.482127, 9.826544, 10.971050, 12.194223, 13.362147, 13.723444, 15.021967, 15.812087, 17.485512, 17.935683, 19.223257, 20.473475, 21.046027, 21.592308, 22.674233, 23.520380, 24.921063, 26.307367, 27.173687, 28.443001, 28.963934, 30.156082, 31.236246, 31.837767, 33.475559, 33.905412, 34.982880, 35.594097, 36.662668, 38.129613, 39.188135, 
0.262704, 1.420812, 2.082499, 3.195697, 3.972024, 4.676804, 5.662926, 6.608507, 8.366890, 9.498098, 10.021498, 10.988977, 12.246452, 12.808225, 14.042158, 15.113100, 15.538239, 17.456952, 17.827569, 19.085457, 20.074331, 21.101645, 21.609735, 23.249102, 23.616429, 24.913202, 25.988420, 27.015130, 28.488197, 29.201847, 29.824475, 30.795741, 32.000473, 33.171624, 33.598782, 34.647107, 36.064404, 37.269946, 37.919772, 38.788331, 
0.042714, 1.381968, 1.717987, 3.037995, 3.608056, 4.521936, 6.491389, 7.480844, 7.715808, 8.992972, 10.400716, 11.434483, 12.150771, 13.265493, 14.392304, 14.786828, 15.728442, 17.254334, 17.548386, 18.633827, 20.179984, 20.503177, 22.184594, 23.294046, 23.659739, 25.209695, 26.070512, 27.053826, 27.903344, 29.216940, 30.163493, 31.018787, 32.041075, 33.377211, 34.198635, 35.138132, 35.850402, 36.673646, 38.201116, 38.863815, 
-0.440651, 1.055544, 1.733282, 3.060453, 4.266703, 4.956866, 5.823520, 6.898469, 7.696461, 8.776190, 10.428487, 10.636767, 11.593974, 13.279060, 14.399255, 15.249496, 16.069967, 16.770158, 17.544834, 18.951131, 20.418037, 21.377087, 22.224350, 23.425256, 24.026268, 25.185070, 26.407424, 27.257889, 27.864656, 29.280592, 30.298411, 31.003110, 31.760569, 32.679746, 33.553596, 35.404270, 35.937254, 36.949656, 38.076397, 39.102847, 
0.295485, 0.793908, 1.758836, 2.803875, 3.821171, 4.554057, 6.465070, 6.838935, 8.332114, 8.733849, 10.102243, 11.377656, 12.150851, 12.808591, 13.531072, 15.024321, 15.749295, 16.829552, 17.726071, 19.101678, 20.090704, 21.204568, 22.025859, 22.911005, 24.056876, 24.695276, 26.460944, 26.925714, 27.812798, 29.173313, 30.070534, 31.308314, 32.497180, 33.200554, 34.410205, 34.716291, 36.344534, 36.863806, 38.097967, 38.926356, 
0.039221, 0.568013, 1.508163, 3.331543, 4.134245, 5.081236, 6.468561, 6.948840, 8.106438, 9.388640, 10.368213, 11.101221, 12.041187, 13.152036, 14.307107, 15.273517, 16.142294, 17.114787, 17.659214, 19.419723, 20.461765, 21.346714, 22.045970, 22.730234, 23.802500, 25.342310, 26.139023, 26.586079, 27.536487, 29.330629, 29.906075, 30.742280, 32.075463, 32.581328, 33.852506, 34.848787, 36.271523, 36.698412, 37.995231, 39.057397, 
0.334540, 0.617971, 2.450126, 3.141447, 4.201204, 5.458597, 5.734941, 6.661064, 7.758149, 9.066093, 10.379128, 10.887901, 11.975541, 13.172474, 14.267941, 14.886215, 16.104410, 16.832290, 17.792839, 18.633136, 20.215300, 21.045341, 22.173621, 23.258976, 24.061462, 24.859166, 26.183505, 27.256073, 28.093572, 29.200318, 29.820597, 31.162670, 32.056495, 33.425412, 33.554651, 34.552552, 36.167299, 37.082655, 37.945541, 38.821389, 
-0.458153, 0.697142, 2.196057, 3.244558, 3.674727, 4.532831, 6.373021, 7.009154, 7.959685, 8.698391, 10.335366, 11.359515, 11.584893, 13.077479, 14.468206, 15.483986, 15.513987, 17.109008, 17.514688, 19.400927, 20.427343, 20.748648, 22.387711, 22.835013, 24.040419, 25.181645, 25.925224, 27.096456, 28.395684, 29.329570, 30.115568, 31.053894, 32.037338, 33.136894, 33.760860, 34.996873, 36.083982, 37.400466, 38.295331, 39.422464, 
0.079541, 1.069157, 2.367287, 2.823862, 4.028039, 4.897392, 6.453840, 6.602528, 8.063048, 8.516141, 10.329223, 11.222508, 12.114768, 13.035646, 13.562248, 15.003501, 15.969458, 16.846864, 18.304542, 19.243208, 20.252681, 21.074527, 21.701808, 23.152197, 23.600318, 24.889839, 25.817739, 27.018211, 27.570516, 29.098764, 30.380859, 31.285176, 32.413450, 33.143970, 33.970420, 34.762822, 36.011913, 37.487887, 37.543971, 39.495828, 
0.272311, 1.266687, 1.988009, 2.547183, 4.304150, 5.477287, 5.794994, 6.984582, 8.414310, 8.966346, 9.635022, 11.405917, 11.871738, 12.773820, 14.361558, 15.365184, 16.230190, 17.475467, 17.820083, 18.732305, 19.702370, 21.158224, 21.889191, 22.569691, 24.469321, 24.806927, 26.071991, 27.398231, 27.690205, 29.205792, 29.846646, 30.833507, 32.004978, 33.170747, 33.656563, 34.774968, 35.771884, 36.769250, 37.887698, 38.518847, 
-0.372797, 0.720466, 1.965987, 3.319704, 3.869859, 5.475339, 6.234587, 6.977413, 7.768688, 8.997051, 10.448923, 10.516443, 12.443664, 13.165701, 13.710056, 15.168350, 15.830686, 17.385791, 17.671675, 18.585922, 19.538716, 21.133315, 22.395689, 23.093082, 23.726596, 25.094005, 26.123814, 27.257863, 28.057638, 29.200782, 29.817589, 31.194057, 31.621196, 33.119104, 34.250899, 35.240557, 35.537383, 37.215466, 37.916811, 39.268163, 
0.415315, 1.122952, 2.359615, 3.054110, 3.700114, 5.205660, 6.321035, 6.908304, 7.978748, 8.682659, 10.180992, 10.795676, 12.314799, 13.003679, 14.028526, 14.932671, 16.148428, 16.538245, 17.882331, 18.972786, 20.298290, 20.875344, 22.077864, 23.346004, 23.774182, 25.166086, 25.789584, 27.373250, 28.465343, 29.273487, 29.663421, 31.416619, 31.501352, 33.182480, 34.301883, 35.482180, 36.360203, 36.987148, 38.456503, 39.341931, 
-0.145949, 0.704181, 1.941681, 2.728098, 4.425976, 5.463202, 6.406349, 6.766829, 8.197550, 9.495795, 9.905271, 10.524843, 12.469961, 13.352016, 14.094866, 14.824924, 15.642612, 17.281818, 18.235292, 19.145548, 20.490030, 20.755286, 22.028965, 23.175396, 23.849477, 24.936866, 25.569471, 26.646909, 28.233436, 28.543921, 30.029502, 31.364574, 32.084200, 32.644064, 34.499443, 34.660232, 35.650577, 36.597473, 37.638366, 39.269169, 
0.273831, 1.473964, 2.209261, 3.119972, 3.986502, 4.555240, 5.832376, 6.963023, 7.958993, 8.932115, 10.388456, 11.068351, 11.747682, 13.153930, 13.993000, 15.031822, 16.083165, 17.090989, 17.859003, 18.656904, 19.926231, 20.560295, 21.533925, 22.589807, 23.756066, 24.853413, 26.378659, 26.998886, 27.608891, 28.975692, 30.362521, 31.314117, 32.374189, 33.470878, 33.659404, 35.049359, 36.054415, 37.457359, 38.371186, 38.752936, 
-0.479229, 1.011318, 2.470257, 3.256632, 4.440987, 4.740282, 6.442269, 7.051365, 8.078742, 8.803764, 10.163733, 11.430500, 12.270433, 13.453424, 14.090278, 14.847559, 15.945005, 17.360005, 17.850999, 18.828462, 19.659046, 21.139486, 22.240900, 22.697298, 23.577401, 24.594276, 26.005871, 26.912445, 27.817305, 29.066355, 29.865380, 30.875202, 32.004114, 33.375259, 33.512190, 34.572523, 36.351242, 36.762370, 38.149791, 38.571126, 
0.176823, 1.161895, 1.845934, 3.285454, 3.697844, 4.909228, 6.406333, 6.880353, 7.830702, 8.988132, 10.341498, 11.308300, 11.554097, 12.662129, 13.825702, 15.116953, 16.041966, 17.381884, 18.487249, 18.627126, 20.188026, 21.166710, 22.382292, 22.901685, 24.315049, 24.937801, 26.311182, 26.666969, 27.897450, 29.111598, 30.029597, 30.939783, 32.478439, 33.078214, 33.793556, 35.219583, 35.620138, 36.571909, 37.741704, 39.416373, 
-0.258730, 0.780266, 1.557001, 3.243750, 4.438025, 4.759978, 6.362977, 6.534976, 8.434756, 8.740233, 9.568603, 11.040485, 11.898310, 12.636662, 13.746223, 15.326943, 16.182182, 16.792053, 17.519111, 18.781102, 19.880261, 21.497512, 22.008106, 22.961900, 24.126886, 25.190263, 26.060007, 26.700757, 28.332932, 28.862732, 30.320187, 31.032267, 31.637851, 32.738608, 33.872153, 34.901092, 36.295501, 37.375827, 37.733326, 38.882547, 
0.186825, 0.662415, 2.013447, 2.812287, 4.205805, 5.102848, 5.846484, 7.066983, 7.518221, 8.834487, 9.638032, 11.257233, 11.813453, 13.003656, 13.502411, 14.637439, 16.054417, 17.011805, 18.131796, 18.773158, 20.047779, 20.741706, 22.439516, 22.974248, 24.497792, 24.717744, 25.635378, 27.479217, 27.993584, 29.115667, 29.788093, 30.553812, 32.459246, 32.859115, 33.527310, 35.067975, 35.969057, 36.774778, 38.469858, 38.539915, 
-0.425002, 0.691767, 1.531114, 3.294622, 3.799365, 4.721048, 5.801927, 6.549514, 8.412671, 9.026870, 9.733604, 11.211755, 11.871120, 13.467366, 13.660279, 15.268400, 15.560699, 17.213900, 18.062726, 19.306157, 20.168764, 21.099669, 22.167754, 23.461009, 23.507870, 25.374934, 25.785305, 26.511175, 27.948912, 29.471281, 30.237822, 30.936772, 31.601393, 33.144253, 33.986042, 34.830635, 36.249038, 37.168760, 37.627537, 38.698133, 
0.159552, 1.314463, 2.010783, 2.852693, 3.692572, 5.283176, 5.602225, 7.052749, 7.688414, 9.055825, 10.330885, 10.791595, 12.044395, 12.566015, 13.677230, 14.545976, 16.436436, 17.177379, 17.935713, 18.822102, 19.686517, 21.463416, 22.348554, 22.872532, 24.256593, 24.896563, 25.950188, 26.985876, 27.826640, 28.898328, 30.051878, 30.754268, 31.993219, 33.019668, 33.730954, 34.588137, 35.877560, 36.761510, 38.120401, 38.567738, 
0.296304, 0.531237, 1.506176, 2.520701, 3.881180, 4.972407, 6.421363, 6.695965, 7.666152, 9.177290, 10.274311, 10.841936, 11.835750, 12.652579, 13.635556, 14.999714, 16.463854, 17.309107, 17.896857, 18.825084, 19.680650, 21.105808, 22.101602, 23.014454, 24.111340, 24.652237, 26.473702, 27.490310, 27.547305, 28.611931, 29.614384, 31.308198, 31.757180, 33.184848, 34.400359, 35.188415, 36.018915, 36.917238, 38.272523, 38.862753, 
-0.058197, 0.524352, 1.577595, 2.779095, 4.232951, 4.987283, 6.375096, 6.739713, 8.406364, 9.001316, 9.750215, 10.754706, 12.038807, 13.101938, 13.853087, 14.697859, 16.006620, 17.279737, 17.782712, 18.860997, 19.514100, 20.722369, 22.335130, 22.909679, 23.731823, 25.329047, 26.489157, 26.990474, 28.208427, 29.027493, 30.043470, 30.808144, 32.094930, 32.889600, 33.539867, 34.682833, 35.736313, 37.358711, 37.633777, 38.876460, 
0.315883, 0.819365, 1.747659, 3.019369, 4.168373, 4.875596, 5.983716, 6.852121, 8.044163, 9.426133, 10.004762, 11.024782, 11.997356, 12.630006, 14.461046, 15.052249, 16.419363, 16.809560, 18.364159, 18.549544, 19.840108, 20.613379, 22.452181, 22.638678, 23.623201, 25.365584, 26.207342, 26.659368, 28.329693, 29.088515, 30.256126, 31.269945, 31.947418, 33.055213, 33.569804, 34.623238, 36.136040, 36.902412, 38.220191, 38.588098, 
-0.218565, 0.563895, 1.620897, 2.532801, 4.312079, 5.156327, 6.396979, 6.789390, 8.245774, 9.283659, 10.219462, 10.537833, 12.448629, 13.117513, 13.767782, 15.014335, 16.292122, 17.020993, 17.627464, 18.515199, 20.386249, 20.687571, 21.819336, 23.427041, 23.569616, 24.954741, 26.045858, 27.175577, 28.410931, 29.161967, 29.630669, 31.000278, 31.816711, 33.382980, 33.748915, 35.169471, 35.859818, 37.382259, 37.696267, 39.101582, 
0.135575, 0.548112, 2.046973, 3.279665, 3.889843, 5.371606, 6.014830, 6.659251, 8.339157, 9.322068, 9.575353, 10.708993, 12.499710, 13.058977, 14.414138, 15.333972, 16.332244, 16.650324, 18.369896, 18.829838, 20.041034, 20.756268, 21.687125, 22.744472, 24.220419, 25.446364, 25.728957, 27.460583, 28.272172, 29.319598, 30.085360, 30.502356, 31.619854, 32.574056, 34.220768, 35.355968, 36.068479, 36.627814, 37.835510, 38.999562, 
-0.499586, 1.461772, 1.741147, 3.393358, 4.295696, 4.758431, 5.961676, 7.313569, 7.717292, 9.079798, 9.847949, 11.023977, 11.673747, 13.270239, 13.806484, 15.350579, 15.911335, 16.548588, 18.005464, 18.778843, 20.295462, 20.555183, 21.945911, 22.609689, 23.794773, 24.580032, 26.067661, 26.885224, 27.536923, 28.780903, 29.964235, 30.840710, 31.848125, 32.526637, 33.978642, 35.138750, 35.620246, 36.779691, 37.602606, 38.992372, 
0.481146, 1.291032, 1.938138, 3.265863, 3.727759, 4.601054, 6.145961, 7.021966, 7.792288, 9.299835, 9.655602, 11.282916, 12.462089, 12.849462, 13.604146, 14.835078, 15.647635, 17.480704, 18.319129, 19.446166, 19.885459, 20.866096, 21.990945, 22.941307, 24.275858, 25.263660, 25.752491, 27.013750, 28.203617, 29.401642, 30.310365, 31.227643, 32.226243, 33.162540, 34.150567, 35.133087, 35.822204, 37.285695, 37.685094, 38.849853, 
-0.241990, 1.109775, 2.138963, 2.998797, 3.660100, 4.513220, 5.611929, 7.003240, 7.884681, 8.795840, 9.569863, 11.123456, 12.315683, 13.062818, 14.485752, 14.814799, 16.389314, 16.628977, 18.430894, 18.610600, 19.857398, 21.480526, 21.911337, 23.173555, 24.062422, 25.290529, 26.171292, 27.176230, 28.249790, 28.930371, 29.576169, 31.477892, 31.554534, 32.786799, 34.286514, 34.779062, 36.483700, 36.607033, 37.834088, 39.157314, 
0.276760, 1.424895, 1.743210, 3.084651, 3.533854, 4.555919, 5.546811, 7.087285, 7.921625, 8.613336, 9.686160, 11.129704, 11.755962, 12.935787, 13.512683, 15.370045, 15.764711, 17.294879, 18.435108, 19.019074, 20.281593, 20.694849, 22.393287, 23.347468, 24.116776, 25.112815, 26.149455, 26.975068, 28.193005, 29.182270, 29.621473, 31.103533, 31.919723, 32.953549, 33.828598, 35.253373, 36.450564, 36.815926, 38.381035, 39.002720, 
0.306780, 1.410740, 1.675333, 2.651017, 3.827713, 5.216619, 5.708972, 6.532656, 7.693112, 8.762487, 9.959042, 10.991034, 11.532143, 13.214010, 14.190824, 15.151693, 15.557231, 16.930051, 17.807236, 18.752229, 19.569680, 21.117628, 22.252008, 22.600886, 23.845279, 25.232936, 25.783096, 27.237770, 28.048480, 29.464754, 30.321296, 31.103845, 32.079963, 32.548656, 33.874475, 34.804959, 36.307931, 37.272062, 37.852698, 38.518690, 
0.172462, 0.718418, 1.584361, 2.844982, 3.677022, 4.750946, 5.585494, 6.843483, 8.095319, 9.153135, 9.858260, 10.555466, 11.965479, 12.590937, 13.658272, 15.237450, 16.279569, 16.611924, 18.052512, 19.120545, 19.835349, 20.562010, 22.253008, 22.891798, 23.863679, 25.474279, 25.929254, 26.772602, 27.986572, 29.283233, 30.138628, 30.708635, 32.281956, 33.449325, 33.962337, 35.074908, 36.346127, 37.237541, 37.530309, 39.063964, 
0.054763, 0.787501, 1.958839, 2.550170, 4.401914, 5.089651, 6.086653, 6.829651, 8.493892, 9.437270, 10.243483, 10.504010, 11.911826, 12.522712, 13.978215, 15.363789, 15.821219, 16.917465, 18.382617, 19.265376, 20.173662, 20.730940, 22.407739, 22.585011, 24.408870, 25.467419, 25.607230, 27.088248, 28.279927, 28.520482, 30.228214, 31.005148, 31.636952, 33.011222, 33.617514, 35.227260, 36.314913, 36.544558, 37.532318, 38.994807, 
0.248018, 1.436880, 1.736012, 3.496767, 4.461627, 4.907251, 5.961029, 6.688481, 8.459394, 9.440603, 9.679928, 10.913388, 12.333163, 13.164102, 14.153518, 14.896163, 15.750214, 16.936615, 17.895002, 19.088346, 20.433995, 21.029765, 22.384806, 23.391112, 23.617014, 25.258797, 25.674738, 26.664378, 28.083869, 29.241287, 30.414970, 31.090211, 32.211269, 33.377088, 34.409604, 34.558063, 35.991494, 37.461109, 37.987677, 38.718562, 
-0.014065, 1.465960, 1.523198, 2.956128, 4.140147, 5.020054, 5.618675, 7.344003, 7.885769, 9.098127, 9.774547, 10.921967, 12.487778, 12.840425, 14.430358, 15.267226, 15.651859, 17.035819, 17.979760, 18.886288, 19.703981, 20.905638, 21.810757, 22.574330, 24.137194, 24.639905, 26.460577, 27.434147, 27.753121, 29.495272, 30.027700, 31.201026, 31.606498, 33.242254, 33.585500, 34.953090, 35.617527, 37.421481, 38.240903, 39.447544, 
-0.050579, 0.528371, 1.813713, 3.226174, 3.615186, 4.808364, 5.930565, 7.459708, 7.970727, 9.030993, 9.526093, 11.469543, 11.512088, 12.897563, 14.281968, 15.267776, 16.071465, 16.545608, 17.739147, 18.543897, 20.216600, 21.223860, 21.737920, 22.898998, 23.852393, 25.100293, 25.792121, 26.788260, 28.232849, 28.595097, 29.619371, 30.722806, 31.512506, 33.374296, 34.276536, 35.201540, 36.251770, 36.762035, 38.305896, 39.433359, 
-0.480757, 1.098429, 1.574532, 2.879963, 4.014036, 4.546940, 6.324101, 7.235379, 8.000006, 8.938544, 9.959752, 11.325451, 11.565767, 13.465640, 14.246685, 15.158422, 15.584357, 17.381434, 18.162428, 19.433755, 20.325334, 20.503395, 21.765032, 23.198990, 23.565396, 24.837466, 25.780408, 27.191038, 28.290345, 29.153558, 29.753750, 30.760526, 32.302649, 33.239604, 33.723899, 34.950084, 36.347769, 37.488932, 37.632632, 39.440517, 
0.245361, 0.782046, 2.470632, 2.550708, 3.846220, 5.371040, 6.170846, 7.422399, 8.217425, 9.253441, 9.737483, 10.814549, 12.272591, 13.361970, 14.198355, 15.255772, 15.912578, 16.747045, 18.076290, 18.652490, 20.116556, 20.995722, 21.903611, 22.941979, 23.652558, 24.703440, 26.090779, 26.518087, 28.127545, 28.620625, 30.176082, 31.340000, 32.286283, 33.395311, 33.740881, 34.656480, 36.066324, 37.194654, 37.982334, 38.787665, 
-0.079959, 0.558252, 1.753611, 2.564262, 4.032736, 4.831446, 6.370450, 7.213995, 7.948400, 9.026492, 9.613432, 11.471683, 12.393674, 12.937253, 14.415009, 14.501464, 16.362706, 17.387233, 17.821764, 19.025802, 20.073992, 20.922067, 22.299120, 22.587972, 24.053603, 24.738025, 25.899051, 27.373523, 28.247929, 28.663444, 29.813509, 31.071362, 32.456619, 32.992303, 33.648382, 35.414837, 35.676612, 37.355571, 38.209427, 39.429816, 
-0.455034, 1.265158, 1.581362, 3.212857, 3.906890, 5.341732, 5.524055, 6.565491, 8.040896, 9.016885, 10.251416, 11.411937, 12.422738, 13.343560, 13.686430, 14.572037, 15.549977, 17.290960, 18.435531, 19.482097, 20.006884, 20.658615, 21.742098, 23.169208, 24.210026, 24.722464, 25.505562, 26.836696, 28.325399, 29.216738, 30.072692, 30.586007, 32.487394, 33.231623, 33.565935, 34.974607, 36.266647, 36.811394, 38.128582, 38.879087, 
0.023514, 1.210757, 2.431295, 2.902231, 3.899328, 4.775235, 6.379605, 6.891897, 7.779810, 8.719782, 9.954083, 11.137636, 11.638807, 12.836942, 13.835548, 15.483320, 16.333891, 17.269682, 17.953540, 19.250205, 19.538157, 21.079264, 21.890266, 23.100972, 24.017436, 24.515511, 26.313098, 26.569158, 28.007381, 29.215657, 30.107494, 30.683315, 32.233533, 32.583256, 33.702326, 35.047403, 36.234017, 36.633606, 38.049669, 39.260716, 
-0.386204, 0.980974, 2.254562, 3.359877, 4.323494, 4.501456, 5.825871, 7.063671, 7.965778, 8.626162, 9.985926, 10.996347, 11.965038, 13.044925, 14.457010, 14.853159, 15.756852, 16.698464, 18.259917, 18.520556, 19.675507, 21.382317, 22.440375, 23.224408, 23.854908, 25.163897, 26.421874, 27.261351, 28.315073, 29.265531, 29.968320, 30.757240, 31.911901, 32.977296, 33.545431, 34.772405, 35.706082, 36.531549, 37.926136, 39.458399, 
-0.072043, 1.089915, 2.245340, 3.199301, 4.130991, 4.663787, 5.598345, 6.744590, 8.213631, 9.234101, 9.592785, 11.377640, 11.718558, 13.381825, 14.199908, 14.974340, 16.377468, 17.013010, 17.634242, 19.485865, 19.762370, 20.634964, 22.054701, 22.730161, 23.997297, 25.186486, 25.944311, 26.832960, 27.932849, 28.828449, 30.149076, 31.463320, 32.109495, 33.050970, 33.978498, 34.556705, 35.576470, 36.718860, 38.328827, 39.302836, 
0.080639, 1.228733, 2.305798, 2.993194, 4.391328, 4.594892, 5.695250, 7.383638, 7.655153, 8.813107, 9.762585, 11.377469, 11.884499, 12.910007, 13.893895, 14.637119, 15.880084, 17.309264, 17.942743, 18.730280, 20.367571, 20.556064, 22.399814, 22.577135, 24.297088, 24.827817, 26.179058, 26.751883, 27.791353, 29.014961, 29.724080, 31.262386, 32.078439, 32.902869, 34.002720, 34.980824, 35.588617, 36.913306, 37.855925, 39.407258, 
-0.417647, 1.380897, 1.660800, 2.979802, 3.936398, 5.164314, 6.126022, 7.417204, 8.376934, 8.529309, 9.836994, 11.286134, 12.461775, 12.997681, 13.569167, 15.412427, 16.156872, 16.540899, 18.320183, 18.688044, 20.255641, 20.601250, 22.477842, 23.139644, 24.011926, 24.988649, 25.755454, 27.499026, 27.952161, 29.454120, 29.625306, 31.083912, 32.062044, 32.566549, 33.943415, 34.774776, 36.148111, 37.364671, 37.926443, 39.443773, 
0.439714, 0.927150, 1.758993, 2.822693, 4.223476, 5.071773, 5.989178, 6.538962, 8.282878, 8.862328, 9.779938, 10.514231, 12.195229, 12.510861, 13.621165, 15.417410, 15.687370, 16.660667, 17.846369, 18.991457, 20.439494, 21.032210, 22.123186, 23.415868, 23.797776, 25.407400, 26.054769, 26.763981, 27.588054, 28.804407, 30.343733, 30.848836, 32.280991, 32.623574, 34.372827, 35.021427, 35.605718, 37.467903, 37.983252, 38.651438, 
0.076038, 0.678101, 2.207226, 2.905499, 3.934880, 5.096184, 6.095663, 7.020398, 8.186642, 8.831273, 10.234419, 10.879777, 11.532175, 12.845875, 13.586159, 14.751952, 16.233249, 16.603886, 17.729255, 19.391620, 19.738694, 21.324466, 22.158008, 23.410309, 24.250255, 24.566777, 25.807612, 27.468249, 28.352187, 29.118125, 30.342985, 30.540227, 31.871625, 33.441271, 33.834362, 35.378967, 36.464841, 37.124340, 38.313532, 38.561213, 
0.299616, 0.976237, 2.068088, 3.304237, 3.577597, 5.206992, 6.289628, 7.370687, 7.731120, 9.185371, 9.867914, 11.366596, 12.256039, 13.337720, 13.758175, 15.186229, 15.933490, 16.846226, 17.532729, 19.187203, 20.209725, 21.063542, 22.013096, 23.009434, 24.384541, 25.292354, 25.822719, 26.961288, 28.493047, 28.853995, 30.300303, 30.541964, 31.501109, 33.191886, 34.084647, 34.967457, 35.690839, 37.067119, 37.892357, 38.555829, 
0.302217, 1.123675, 2.327942, 3.065042, 3.685118, 5.089269, 5.883318, 6.560605, 7.553679, 9.483376, 10.034433, 11.234887, 12.356770, 12.987221, 14.029029, 14.785221, 15.551327, 17.365619, 18.217675, 18.765687, 20.261363, 21.327316, 21.716827, 22.736690, 24.032548, 24.514973, 25.998018, 27.012991, 27.743061, 29.458928, 29.968293, 31.012137, 32.300581, 32.507285, 34.112412, 35.136630, 36.460418, 37.033539, 38.236054, 39.383395, 
0.352936, 1.225027, 1.710478, 3.456040, 3.888840, 4.740440, 6.400488, 6.622992, 8.461105, 8.944021, 10.069610, 10.907751, 12.056711, 13.287911, 13.772155, 14.707993, 16.268772, 17.361596, 17.944523, 18.604381, 19.921675, 20.552306, 22.187806, 22.731906, 24.365970, 24.685025, 26.396765, 26.995495, 28.049982, 29.096667, 29.884286, 31.259183, 31.929599, 32.536414, 34.327643, 34.748982, 36.191385, 37.091770, 37.972848, 39.108440, 
-0.474333, 1.055860, 1.641160, 3.121515, 3.982915, 4.945262, 6.128920, 6.787684, 7.754375, 8.616946, 9.832776, 11.230887, 12.028978, 12.604300, 14.253967, 14.857073, 15.552580, 17.190606, 17.584431, 18.903239, 20.495046, 20.787154, 21.926700, 23.038649, 24.372448, 25.080557, 26.319051, 26.942019, 27.735554, 29.109071, 30.197618, 30.929084, 31.666337, 33.049367, 33.935336, 34.926135, 36.068115, 37.431664, 38.322007, 38.770510, 
-0.464753, 0.751231, 1.958470, 2.798792, 3.508315, 5.464268, 6.007858, 7.264467, 8.088697, 8.860477, 10.397344, 11.115457, 11.612655, 12.844417, 13.554856, 15.496471, 15.692144, 17.220089, 18.447071, 19.346727, 19.571747, 20.932975, 22.155472, 22.580691, 24.041187, 24.912760, 25.532682, 26.550228, 28.443312, 29.287622, 29.932354, 30.579977, 31.707973, 33.152784, 33.576164, 35.057196, 36.196573, 37.144311, 37.858685, 38.550529, 
-0.207837, 0.510091, 2.074545, 3.196106, 3.538785, 4.806571, 6.059335, 6.852729, 7.915850, 8.534850, 10.031951, 11.461023, 11.997440, 13.228599, 13.989073, 14.935747, 15.656433, 16.870377, 17.990204, 18.628330, 20.298894, 20.535980, 22.443030, 22.682082, 23.628675, 25.117397, 25.773992, 27.462607, 28.496807, 28.508392, 30.090973, 31.202595, 31.599797, 33.013651, 33.750231, 35.178415, 35.510547, 36.668519, 37.925079, 38.773440, 
-0.291676, 1.031442, 2.117858, 2.577055, 3.914830, 5.467422, 6.204574, 6.751157, 8.406990, 8.560492, 9.950864, 10.638262, 12.245416, 12.553733, 14.241842, 14.809026, 15.590415, 17.121534, 18.273566, 19.142508, 19.829600, 21.476464, 22.066738, 23.464930, 23.529276, 24.736387, 26.443456, 27.190700, 28.150386, 29.087128, 30.368851, 30.764253, 31.940135, 32.734895, 34.075570, 34.849061, 36.161596, 37.480445, 38.446027, 38.648350, 
0.228059, 0.612590, 2.056585, 3.164580, 4.275547, 5.067836, 6.317964, 7.182294, 7.805507, 9.019519, 9.560082, 11.217979, 12.306041, 13.368097, 13.634786, 14.874345, 16.491669, 17.018426, 18.380263, 18.566796, 20.221557, 20.584147, 21.575144, 23.335170, 24.152221, 25.150847, 25.539505, 26.613968, 27.800564, 28.710449, 30.035850, 30.746713, 32.194917, 33.273501, 33.667817, 34.786709, 36.449111, 36.876437, 38.228052, 38.837171, 
-0.333590, 1.465691, 1.641844, 3.366117, 3.750349, 4.522313, 5.505389, 7.466651, 7.768003, 8.579056, 10.161822, 10.569359, 12.406664, 13.081399, 14.000469, 14.575596, 15.573685, 17.395502, 18.016577, 19.256744, 20.128124, 20.642353, 21.557026, 23.347387, 24.337657, 24.984902, 26.303215, 27.206882, 27.879403, 28.594093, 29.944661, 30.823675, 32.289712, 32.639016, 33.747375, 34.778272, 36.086743, 36.749458, 38.178837, 39.495643, 
-0.092302, 1.298268, 2.386151, 3.132695, 3.629100, 4.772319, 6.439647, 6.917098, 8.140180, 8.827297, 10.426811, 10.985517, 11.553527, 13.136413, 14.250487, 15.394210, 16.260850, 17.307704, 18.382158, 19.039812, 20.453006, 21.175170, 22.439485, 23.056309, 24.257963, 25.093117, 26.451501, 26.738320, 28.110810, 28.641961, 29.911054, 30.531741, 31.791170, 32.530537, 34.365889, 34.921735, 35.668260, 37.086891, 37.559721, 38.876217, 
-0.428110, 1.322497, 1.749227, 2.787171, 4.053120, 5.435245, 6.399164, 6.682338, 7.612429, 8.601241, 10.004906, 11.177705, 11.837974, 13.296251, 14.130103, 14.746246, 15.624974, 17.060806, 17.962203, 18.623050, 19.629720, 21.101247, 22.347892, 23.477017, 24.106117, 25.098928, 26.446723, 27.358710, 28.109006, 29.021532, 29.599149, 31.054308, 32.321459, 33.190109, 33.975997, 35.171849, 35.973792, 37.325070, 38.237890, 39.258628, 
-0.396656, 1.478629, 2.088236, 3.371826, 4.184652, 4.781734, 5.970920, 6.979145, 8.381539, 8.855939, 9.669391, 11.372759, 11.587492, 13.462163, 13.863685, 14.864721, 15.617541, 17.279551, 17.594216, 19.194474, 20.405719, 21.418479, 22.012126, 23.142658, 24.421702, 25.222908, 25.780094, 26.509974, 27.753744, 28.917886, 29.567414, 31.227377, 31.933671, 33.153244, 33.839319, 35.383238, 35.925214, 36.976169, 37.661152, 39.045074, 
-0.122299, 0.525396, 2.401875, 3.466769, 4.427674, 5.196907, 5.904441, 6.830653, 8.296421, 8.932480, 9.546414, 11.339644, 12.156308, 13.483391, 14.173985, 15.136769, 16.421998, 16.824951, 17.626991, 18.667564, 20.428592, 21.277549, 21.952972, 22.727811, 24.366720, 24.619270, 26.118411, 27.485247, 27.803304, 28.609844, 30.345540, 30.663149, 32.426395, 33.262954, 34.468307, 34.818137, 36.096161, 36.593271, 37.951445, 39.283017, 
-0.059541, 0.925839, 1.797005, 3.351861, 4.250778, 5.452932, 6.086456, 7.096293, 8.439938, 8.923737, 10.471637, 11.096907, 12.021116, 13.001864, 13.780875, 15.196681, 15.895257, 16.631049, 18.483043, 19.122694, 19.822061, 21.192146, 21.528671, 23.307780, 24.408333, 25.404858, 25.694939, 27.166076, 27.887481, 29.462488, 30.464667, 30.604625, 32.462748, 32.743883, 34.380307, 34.574791, 36.399078, 37.073800, 37.745899, 38.645563, 
0.209080, 1.241430, 1.500582, 2.674097, 4.068454, 4.586159, 6.022865, 6.933658, 8.486380, 9.298215, 9.615200, 11.235306, 12.314753, 13.424762, 14.308497, 15.405465, 16.210655, 16.643608, 17.762465, 19.318261, 20.477841, 21.112577, 21.509036, 22.819444, 23.829306, 24.900841, 26.340243, 27.396850, 28.127420, 28.515131, 29.844848, 31.024771, 31.630479, 33.058169, 34.131998, 34.874527, 36.328719, 36.731191, 37.894301, 38.862310, 
-0.481167, 0.755114, 1.819782, 3.269206, 4.190872, 4.731993, 5.533569, 7.480923, 7.794802, 8.725987, 10.105600, 11.285503, 12.085689, 13.054043, 14.251062, 14.663685, 16.007082, 17.222616, 17.681151, 18.803358, 20.041368, 21.012140, 21.990829, 23.182177, 24.329798, 24.769496, 25.623300, 26.926413, 28.076981, 29.327755, 30.453287, 31.003509, 31.735691, 33.224847, 33.959846, 35.057530, 35.952110, 36.820355, 37.898508, 38.990394, 
0.185566, 0.564952, 1.707310, 3.040021, 3.866404, 5.021178, 6.191707, 7.125752, 8.210847, 8.826399, 10.350746, 11.289739, 12.332683, 13.247035, 13.808997, 14.709443, 15.977433, 17.458184, 17.854949, 18.692581, 20.303891, 20.644384, 22.005355, 22.512358, 24.005686, 24.650775, 25.705976, 26.999524, 27.851362, 28.753677, 29.599308, 30.769974, 32.460548, 33.018572, 33.779753, 35.371888, 36.216285, 36.623862, 38.472996, 38.874524, 
0.067615, 0.616772, 2.142991, 3.264214, 4.104364, 4.612643, 6.234942, 6.804815, 8.181384, 8.806179, 9.843824, 10.750885, 12.355475, 13.363261, 13.589504, 14.745767, 16.025687, 17.105261, 18.107263, 19.285718, 19.984440, 21.366289, 21.987846, 22.950708, 24.060449, 24.532241, 25.741864, 26.623835, 28.069349, 29.132793, 29.949292, 31.484055, 32.077148, 32.977786, 33.938778, 35.355477, 36.045572, 36.691859, 38.278265, 39.333720, 
0.103194, 1.477794, 2.024719, 3.333487, 4.413705, 4.558162, 6.295233, 7.263781, 8.323916, 8.534041, 9.710192, 10.757393, 11.717684, 12.742915, 13.700815, 15.383560, 16.398219, 17.010164, 18.413737, 18.607957, 19.535909, 21.459196, 22.328176, 23.278166, 24.420889, 24.717120, 26.090138, 27.276173, 28.240720, 28.599256, 29.629899, 30.553854, 31.797437, 32.929910, 34.159353, 35.199360, 35.587732, 37.177140, 37.720424, 39.210535, 
0.185090, 0.673728, 1.719199, 3.011325, 3.771070, 4.591050, 5.688226, 7.392589, 7.791950, 8.566593, 10.203862, 10.977674, 11.831705, 12.842098, 13.948368, 15.050517, 16.200051, 17.314411, 17.752697, 19.451427, 20.167064, 20.559667, 21.520498, 22.830578, 23.547804, 25.075400, 25.712474, 26.936220, 27.848803, 29.355738, 30.320864, 31.426938, 32.480003, 32.698240, 33.786718, 35.406529, 36.193797, 37.146180, 38.235287, 39.453894, 
0.035845, 1.078804, 2.489995, 3.222836, 4.216174, 4.894543, 5.669613, 6.880828, 7.539949, 8.501550, 10.235579, 10.765113, 12.282644, 13.212835, 14.396627, 15.318741, 16.083750, 17.002847, 18.173406, 19.489428, 19.601606, 21.226185, 22.046630, 22.997147, 23.737410, 24.683698, 25.773754, 27.298799, 27.742566, 29.352189, 30.248042, 31.196362, 31.871932, 32.732540, 34.065165, 35.187384, 35.696690, 37.206026, 38.240386, 38.660494, 
0.156745, 0.698380, 2.116822, 2.570422, 3.843965, 4.651220, 5.933721, 6.539150, 7.836665, 8.988884, 9.749078, 10.773215, 12.420733, 13.216428, 13.735203, 15.049127, 16.309386, 16.786442, 18.334457, 19.064237, 19.844699, 21.319943, 21.813543, 23.258342, 23.867886, 25.408548, 26.499364, 27.369654, 28.155684, 28.702129, 29.981797, 30.775157, 32.158254, 32.928373, 34.216540, 34.796794, 36.130249, 36.980971, 37.611089, 38.882221, 
0.218049, 0.566674, 2.483316, 2.733248, 4.075827, 5.279797, 5.886805, 7.146943, 7.746723, 8.617109, 10.251935, 10.914317, 11.693685, 12.706223, 13.870928, 15.173210, 16.384983, 16.518047, 17.850712, 19.127161, 20.339434, 20.674975, 21.870992, 23.249078, 23.640055, 24.718491, 25.628216, 27.265574, 28.231398, 29.235762, 30.346411, 31.439086, 31.986252, 33.062079, 34.493185, 34.502435, 35.744331, 36.739329, 38.351271, 39.023683, 
0.136181, 1.038076, 1.659426, 2.860902, 3.811651, 5.496043, 5.752329, 7.110755, 7.547256, 9.072454, 10.155879, 11.328669, 11.898995, 12.783744, 14.332915, 15.391533, 15.650223, 16.652775, 17.732086, 19.383569, 19.870508, 20.589614, 21.507995, 22.647199, 23.701482, 25.387008, 25.932597, 27.086736, 27.952278, 29.003026, 30.192966, 30.695212, 31.749608, 33.384022, 33.813072, 35.268394, 36.425386, 36.572279, 37.932773, 39.361290, 
-0.314907, 1.195901, 2.107752, 2.650682, 4.426809, 4.661116, 6.229827, 6.995204, 8.482387, 9.434039, 10.365370, 10.925642, 11.704376, 13.135776, 14.038360, 14.777229, 16.023879, 17.415514, 17.772657, 18.611934, 20.037666, 21.196117, 21.718445, 23.225299, 24.468004, 25.109073, 26.257014, 27.486113, 27.506579, 28.870390, 29.969495, 30.515831, 32.032602, 32.949128, 33.940241, 35.091588, 36.483207, 36.944667, 37.952412, 38.742274, 
-0.040648, 0.641641, 1.543575, 2.869521, 4.384141, 5.258527, 5.848744, 7.226629, 8.043660, 8.844541, 10.047936, 10.512041, 11.602713, 12.640467, 14.377645, 14.624473, 15.969026, 16.530544, 17.504525, 18.967135, 20.060963, 21.041019, 22.219208, 22.635235, 23.727793, 24.962073, 26.459385, 26.887939, 27.956957, 29.119765, 29.655599, 30.982884, 31.747157, 32.978333, 33.720218, 34.684523, 36.106554, 37.180076, 38.495579, 38.550352, 
-0.099339, 0.703006, 2.324154, 3.072927, 4.153141, 4.834049, 6.056526, 6.707883, 7.507859, 9.377896, 10.223761, 11.316817, 11.984244, 13.291474, 14.064303, 15.347149, 15.993880, 16.521933, 18.399687, 18.742509, 19.920598, 20.962944, 21.720474, 23.058538, 24.296022, 25.189387, 26.331357, 27.483629, 27.902094, 29.498793, 29.806325, 31.102250, 32.090447, 32.651207, 33.637320, 34.517996, 35.566942, 37.479314, 37.668387, 39.075112, 
-0.060688, 1.087037, 1.572271, 3.379462, 4.255830, 5.094415, 5.900888, 7.257361, 8.201187, 8.630112, 9.795978, 11.253908, 12.279735, 13.014696, 14.445375, 14.632197, 15.749674, 16.785606, 18.029657, 19.485506, 19.963171, 21.380310, 21.561682, 22.766625, 23.751357, 25.195820, 26.130871, 27.394333, 27.940454, 29.348227, 29.701274, 31.356671, 32.093498, 33.371994, 34.075319, 35.425128, 36.353774, 37.351931, 37.964947, 39.125742, 
0.411351, 0.551748, 2.292656, 2.857387, 4.397784, 5.036525, 5.629791, 7.433092, 7.887614, 8.578775, 10.372388, 10.516350, 12.286454, 13.235301, 14.019269, 15.260090, 15.711300, 16.779498, 18.068438, 19.068830, 19.538154, 21.048852, 22.110764, 22.952948, 24.396158, 24.668979, 25.618693, 26.813285, 28.281098, 28.954604, 30.406716, 30.687564, 32.206050, 33.000560, 33.924570, 35.207454, 36.280599, 37.104174, 38.133947, 38.827827, 
0.388098, 1.053644, 1.690547, 2.560145, 3.933239, 4.888337, 6.278129, 6.830381, 7.857945, 8.560569, 9.953339, 10.649861, 12.013033, 12.999494, 14.129892, 14.877304, 16.455407, 16.824489, 18.015044, 18.536219, 19.572592, 21.107549, 21.590827, 22.791857, 23.754807, 24.929320, 25.719357, 26.880585, 28.244151, 28.509465, 30.212172, 30.986576, 31.533836, 32.507867, 33.527769, 35.372643, 35.941088, 36.586594, 38.455994, 38.954598, 
0.214628, 0.596114, 1.671526, 3.041934, 3.500153, 4.596495, 6.151704, 6.817958, 7.620456, 9.427103, 9.671792, 10.966050, 11.755466, 12.796720, 13.738294, 14.883232, 16.441187, 17.084160, 18.410082, 19.162612, 20.498287, 20.817883, 22.293737, 23.201632, 23.775452, 24.553283, 26.436485, 27.173670, 27.609923, 28.729046, 30.042857, 31.128130, 32.198250, 33.192444, 33.539482, 35.281000, 36.465010, 36.834414, 37.738542, 38.833117, 
-0.317405, 0.561314, 2.246652, 2.678144, 3.757046, 5.483837, 6.189521, 7.404860, 7.853215, 9.287324, 9.547780, 10.555862, 11.606301, 13.219500, 14.283273, 15.152441, 16.328562, 17.488860, 18.498481, 19.410733, 19.773320, 21.231586, 21.691314, 23.291239, 23.667864, 24.626039, 25.639886, 26.998541, 28.483200, 29.069698, 30.163038, 31.059010, 31.706576, 33.498517, 33.945837, 34.734567, 35.979425, 36.541412, 37.556064, 38.571846, 
0.021568, 0.624688, 2.050378, 2.827140, 3.739550, 4.859964, 6.485797, 6.936858, 8.147972, 8.796629, 10.498769, 10.661843, 11.811951, 12.578111, 13.895717, 14.602867, 16.413343, 17.325135, 18.177332, 19.089761, 19.696602, 20.754984, 21.875617, 22.989006, 24.205861, 24.948378, 26.317821, 27.079515, 28.311569, 28.633170, 30.395034, 31.012227, 32.416811, 32.810023, 34.219372, 35.114414, 36.477910, 36.830647, 38.349617, 39.208946, 
