-0.221402, 0.820138, 1.767299, 2.947513, 4.137449, 5.133562, 6.018859, 7.179685, 8.051855, 8.755403, 10.079208, 11.160735, 11.783673, 13.178774, 14.241576, 15.276621, 16.129604, 16.934315, 18.267642, 19.028726, 19.988486, 21.004046, 21.810689, 23.125635, 23.802747, 25.171272, 26.006564, 26.706569, 28.100660, 28.965571, 29.949700, 31.106647, 32.119504, 32.755403, 33.834778, 35.238728, 35.858421, 36.755825, 37.878684, 38.757364, 
0.065459, 1.033282, 2.290238, 2.963333, 4.232395, 4.761508, 6.006711, 6.892396, 8.170773, 9.228389, 9.819419, 11.258158, 12.060846, 12.936160, 13.918629, 15.244585, 15.808459, 16.789604, 17.852311, 18.726145, 20.240494, 20.809478, 22.011910, 23.029525, 23.998925, 25.183098, 26.075133, 26.722835, 28.208243, 29.083856, 30.099546, 30.961756, 31.840449, 33.227158, 34.131837, 34.798983, 36.230176, 37.275811, 37.920682, 39.079409, 
0.258407, 0.942609, 2.073405, 2.929214, 4.120174, 5.298409, 6.262376, 7.055168, 7.766786, 9.196570, 10.257059, 11.216078, 12.015807, 13.120433, 13.801985, 15.297694, 15.950864, 17.031805, 17.983722, 18.705953, 20.137215, 20.837788, 21.871472, 22.946872, 23.854024, 24.975314, 26.057528, 27.016397, 28.011472, 29.228359, 30.289530, 31.099790, 31.714012, 33.040711, 33.732661, 34.776856, 35.841384, 37.290558, 38.057776, 39.275441, 
-0.288859, 0.825478, 1.788675, 3.001506, 4.298531, 4.897250, 5.849589, 7.239847, 8.194650, 8.928944, 9.818905, 10.769923, 12.006199, 13.097977, 14.024094, 14.872577, 15.816751, 17.217465, 18.268038, 19.165530, 19.803514, 21.179882, 22.278056, 22.963339, 23.815331, 25.052418, 26.108728, 26.738841, 27.701196, 28.741670, 30.188003, 31.156635, 32.012198, 33.270468, 33.742590, 34.971277, 36.173755, 36.728903, 38.248840, 38.892982, 
-0.126545, 0.863318, 2.249199, 3.133022, 3.769898, 5.158439, 6.056599, 7.012515, 7.955858, 9.258918, 9.931975, 10.901601, 12.239719, 12.706461, 14.147462, 14.797944, 15.827658, 17.180047, 17.898456, 18.702882, 20.258123, 20.861981, 22.038920, 22.791122, 24.292224, 25.288832, 26.154287, 27.109465, 27.958096, 29.050159, 29.857206, 31.238835, 31.785117, 33.046785, 34.270629, 34.789256, 36.095958, 36.836786, 37.947538, 39.146178, 
-0.126918, 0.857752, 2.255020, 3.050663, 3.992718, 4.901147, 6.167897, 6.880492, 8.207702, 9.276626, 9.706186, 10.792629, 12.278535, 12.878131, 14.091757, 14.933541, 15.728819, 16.768396, 17.885158, 18.822385, 20.162797, 21.031271, 21.782813, 23.120520, 24.188026, 25.070358, 25.864599, 26.875889, 27.919474, 28.705135, 30.233776, 31.211695, 31.703377, 33.223660, 33.891072, 34.853333, 36.249134, 36.889697, 37.776294, 39.028771, 
-0.009494, 0.787185, 1.865828, 3.283666, 4.249986, 5.281498, 6.176999, 6.768144, 7.963771, 9.066389, 9.932767, 11.251956, 11.922220, 13.024782, 13.788500, 14.998285, 16.034945, 17.001476, 17.865271, 18.707837, 19.733285, 21.149930, 21.857173, 23.021832, 24.009773, 25.267596, 26.237680, 26.953189, 27.763342, 28.721798, 30.156212, 30.711567, 32.041525, 33.033099, 33.810165, 34.846338, 35.738791, 36.868465, 38.226856, 38.821997, 
-0.183580, 0.833172, 2.131430, 3.200132, 3.712365, 5.061436, 6.004395, 6.777909, 7.987249, 8.852309, 9.839598, 11.049742, 11.816231, 12.905850, 13.885009, 15.015377, 16.250697, 16.864707, 18.122959, 18.878501, 20.234065, 21.188088, 21.928362, 23.106897, 23.892122, 24.978930, 25.853518, 26.765771, 28.149227, 29.001685, 30.014716, 30.897423, 32.084907, 32.866043, 34.051605, 34.722502, 35.861433, 37.163036, 38.269885, 39.042032, 
0.286638, 1.192792, 2.218599, 3.059320, 3.986845, 5.291931, 5.975757, 6.741003, 8.239513, 8.821326, 10.207758, 10.829505, 12.143970, 13.003502, 14.203115, 15.062514, 16.080679, 16.941788, 17.872038, 18.808688, 20.081684, 21.278760, 22.283984, 22.738449, 24.197743, 24.854996, 25.718337, 27.265088, 27.961592, 28.786571, 30.268696, 31.104199, 31.930387, 32.910343, 34.275728, 35.131632, 35.736693, 37.028665, 38.045469, 38.776637, 
-0.255106, 0.788770, 2.048435, 3.274132, 4.112025, 5.056668, 6.080358, 6.918926, 7.984723, 8.936000, 10.222809, 11.225472, 11.898167, 13.187687, 13.912005, 14.955704, 15.813381, 17.271106, 17.910834, 18.794207, 19.751726, 21.280887, 21.769120, 23.129719, 24.154339, 24.793908, 26.235832, 27.260184, 28.133270, 29.247273, 30.257955, 30.874427, 32.273576, 32.745860, 34.252642, 35.073022, 36.193880, 37.250084, 38.141827, 38.945946, 
0.222137, 0.881319, 2.094422, 2.863389, 4.129238, 5.029857, 6.157409, 6.971194, 7.822268, 8.744173, 10.273649, 11.034966, 12.199894, 12.880423, 14.057173, 14.905409, 16.229708, 16.900200, 18.028980, 19.251290, 19.844465, 21.179083, 22.012525, 23.134154, 24.119602, 24.889833, 26.256848, 26.933675, 27.994893, 29.122304, 29.962829, 30.794716, 31.927732, 33.086835, 33.874469, 34.931596, 35.731331, 36.898631, 37.781258, 38.885082, 
-0.048314, 0.741582, 1.930076, 2.729579, 3.756189, 5.285394, 5.769894, 6.945939, 8.224171, 8.886793, 10.114125, 11.050763, 12.073024, 13.252500, 13.748125, 15.286436, 16.183182, 16.759426, 18.189563, 19.097933, 20.048414, 21.025495, 21.768493, 22.730063, 24.119685, 25.154688, 25.719993, 26.931818, 27.987959, 29.164863, 30.038145, 30.709482, 32.178827, 33.187881, 34.113979, 35.169137, 36.187742, 36.773352, 38.102749, 38.733907, 
-0.225314, 1.221192, 1.886409, 3.254167, 3.900509, 5.089067, 6.004101, 7.089703, 8.190458, 8.943338, 9.760828, 10.752866, 11.849679, 12.857067, 13.856671, 14.999908, 15.993706, 16.987985, 18.213136, 18.810948, 19.841602, 21.280896, 21.755558, 22.821138, 24.110396, 25.289161, 26.054427, 26.850781, 27.965356, 29.244219, 30.256012, 30.873421, 32.290968, 33.152326, 34.165254, 35.123767, 35.805348, 37.266779, 37.721599, 39.280403, 
-0.033170, 0.816947, 1.928278, 2.707893, 4.061769, 4.931546, 6.138683, 7.039196, 7.836671, 8.872284, 9.744147, 11.289053, 12.267323, 13.063642, 14.121727, 14.832125, 15.747651, 17.233364, 17.852114, 18.999494, 20.052098, 21.289175, 22.131605, 22.861616, 23.880534, 25.119236, 25.746857, 27.132910, 28.075631, 28.764784, 29.755085, 30.735666, 31.918057, 32.904032, 34.074720, 34.767810, 36.003752, 37.072652, 38.229958, 38.964323, 
0.123922, 0.889804, 2.094546, 2.990336, 3.793222, 4.973089, 6.228714, 6.767275, 7.942797, 9.173134, 10.017619, 10.985540, 11.837058, 12.977141, 14.188100, 14.823929, 16.199698, 17.204432, 18.121449, 18.728758, 19.775936, 20.788357, 21.886944, 23.058813, 23.766614, 25.208105, 26.195730, 26.978767, 27.877215, 29.013541, 30.102437, 31.069267, 32.267287, 32.729091, 34.063003, 34.893752, 36.117471, 36.800188, 37.914553, 39.117547, 
-0.041372, 1.132384, 2.118178, 3.144672, 4.202681, 5.176818, 6.081563, 6.876215, 7.943702, 8.736426, 10.094538, 11.219086, 11.893288, 13.218188, 14.295404, 14.940032, 15.846178, 17.005421, 18.015066, 18.832618, 19.791043, 21.108584, 21.858058, 22.893399, 23.706363, 24.784025, 26.125514, 27.124423, 27.957960, 28.954458, 29.931917, 31.195203, 31.849643, 32.903008, 34.187233, 35.015829, 35.844665, 37.033181, 38.277139, 39.253682, 
0.054060, 1.022586, 2.212177, 3.098028, 3.723547, 5.145068, 6.236640, 7.215925, 7.838112, 9.145988, 10.113676, 10.846214, 11.718622, 13.170138, 13.899644, 15.113310, 16.226907, 17.219131, 18.052545, 18.778171, 19.844896, 20.942443, 22.137340, 22.970327, 24.032763, 24.715236, 26.150105, 26.720749, 28.086800, 29.038665, 30.186027, 31.253863, 31.872997, 32.805623, 33.969401, 34.870361, 36.095011, 37.055391, 38.267497, 38.926414, 
-0.057974, 1.162823, 2.267456, 3.211446, 4.028066, 5.173544, 5.785053, 7.145197, 7.772444, 9.097563, 9.744708, 11.115484, 11.953263, 12.814344, 13.732239, 14.870201, 16.125906, 17.213242, 18.155673, 18.832435, 20.081439, 20.886105, 22.005983, 22.917869, 23.865210, 24.890220, 26.245027, 27.019133, 28.073709, 28.921891, 29.775787, 31.183881, 31.795935, 32.829723, 33.920712, 34.998873, 35.827848, 37.100654, 37.930186, 39.007980, 
0.234410, 0.920227, 1.746917, 3.267731, 4.177508, 4.901825, 6.268210, 7.047218, 7.899186, 9.201173, 10.054031, 10.948093, 12.202604, 12.846496, 13.826485, 15.169178, 15.774541, 16.985187, 17.859014, 19.103005, 20.276807, 20.874900, 22.185811, 22.942429, 23.742959, 24.945873, 26.111341, 26.710558, 27.847649, 28.714116, 30.088712, 31.288641, 31.939379, 33.285741, 33.709369, 34.700207, 36.222338, 37.215597, 38.193492, 39.055398, 
0.125127, 0.765624, 2.028655, 3.102106, 4.198315, 4.761695, 6.127362, 6.883860, 7.770746, 8.848492, 9.951367, 10.727844, 11.976611, 13.201297, 14.083697, 14.886065, 15.892398, 16.721938, 18.156319, 19.065816, 20.119402, 21.055507, 21.730511, 22.834945, 24.064483, 24.815109, 25.707941, 27.137632, 28.042890, 29.190077, 30.227027, 31.217427, 31.780731, 33.089803, 33.938552, 35.286317, 35.724947, 36.706752, 38.051912, 39.085104, 
-0.194692, 0.792474, 2.074660, 3.038015, 3.772960, 4.721635, 5.910169, 7.096542, 8.142119, 8.981748, 9.782714, 10.942948, 12.034361, 13.066334, 14.274315, 14.708097, 15.727702, 16.747831, 17.931383, 19.126783, 19.723846, 20.974661, 22.081819, 23.198027, 24.111656, 25.297246, 26.010557, 26.708786, 27.936334, 29.232284, 30.012301, 30.912253, 31.891604, 32.945042, 34.226051, 34.928474, 35.949090, 36.740761, 38.047892, 38.941240, 
0.056411, 0.772351, 1.886147, 3.001394, 3.732129, 4.845340, 6.260351, 7.235093, 8.051952, 8.894528, 10.026302, 10.918407, 11.857434, 12.877459, 14.010241, 15.148406, 15.929664, 17.146778, 18.008318, 19.157560, 20.047983, 20.968262, 21.852278, 23.087002, 24.178812, 25.233667, 26.075737, 27.052936, 28.184942, 29.067816, 30.263013, 30.777265, 32.076703, 33.096372, 34.190496, 35.114217, 36.281924, 36.707217, 37.797370, 39.150299, 
0.087237, 0.993283, 2.229216, 3.181543, 4.012156, 4.715805, 5.864464, 7.265116, 8.248464, 8.715275, 9.779176, 10.739293, 12.049018, 12.797132, 14.064013, 14.913269, 16.123301, 16.772304, 18.024281, 18.745654, 20.079159, 21.020727, 21.895477, 22.905848, 23.849344, 24.833760, 26.087268, 26.749048, 27.754594, 28.894848, 30.235028, 30.924487, 32.029333, 32.768137, 33.839734, 35.113417, 36.186043, 37.142461, 37.958611, 39.286873, 
-0.199576, 1.224655, 1.866600, 3.092286, 4.256544, 4.961960, 6.013437, 7.060362, 7.945290, 9.059148, 10.055314, 11.173673, 12.195373, 13.156850, 13.772231, 15.192413, 16.240133, 17.192700, 18.144876, 19.043456, 20.001647, 21.278908, 22.284321, 22.995593, 23.779525, 25.273284, 25.895575, 26.807298, 27.860220, 29.234761, 29.938536, 30.861796, 31.797687, 33.298826, 33.898740, 34.993962, 36.187970, 37.049580, 37.856958, 39.238041, 
0.123788, 1.169512, 2.204024, 2.790456, 4.209706, 5.099611, 5.967380, 7.050435, 8.140873, 9.279406, 9.763486, 11.042026, 11.786031, 12.975027, 14.109683, 15.205145, 15.934548, 16.973663, 17.827347, 19.020231, 19.729374, 20.850533, 21.995824, 22.944308, 23.784212, 24.780246, 26.264598, 26.858966, 28.238718, 28.778207, 29.927539, 30.929180, 32.004811, 32.839405, 34.070100, 35.209565, 35.749044, 36.737055, 38.267636, 38.893640, 
-0.292418, 0.818879, 1.724821, 2.887844, 4.096598, 4.714784, 6.081508, 6.844026, 8.196346, 9.156196, 9.936903, 11.060550, 12.213908, 12.876695, 14.111660, 15.239216, 16.197504, 17.056617, 18.263827, 18.734748, 20.231315, 21.201335, 22.175103, 23.024559, 23.715742, 25.208551, 25.919618, 27.203322, 27.831789, 28.891975, 30.038724, 31.241292, 31.830939, 32.701182, 34.188536, 34.907409, 36.200083, 37.226188, 38.080360, 38.805862, 
0.218355, 0.711800, 2.282706, 2.738078, 3.702593, 4.852613, 6.208405, 6.904312, 7.722523, 9.129066, 9.785858, 10.921654, 11.736215, 13.080310, 13.819291, 14.726867, 15.718868, 17.295047, 17.957118, 19.238923, 19.846063, 21.178959, 21.725371, 23.150588, 23.763415, 24.840035, 26.055755, 27.199981, 27.783890, 29.199920, 29.711555, 31.167322, 31.767648, 32.798845, 34.023255, 35.052339, 36.149706, 36.720700, 37.855839, 38.809655, 
0.159625, 0.836125, 2.143204, 2.960512, 3.751784, 5.052539, 5.729730, 6.779589, 7.848559, 8.769990, 10.177983, 10.706948, 11.964428, 12.792264, 14.063616, 14.816368, 16.166922, 17.026597, 18.160355, 18.962980, 19.865178, 21.088529, 21.763100, 22.913826, 23.796159, 24.811154, 26.263837, 27.074428, 27.823763, 28.945240, 30.296046, 31.225062, 32.017199, 33.076585, 33.792017, 34.872208, 35.957681, 36.873591, 38.028635, 38.935351, 
-0.185359, 0.882111, 1.917549, 3.237502, 3.928550, 4.977606, 6.206469, 7.006367, 8.095029, 9.029083, 9.880421, 11.023087, 11.889167, 12.916830, 13.775160, 14.911952, 16.077395, 16.800412, 18.071989, 18.957698, 19.761401, 20.731561, 21.891327, 23.061197, 23.788750, 24.958814, 25.714302, 26.795642, 27.875763, 29.145662, 29.952585, 31.241258, 32.073902, 33.097725, 33.894648, 35.016679, 36.172322, 37.057034, 37.794979, 38.949560, 
-0.290532, 1.160977, 1.915577, 3.090836, 3.857531, 5.161381, 6.128969, 7.231710, 8.056106, 8.939037, 9.872630, 11.085035, 11.735664, 12.954389, 13.955040, 14.896649, 15.775077, 17.132373, 18.126924, 18.814933, 19.917124, 21.240576, 22.265347, 23.166836, 24.185628, 25.010587, 26.179609, 26.883734, 28.062175, 28.742776, 29.975625, 31.112519, 32.090991, 32.716526, 34.099030, 35.138334, 36.032044, 37.269009, 37.733310, 38.849336, 
-0.039484, 0.729739, 1.832098, 2.940598, 3.757022, 5.025581, 5.893048, 7.248899, 7.822086, 9.001781, 9.960405, 11.109877, 11.990228, 13.089191, 14.223592, 15.183575, 16.235479, 17.238651, 18.069145, 19.068010, 19.897788, 21.005163, 21.753718, 23.244277, 24.206425, 25.108611, 25.712574, 26.920566, 28.286524, 28.901200, 29.860301, 31.003598, 32.018683, 33.163393, 33.740983, 34.888847, 35.931960, 37.246424, 37.889592, 39.285539, 
-0.257656, 0.960677, 1.926714, 2.883525, 4.176544, 5.183980, 6.122237, 6.744759, 8.047101, 8.806862, 9.943621, 10.797551, 12.120467, 13.012701, 13.858940, 14.987136, 15.725325, 16.762311, 17.829373, 18.852613, 20.156207, 20.857365, 22.017246, 23.146482, 23.700259, 24.880295, 25.940365, 26.903062, 28.248276, 29.264213, 29.701176, 31.259929, 31.931346, 32.863360, 33.972862, 34.918521, 35.910120, 36.992559, 38.217635, 39.260784, 
0.250433, 0.825849, 2.267986, 2.855348, 4.184398, 4.905753, 5.879549, 7.140100, 7.886958, 8.840165, 10.114880, 11.247670, 12.072046, 12.920726, 14.195885, 14.927925, 15.772992, 16.919228, 17.729330, 19.243466, 19.826621, 21.282296, 22.013746, 23.103433, 24.137379, 25.107229, 25.927214, 26.793841, 28.264935, 29.088432, 29.931652, 30.893307, 31.822866, 33.077255, 33.773001, 35.134686, 35.794808, 37.037453, 38.219011, 39.152345, 
0.139562, 1.223015, 2.271563, 3.169043, 3.805430, 5.134929, 6.141124, 6.882012, 7.940489, 8.815262, 10.045067, 10.972672, 12.048521, 12.836263, 13.712547, 14.902298, 15.979531, 16.759168, 17.991503, 19.285258, 19.811846, 20.977001, 21.889772, 23.011650, 24.211101, 24.974350, 26.227341, 26.854859, 27.927144, 29.011925, 30.171597, 30.798199, 32.156159, 33.115292, 34.079650, 35.161747, 35.955103, 37.124122, 38.296439, 39.208334, 
0.149431, 1.131197, 2.181630, 2.872549, 3.745455, 4.709739, 5.806530, 7.284272, 7.952102, 9.282053, 9.987804, 10.926942, 11.952886, 12.766732, 13.876448, 14.874007, 16.012983, 16.812563, 17.869695, 18.830575, 19.860842, 21.007754, 21.812127, 23.015221, 24.280550, 24.847373, 26.134458, 26.912543, 28.273009, 29.117411, 30.065671, 30.711338, 32.044522, 32.857629, 33.891589, 34.786342, 35.895549, 36.806073, 38.161349, 38.949169, 
0.173107, 0.879504, 2.265606, 3.108224, 4.182796, 4.765320, 6.272101, 7.064735, 8.078247, 9.083055, 10.035277, 10.875585, 12.101612, 13.210666, 13.893665, 15.175610, 15.745669, 16.780621, 17.909498, 19.096936, 19.706146, 20.837632, 21.865714, 23.042720, 24.220661, 24.739786, 25.823847, 26.821738, 28.190434, 29.075445, 30.199079, 30.931956, 31.846815, 32.707720, 34.139307, 35.052339, 36.184140, 37.195337, 38.127610, 39.292021, 
0.084012, 1.123123, 1.733017, 3.025885, 3.808993, 4.775766, 6.170551, 7.040560, 8.283964, 9.196604, 9.743567, 11.174053, 11.931803, 12.896922, 13.724055, 15.226911, 16.276227, 17.280011, 17.990796, 18.937603, 19.869271, 20.786989, 21.753201, 22.798273, 24.187390, 24.787457, 25.772841, 27.058790, 28.063303, 28.879967, 29.950892, 30.757404, 31.758894, 33.273471, 33.988548, 34.909915, 35.757005, 37.172954, 38.076347, 38.801044, 
-0.127185, 1.173179, 1.876261, 3.292034, 4.040721, 5.162906, 6.080625, 6.959069, 7.841474, 8.769376, 9.751857, 11.200822, 12.066182, 12.747017, 13.858762, 15.007953, 15.924447, 16.813318, 17.873179, 19.018656, 20.106358, 20.816424, 21.800854, 22.812357, 23.752785, 24.939256, 26.230832, 27.049108, 27.831257, 28.708525, 29.938305, 30.855643, 31.840967, 32.776560, 34.029316, 35.148891, 35.987421, 37.036966, 37.813122, 38.963044, 
0.100801, 1.121940, 1.910097, 2.771104, 4.143860, 4.752418, 5.912155, 7.159002, 7.892209, 8.927104, 9.969534, 10.901903, 11.719749, 13.047849, 14.187049, 15.134151, 15.714897, 17.029744, 18.170433, 18.874620, 19.857316, 21.015292, 21.767831, 23.214023, 23.751811, 24.888059, 25.877607, 26.834586, 28.232224, 28.992994, 30.080389, 31.267174, 32.189024, 33.014731, 33.872960, 35.179401, 36.194308, 36.739275, 37.995022, 39.247820, 
-0.282991, 1.026224, 1.992655, 3.225448, 4.160422, 4.984911, 5.995396, 6.851974, 8.123969, 9.206914, 9.949750, 11.006599, 12.199721, 12.866192, 14.207066, 14.944711, 15.745629, 17.230636, 18.044062, 19.217907, 20.216865, 21.213712, 21.873227, 23.063684, 23.998106, 24.863529, 25.725538, 27.296302, 27.911277, 29.222035, 30.222184, 30.849990, 32.163217, 32.991663, 33.939514, 35.264738, 36.028765, 37.028495, 37.801979, 39.283673, 
-0.293239, 0.850479, 2.091791, 2.913659, 3.950632, 5.116189, 6.290924, 6.898184, 8.074720, 8.755945, 9.816046, 10.734245, 12.077276, 12.831426, 14.092824, 14.718369, 15.786363, 16.728900, 18.103588, 18.873356, 19.777487, 21.219035, 21.875870, 22.996790, 24.203279, 25.039646, 25.986695, 27.002777, 27.834332, 29.203590, 29.899649, 31.008674, 32.264214, 33.086818, 34.022230, 34.744389, 35.931293, 37.028982, 38.074175, 38.953757, 
0.259833, 1.116581, 2.068867, 3.067475, 3.778294, 5.149801, 6.174620, 7.097392, 7.708821, 9.274430, 10.251250, 11.299590, 11.915564, 12.903322, 13.997099, 14.851625, 15.706683, 16.966250, 18.254927, 18.966225, 19.953930, 20.891350, 22.166349, 22.809825, 24.029294, 24.924721, 26.107190, 26.793884, 27.707032, 29.194529, 29.969777, 31.090380, 31.792786, 32.732197, 33.857400, 34.845130, 35.817781, 37.265695, 37.729792, 39.111446, 
-0.106822, 1.289818, 1.773173, 3.290047, 3.943011, 4.708093, 6.278941, 7.271529, 8.137890, 9.225151, 10.225310, 10.728455, 11.948215, 13.272148, 13.795717, 15.287124, 15.825017, 16.811537, 18.050593, 19.132477, 20.189988, 21.060467, 22.208078, 23.253419, 23.941534, 24.776557, 26.055736, 26.883360, 28.139668, 28.862540, 29.862114, 31.204115, 32.163978, 32.848974, 33.846080, 35.178696, 35.966970, 37.181333, 38.217477, 38.897824, 
0.280748, 0.877811, 1.830792, 3.109415, 3.762719, 4.860567, 5.748262, 7.071261, 8.080049, 9.228656, 9.769372, 10.709383, 11.738617, 13.015606, 14.184813, 14.817703, 15.970943, 17.190433, 17.960346, 19.005959, 19.726445, 20.704645, 22.231226, 22.738507, 23.978893, 25.055251, 25.930789, 27.126062, 27.993565, 29.017106, 30.065709, 31.227527, 31.868678, 33.258154, 34.077312, 35.182993, 35.712270, 36.853899, 38.156019, 38.872721, 
-0.229768, 0.777148, 1.955511, 3.014092, 3.828095, 4.805956, 6.122414, 7.274446, 8.283788, 8.955654, 9.848963, 10.803042, 11.878903, 13.283236, 14.277446, 14.739399, 16.271902, 17.132755, 18.120105, 19.112712, 19.928632, 20.700211, 21.842771, 23.045995, 24.260888, 24.884790, 26.161086, 26.896493, 27.918410, 28.771686, 29.804459, 30.965959, 32.159422, 32.816187, 33.890600, 35.113973, 36.266241, 36.705658, 37.841450, 38.748822, 
-0.141676, 1.274450, 2.104747, 3.041176, 3.866543, 5.229307, 6.249325, 7.272317, 7.916978, 8.895385, 9.953136, 10.934904, 12.178814, 12.975472, 13.789653, 15.239117, 16.084410, 17.214498, 18.010586, 19.294667, 19.705755, 21.178761, 21.850378, 22.830315, 24.168565, 25.133919, 26.215730, 26.871445, 27.920712, 28.920161, 29.980533, 31.235639, 32.241372, 33.155845, 34.267047, 35.255780, 35.801584, 37.163122, 38.246901, 39.135378, 
-0.294330, 1.163794, 1.769552, 3.086141, 3.708000, 4.864257, 6.019234, 6.810352, 8.154057, 8.708600, 10.000023, 10.889008, 12.179555, 13.179424, 13.980264, 15.104463, 15.901609, 16.723021, 18.246998, 19.049858, 19.874122, 21.288764, 21.869718, 22.960636, 24.269509, 25.128140, 26.115113, 27.094098, 28.004573, 29.085345, 29.759365, 30.961395, 31.859781, 33.054668, 34.081530, 34.845103, 36.134521, 36.915731, 37.716435, 38.907093, 
-0.174574, 1.194394, 2.281897, 2.984829, 4.047744, 4.802447, 6.132070, 6.743508, 8.118801, 9.278426, 9.898379, 10.752664, 12.162837, 13.061422, 14.159007, 15.242388, 16.163283, 17.063772, 18.027013, 18.916527, 20.143617, 20.784239, 21.832519, 22.845634, 24.136027, 25.163422, 25.769966, 27.218764, 28.098590, 29.103746, 29.987162, 30.725373, 32.049001, 33.141874, 34.171689, 34.714497, 35.877394, 36.770460, 38.115046, 39.148913, 
0.186401, 1.188663, 1.941532, 2.794282, 3.856947, 4.827942, 6.205319, 7.155244, 7.834598, 9.122253, 9.883286, 10.886133, 12.031007, 13.210650, 13.975824, 14.959474, 16.140321, 16.819654, 17.954387, 19.056225, 19.964997, 21.165965, 22.270214, 23.299708, 23.818465, 25.158166, 25.775810, 27.062796, 28.067905, 29.145198, 30.234859, 30.759709, 31.783683, 32.712764, 34.282184, 34.781951, 35.855359, 37.199357, 38.163505, 38.982636, 
-0.254265, 0.917223, 2.232244, 2.929149, 3.782725, 4.709543, 6.180370, 6.847435, 7.704903, 8.824937, 9.884554, 11.111628, 11.923783, 12.931367, 13.710182, 14.870857, 16.078768, 17.104784, 17.911440, 18.934149, 20.237830, 20.780371, 22.166912, 22.786618, 23.936778, 25.166904, 25.772115, 27.127017, 27.859841, 28.803058, 30.038419, 31.243825, 31.984404, 32.745494, 34.237032, 34.883104, 36.157212, 36.918242, 38.133802, 39.132503, 
-0.287595, 1.103840, 2.197789, 3.286000, 3.907081, 5.254487, 5.900014, 6.906764, 8.018151, 9.223584, 9.779884, 11.103175, 11.769628, 13.259025, 13.744750, 15.011622, 15.799245, 16.983387, 17.900951, 19.118946, 20.000260, 21.140972, 22.125957, 22.844658, 24.232675, 24.722983, 25.745042, 26.761470, 28.187829, 29.241651, 30.282970, 30.861574, 31.836885, 33.295163, 34.117466, 35.168264, 36.202243, 36.929919, 37.736048, 38.821838, 
-0.214546, 0.710630, 2.143403, 3.257560, 4.027563, 5.060212, 6.180179, 7.247963, 7.876528, 8.922817, 10.283459, 10.936067, 12.247898, 13.086439, 13.962711, 14.929793, 16.107767, 16.728810, 17.918794, 18.920005, 19.991003, 21.109522, 22.279891, 23.064483, 23.918341, 24.713354, 26.004735, 27.032378, 28.133674, 29.024805, 29.708149, 31.282689, 32.194748, 32.748940, 33.728611, 34.711910, 36.202354, 36.879652, 38.085630, 38.772812, 
0.070257, 1.161172, 1.735080, 3.196416, 3.949590, 4.988453, 6.041373, 6.750191, 8.111739, 8.962917, 9.703789, 10.891487, 12.147754, 12.848381, 14.222333, 15.124857, 15.874076, 17.096277, 18.294678, 18.771748, 19.794979, 21.115292, 21.855780, 22.760703, 23.975923, 25.213779, 25.822733, 26.960686, 28.239451, 29.275014, 30.223969, 31.172233, 32.058533, 32.960986, 33.999028, 35.206136, 35.948721, 36.916886, 38.113944, 39.239599, 
0.212652, 1.062114, 2.108668, 2.981770, 3.734749, 5.164924, 5.789719, 6.844519, 7.937932, 9.242045, 10.194286, 10.939085, 12.094066, 13.227002, 14.208323, 14.778689, 15.781103, 17.290705, 17.843741, 18.771185, 20.077639, 21.048271, 22.178356, 23.052647, 24.041252, 25.202764, 25.868989, 27.251462, 27.789013, 29.049829, 29.845125, 31.035147, 31.873447, 33.291792, 34.298004, 34.973388, 36.026629, 36.915372, 38.076770, 38.742133, 
0.265995, 1.206433, 2.030556, 2.768747, 4.296199, 5.220050, 6.203628, 6.766783, 8.192931, 9.230919, 9.859671, 10.762021, 12.224348, 13.083063, 13.882858, 14.751071, 16.116062, 17.035340, 18.222103, 18.729530, 20.118513, 20.841693, 21.795713, 23.165951, 24.039197, 24.725586, 26.011098, 27.113219, 27.781041, 28.888845, 29.761827, 31.286604, 31.977313, 32.713830, 34.212115, 35.098425, 36.011462, 37.193227, 38.140307, 39.098447, 
0.235057, 1.241029, 2.089153, 2.739456, 3.762295, 4.901258, 6.137844, 6.892644, 8.145857, 9.054510, 10.027426, 10.941542, 11.814765, 12.793509, 14.007954, 15.191044, 15.869063, 16.854337, 17.967873, 18.757641, 20.046883, 21.183585, 22.205744, 22.846833, 24.271887, 25.265186, 25.927147, 26.803199, 28.202305, 29.125299, 29.883435, 30.742571, 31.888800, 32.829209, 34.028919, 35.060285, 35.811106, 37.021466, 38.105703, 38.786857, 
-0.110239, 0.836484, 2.233766, 3.058308, 4.230286, 4.715707, 6.228392, 6.926706, 7.766605, 8.991456, 10.194372, 10.782047, 11.886101, 13.168022, 14.195324, 15.080116, 15.736001, 17.037895, 17.987859, 19.142667, 20.242043, 20.959272, 22.114525, 22.953546, 23.901673, 25.057714, 26.058309, 26.708223, 27.704034, 28.997774, 30.031733, 31.267006, 32.088351, 32.774833, 33.950196, 35.191684, 35.703143, 36.797725, 37.861011, 38.886578, 
-0.059933, 0.768185, 2.271983, 2.932841, 3.896742, 5.125697, 6.150013, 6.810778, 7.750761, 9.215339, 9.924626, 10.945979, 11.855250, 13.071305, 14.063634, 15.226309, 16.100019, 16.961399, 17.817590, 18.790156, 20.053426, 20.924868, 21.846094, 22.891997, 24.196048, 24.861915, 25.947413, 27.271140, 28.237813, 29.237054, 30.136959, 31.092258, 31.851804, 32.738880, 34.044162, 35.093755, 36.123358, 37.047024, 38.117274, 38.700978, 
-0.009275, 0.843995, 2.117424, 2.737796, 4.003689, 4.914393, 5.916265, 6.790795, 7.788593, 9.282072, 9.716677, 10.988364, 12.076489, 13.160748, 14.248419, 14.975679, 15.779239, 16.967515, 17.981969, 18.709444, 19.854068, 20.932399, 22.178514, 23.016948, 23.768780, 24.814731, 25.733502, 26.926645, 28.005145, 28.987281, 29.824868, 30.769235, 32.074036, 33.214709, 34.105091, 35.183451, 35.758099, 36.945991, 38.080273, 38.994925, 
0.232966, 0.884920, 2.077796, 3.244308, 4.086400, 4.837260, 6.146155, 7.060469, 7.751725, 9.260272, 9.953357, 11.265081, 11.795644, 12.808984, 14.104552, 15.174184, 15.762738, 16.724338, 18.188480, 19.080456, 20.156576, 20.888507, 22.268409, 22.937247, 24.061614, 25.265171, 25.705588, 27.297623, 28.268595, 29.212540, 29.722752, 31.112250, 31.902453, 33.033099, 34.272540, 34.737386, 36.288841, 37.031178, 37.733972, 39.044850, 
0.028098, 0.739472, 1.830832, 3.273634, 3.763923, 4.853827, 5.976153, 6.905083, 7.790195, 8.822892, 10.153620, 11.111545, 12.277094, 13.193725, 14.223003, 15.181424, 16.100519, 16.756603, 17.789162, 19.259455, 19.909149, 21.122987, 21.706142, 23.078771, 24.219977, 25.170458, 26.147151, 27.260656, 28.174409, 29.172137, 29.931273, 31.201598, 31.979763, 33.285058, 33.782933, 35.151243, 36.224883, 37.066470, 38.023543, 39.241845, 
0.045048, 1.050389, 2.099858, 3.119592, 4.290963, 4.751499, 6.200102, 6.915518, 8.065228, 8.887870, 9.764393, 11.222001, 12.088976, 13.276477, 13.759585, 14.976709, 16.163655, 16.998478, 18.029650, 18.897695, 20.150508, 21.024277, 21.738402, 22.874278, 24.167196, 25.210949, 25.861548, 27.041336, 28.224433, 29.240806, 30.045652, 31.003944, 31.800706, 32.775633, 33.749836, 35.016978, 35.959188, 37.247511, 37.775103, 39.184231, 
0.161481, 0.793963, 2.089647, 2.962452, 3.989581, 5.122781, 5.947169, 7.213506, 7.840539, 8.774790, 9.880394, 10.749339, 11.702547, 13.295697, 14.149084, 14.871362, 16.082995, 17.167039, 17.905753, 19.116088, 19.835236, 20.959462, 21.710023, 22.821087, 23.918136, 25.059219, 26.157658, 27.229877, 27.941157, 28.700852, 30.234204, 30.876878, 31.729897, 33.043988, 33.920882, 35.195342, 36.294279, 36.833797, 38.003805, 39.031599, 
0.140566, 0.825464, 2.010507, 2.831388, 4.219349, 5.225216, 6.158175, 6.770529, 8.210580, 8.924528, 9.785436, 10.786006, 12.094078, 12.824348, 14.243096, 15.180277, 15.715949, 17.192183, 17.968614, 18.887215, 20.133109, 20.858106, 22.102568, 23.107430, 24.040819, 25.193716, 26.267788, 26.739095, 28.196566, 28.916391, 30.143243, 30.713792, 31.973600, 33.135034, 34.005227, 35.114095, 35.702168, 37.010328, 38.214877, 38.740648, 
0.278085, 1.087248, 1.846898, 2.926303, 3.987508, 5.299588, 5.765202, 7.281778, 8.105618, 8.797213, 10.011625, 11.191696, 12.026276, 13.201143, 14.233425, 14.729073, 15.749982, 16.904571, 18.047573, 19.169966, 20.225626, 20.888045, 22.172198, 22.832379, 23.804392, 25.216149, 25.763759, 27.110825, 28.046112, 29.051848, 30.277264, 31.035387, 31.946730, 33.105811, 33.769351, 35.220913, 35.943569, 37.013031, 38.168066, 39.236672, 
0.041278, 0.991998, 1.878223, 3.125922, 3.949151, 4.842781, 6.135305, 7.175626, 7.919418, 8.876978, 9.730688, 11.241640, 11.881179, 12.905640, 14.118021, 15.009944, 15.751736, 17.012246, 17.734105, 18.884133, 19.895730, 21.040055, 22.048764, 22.889121, 23.842599, 25.123988, 26.229674, 26.726271, 27.766733, 28.832972, 30.207716, 31.174655, 31.812947, 32.888254, 34.287639, 35.147921, 36.020984, 36.876355, 38.284771, 38.727106, 
0.197280, 0.956128, 2.290446, 2.997666, 3.705161, 5.077977, 5.769131, 7.136398, 7.955726, 8.996429, 9.909408, 11.261772, 12.075085, 12.741871, 13.951149, 15.080434, 15.710128, 17.296307, 17.726337, 18.722954, 19.944664, 20.728720, 22.152029, 23.266527, 24.213116, 25.098662, 25.940310, 27.217707, 28.274556, 28.862140, 29.926102, 30.760409, 31.719368, 33.266671, 34.102608, 34.763417, 36.012924, 37.193130, 37.935900, 39.133420, 
-0.170943, 1.283151, 1.986785, 3.116377, 3.861446, 4.759633, 6.293070, 7.007271, 8.178392, 8.875407, 10.186934, 10.968734, 11.954739, 12.992665, 13.901813, 15.129805, 16.121482, 16.941815, 18.037845, 18.941170, 19.943347, 21.166538, 21.974836, 23.135633, 23.895788, 25.202874, 26.050485, 27.028959, 28.171917, 29.135869, 30.261632, 30.959117, 31.859213, 33.001770, 34.143591, 35.235489, 36.231858, 37.270052, 37.822291, 38.805019, 
-0.088371, 0.875304, 1.866825, 3.201899, 4.163775, 5.043448, 6.125974, 6.837680, 8.259583, 8.874071, 10.033215, 10.864110, 12.115816, 13.097125, 13.837179, 14.917326, 15.961035, 16.705543, 17.951713, 19.207161, 19.838562, 21.293229, 22.219214, 22.853475, 24.232293, 24.701722, 26.005223, 27.169316, 28.242868, 28.920290, 30.263474, 30.789573, 31.990142, 32.940905, 33.929344, 34.804359, 36.083022, 36.732444, 37.885042, 39.100292, 
0.221951, 1.129722, 1.705129, 3.016044, 4.264054, 5.141056, 5.725999, 7.261561, 7.750784, 9.220041, 9.965241, 11.232280, 12.077046, 12.939997, 14.023431, 14.783438, 16.078737, 17.158391, 17.923776, 19.110701, 19.788255, 20.893603, 22.163740, 23.292684, 24.212915, 25.057067, 26.296759, 27.029853, 27.958340, 28.968147, 30.055861, 31.234217, 31.975794, 32.873877, 33.878330, 35.095707, 36.276908, 37.025237, 37.774920, 39.209648, 
-0.109203, 0.793162, 1.703813, 3.272333, 3.711026, 4.985143, 5.745308, 6.993778, 7.701142, 8.946796, 9.994772, 11.144542, 11.908208, 12.769873, 14.123637, 14.884276, 15.728635, 17.220135, 18.223344, 19.267432, 19.918395, 20.874861, 22.157279, 23.102709, 24.160566, 24.995802, 25.991068, 26.702656, 27.792513, 28.876165, 29.745943, 31.275074, 31.780126, 33.254062, 34.237280, 34.970503, 36.151498, 37.248835, 37.958490, 38.862175, 
-0.042385, 0.799515, 2.146267, 2.785196, 4.059182, 4.747899, 5.912982, 6.797760, 8.120421, 8.905629, 9.822205, 10.713279, 11.893976, 13.282813, 13.790909, 15.220593, 16.174276, 16.905274, 17.794678, 19.198653, 20.012123, 21.094454, 21.822490, 22.782095, 24.035553, 25.001064, 25.912266, 27.193013, 28.139014, 28.908943, 29.882683, 30.841639, 31.913043, 32.962654, 33.906606, 34.780966, 36.226213, 36.843843, 37.950016, 38.785683, 
-0.043134, 1.140326, 2.133461, 2.768460, 4.239610, 5.048274, 6.012317, 6.966958, 8.281405, 8.934347, 10.252040, 11.298670, 12.091904, 12.732162, 13.794958, 15.197262, 16.107849, 17.140374, 18.253644, 19.223580, 19.973172, 21.077119, 22.295922, 22.782892, 24.058165, 24.855117, 25.785085, 27.265655, 27.909666, 29.230022, 29.731014, 31.215234, 32.107197, 33.082033, 33.721924, 34.891658, 35.999744, 36.965539, 38.123502, 38.990319, 
-0.283509, 0.940499, 2.100336, 2.871408, 4.146550, 5.166385, 6.252357, 6.913254, 7.711489, 9.110236, 10.198603, 11.186563, 12.042322, 12.732166, 13.741704, 15.051430, 16.096254, 16.874289, 18.131923, 19.216622, 20.157725, 20.859826, 21.800178, 22.989771, 23.741622, 24.960628, 26.258966, 26.755515, 27.864066, 28.913110, 30.118251, 31.108642, 32.138344, 33.036301, 33.827537, 35.241440, 36.290895, 37.271818, 37.896727, 39.110590, 
-0.111451, 1.042718, 2.051719, 2.715846, 3.714302, 5.048755, 5.807329, 6.848939, 7.723935, 8.886503, 10.146828, 10.912230, 12.274912, 13.214789, 14.128618, 14.760538, 16.213523, 17.251255, 18.166876, 18.910829, 20.190362, 21.081457, 22.273905, 23.252743, 24.056048, 25.219222, 26.176874, 26.751908, 27.855180, 29.135910, 29.789104, 30.832421, 31.723444, 33.207457, 33.825057, 34.766547, 35.787114, 36.797530, 37.872606, 39.128157, 
0.277205, 0.972202, 2.295383, 3.165595, 3.810301, 4.878349, 5.735221, 7.086589, 8.007435, 9.149210, 9.719927, 11.245724, 11.968555, 12.944292, 13.971597, 14.811791, 16.084003, 16.893043, 17.902278, 19.069849, 20.086100, 21.019948, 21.965576, 23.123874, 24.245801, 25.265648, 26.184313, 27.239238, 28.108832, 29.113557, 29.834140, 30.702660, 32.140298, 32.716883, 33.805074, 35.191211, 36.152029, 36.805357, 38.181649, 38.780986, 
-0.067356, 0.864379, 1.805594, 3.143699, 3.973124, 4.702206, 5.972762, 6.806578, 8.232783, 9.053127, 9.741712, 11.088889, 11.822439, 13.162531, 14.222557, 15.019281, 15.989822, 16.976610, 17.845272, 19.157713, 20.015294, 21.265842, 21.839288, 23.206006, 23.943386, 25.005219, 25.811257, 26.703517, 27.802944, 28.996795, 30.010045, 30.760501, 31.978968, 32.724999, 34.216657, 35.219766, 35.954500, 37.232651, 37.911676, 39.267969, 
0.209269, 1.143027, 2.129323, 3.224388, 4.219202, 4.842020, 6.163685, 6.858627, 7.725224, 8.791912, 9.927025, 10.930222, 11.871073, 13.158827, 13.836401, 14.987077, 15.720666, 17.143108, 18.026274, 19.250143, 20.178525, 21.244326, 21.716762, 22.865692, 24.124663, 25.025331, 25.860174, 26.878523, 28.083670, 29.111037, 30.171533, 30.702426, 31.911745, 33.134898, 33.917045, 35.109883, 35.893110, 37.047575, 37.725853, 39.125980, 
-0.060983, 0.947538, 2.264019, 3.276786, 3.708895, 4.955629, 6.047931, 6.824601, 8.014243, 9.228027, 9.721271, 11.020787, 12.199562, 13.042660, 13.795539, 15.254151, 15.888117, 16.877075, 17.709674, 19.087649, 20.174103, 21.258519, 21.981369, 23.140033, 23.892343, 24.816700, 26.266090, 26.999862, 27.845097, 29.232428, 29.740034, 31.139450, 31.959997, 33.174398, 34.178916, 34.806666, 36.017675, 37.261009, 37.941639, 38.768816, 
0.287531, 1.089899, 1.758869, 3.207019, 3.966542, 5.037188, 6.139780, 7.067032, 7.927135, 9.057124, 9.806162, 11.201346, 11.730885, 12.893111, 14.258803, 15.080203, 16.271120, 17.030325, 17.982850, 18.961782, 20.179839, 21.213806, 22.247204, 23.150943, 24.140599, 25.124350, 25.887614, 27.206332, 27.733872, 29.290027, 30.112081, 31.253438, 32.261325, 33.275227, 33.923857, 35.125560, 35.879484, 36.800644, 37.732126, 38.770868, 
0.176429, 1.244801, 2.111184, 3.062684, 4.274753, 5.012759, 6.170073, 7.273334, 8.280428, 9.294395, 9.765499, 10.864880, 12.168024, 12.948205, 14.199052, 14.735315, 16.094736, 16.841769, 17.988382, 18.864678, 20.037001, 20.834415, 22.121584, 22.741760, 23.969377, 25.251675, 26.122491, 26.800308, 28.094005, 28.915774, 29.856228, 30.816095, 31.968363, 33.037035, 34.227050, 35.288159, 35.850868, 36.718154, 38.078127, 38.700709, 
0.182433, 0.700776, 1.755581, 2.861022, 4.037237, 5.083583, 6.119333, 7.094428, 7.809400, 8.895518, 10.011554, 10.742104, 12.119544, 12.770102, 14.291924, 15.184348, 15.873298, 16.815997, 18.178827, 19.041132, 20.071176, 20.774781, 22.164071, 23.226509, 23.817281, 24.899747, 25.812443, 26.795885, 27.756922, 29.074218, 30.241088, 30.740597, 31.905028, 33.036830, 34.101083, 35.081488, 36.224659, 36.830736, 37.812971, 39.060280, 
0.236172, 1.200232, 2.291031, 2.896449, 3.997711, 4.996506, 6.144403, 7.062007, 8.197409, 9.286158, 10.289411, 11.281888, 12.120579, 12.869931, 14.149733, 14.925247, 15.758489, 16.957996, 18.007042, 19.158045, 20.154019, 21.239361, 21.995267, 23.121570, 23.819211, 24.704517, 26.153961, 26.812714, 28.039056, 29.253856, 29.730019, 31.268160, 32.216079, 32.873446, 34.115358, 35.200386, 35.888552, 36.903970, 38.225384, 39.211371, 
0.081917, 0.919526, 1.912071, 2.923778, 4.189080, 4.700874, 6.229368, 6.906750, 7.964691, 9.064462, 10.111879, 11.122001, 12.070642, 12.890660, 13.915364, 14.976464, 16.164574, 17.080748, 17.963787, 19.220754, 19.920340, 21.100165, 21.941522, 22.812164, 23.984759, 24.716434, 26.266983, 26.866923, 28.148458, 28.701114, 30.051893, 30.813565, 32.278945, 33.115042, 33.986645, 34.746453, 35.969737, 37.263137, 38.143479, 38.765979, 
0.120385, 1.013654, 2.068853, 3.044876, 4.286168, 5.145367, 6.079637, 7.043086, 7.920246, 8.928266, 9.827363, 10.811121, 12.088384, 12.941605, 14.073461, 15.163962, 16.136020, 17.075397, 17.857006, 18.994360, 19.862080, 20.962564, 21.783135, 22.808413, 23.889412, 24.903296, 26.093596, 26.803058, 28.240911, 29.293818, 29.832954, 31.124879, 32.048014, 32.724429, 34.130850, 35.277766, 36.005099, 36.992151, 38.250505, 38.999789, 
-0.100164, 1.279619, 2.258723, 2.830063, 4.039133, 5.201720, 5.800943, 7.122536, 7.921587, 8.819109, 10.044579, 11.203142, 11.757626, 13.094649, 13.863910, 14.817551, 16.038067, 16.767490, 18.245107, 18.769321, 20.132961, 21.257216, 21.742900, 22.716181, 24.002614, 24.784829, 25.759155, 27.235127, 27.943083, 29.170394, 29.850864, 31.284817, 32.073472, 32.824181, 33.869566, 35.117936, 35.728393, 37.138864, 38.116556, 38.735845, 
0.118395, 1.052298, 2.244914, 2.712559, 4.168056, 4.915587, 5.708273, 7.241577, 8.283376, 9.115393, 9.902897, 10.868098, 12.205680, 13.182170, 14.298332, 15.093812, 15.837648, 17.063971, 17.773477, 19.214299, 19.773642, 21.216407, 22.285750, 23.075509, 23.998223, 25.207414, 26.196680, 27.064792, 27.742680, 29.153716, 30.102744, 31.169204, 32.183949, 32.885891, 34.231730, 34.783856, 36.283077, 36.941708, 37.937939, 39.101839, 
-0.251933, 0.735193, 1.794206, 2.723620, 3.791446, 4.929191, 6.021349, 7.262531, 8.023736, 9.218745, 9.734521, 11.232399, 11.925797, 13.276726, 14.028141, 15.041036, 15.701091, 17.106159, 17.729386, 19.096145, 19.887808, 21.254440, 22.136618, 22.912916, 23.821352, 25.193559, 26.056728, 26.912597, 27.772446, 29.277568, 30.249967, 31.208520, 32.072097, 33.030742, 33.941970, 35.040405, 35.743475, 36.786686, 37.786262, 39.084039, 
0.084598, 1.292061, 1.965254, 3.104129, 3.718135, 5.005134, 6.272108, 6.866820, 8.197777, 8.842244, 10.231733, 11.199638, 11.948185, 12.841256, 14.154366, 14.946645, 15.721028, 17.151065, 17.858118, 18.955822, 20.022423, 21.058250, 21.712299, 22.789188, 23.891265, 25.223754, 26.267417, 26.888653, 28.167452, 29.136445, 30.015376, 31.253439, 32.118562, 33.116959, 33.844800, 35.113003, 36.282788, 36.984325, 38.115943, 38.973409, 
-0.281382, 0.913319, 1.723440, 2.705418, 3.944158, 5.108128, 6.286108, 7.097967, 8.282032, 8.808367, 9.867380, 11.299072, 12.116595, 13.034518, 14.292831, 15.096160, 15.878823, 17.115381, 17.700415, 18.784010, 19.774984, 21.072054, 22.093041, 22.929768, 24.012834, 25.111570, 25.987964, 27.214039, 28.191341, 28.810075, 30.095397, 30.710154, 31.885002, 33.156746, 33.817590, 35.296408, 35.763957, 37.190705, 38.211839, 39.130356, 
-0.048480, 1.148030, 1.925595, 3.175775, 4.198660, 4.701865, 6.198419, 6.799811, 8.214203, 9.035984, 10.256455, 11.135545, 12.010432, 13.090833, 14.236738, 14.948889, 16.273040, 17.233469, 18.241464, 18.821398, 20.004778, 20.983496, 22.051558, 22.982049, 23.860310, 25.117776, 25.949915, 27.159002, 28.114874, 28.868568, 29.716340, 30.802000, 31.744051, 33.265802, 33.772336, 35.007114, 35.773923, 37.161668, 38.169747, 39.102344, 
-0.184236, 0.943973, 1.721349, 3.010589, 4.142501, 4.973739, 6.144612, 7.151722, 7.895271, 9.268286, 10.238696, 11.262032, 11.796244, 12.964134, 14.083109, 14.916368, 15.913508, 16.783653, 18.164669, 19.027213, 20.035228, 21.221709, 21.727275, 23.223887, 24.192556, 24.853530, 26.162065, 27.273750, 27.902907, 28.955816, 30.031344, 30.936607, 32.212083, 32.802736, 34.236202, 35.208307, 36.041589, 37.158115, 38.185102, 39.150829, 
-0.219297, 0.946925, 1.875096, 3.146551, 3.735702, 4.982091, 6.240974, 7.064843, 8.295272, 9.205173, 9.885193, 11.162059, 11.747137, 13.169110, 13.776742, 14.783574, 16.049841, 17.250916, 17.799315, 18.737251, 19.799646, 20.887815, 22.113472, 23.122918, 23.958673, 24.783770, 26.031157, 27.088853, 27.814161, 28.756479, 30.116268, 31.259056, 31.926477, 32.834843, 34.062821, 35.292571, 36.244520, 36.762890, 37.949871, 39.019543, 
-0.157105, 0.880687, 2.069945, 2.960609, 4.229864, 5.070097, 5.842451, 7.094341, 8.223510, 9.072184, 9.829827, 10.914521, 12.265638, 13.127444, 13.956871, 15.188325, 16.274476, 16.895961, 17.768977, 19.069012, 19.983480, 20.843415, 21.782154, 22.856274, 24.125272, 24.825597, 26.111625, 27.045890, 27.902774, 28.835676, 30.090153, 31.068735, 32.045069, 33.011106, 33.731392, 35.252974, 36.017549, 36.897470, 38.287721, 38.834514, 
-0.082667, 0.782102, 1.780663, 2.806425, 3.725604, 4.800464, 6.001653, 6.940128, 7.821953, 8.825883, 10.088325, 10.758171, 12.255978, 13.159485, 14.048008, 15.078592, 16.293768, 17.275515, 17.999068, 18.870832, 19.777784, 20.953608, 21.953502, 23.264146, 23.974709, 25.010184, 26.254981, 26.932343, 27.900664, 29.040606, 29.771639, 31.200856, 32.214801, 33.068477, 33.749717, 34.948719, 36.011744, 37.197095, 38.198646, 38.840249, 
-0.087964, 1.139798, 2.184664, 2.710507, 4.205946, 5.214781, 5.710307, 6.862974, 8.182453, 8.910632, 9.957846, 10.812024, 11.935583, 12.798587, 13.925646, 15.220123, 16.297317, 17.260828, 17.819973, 19.049566, 20.187160, 21.122652, 22.282046, 22.926681, 24.043842, 24.936037, 26.228345, 26.777669, 28.010455, 28.981613, 30.096414, 31.002771, 32.139869, 33.127202, 34.200321, 35.016233, 35.983706, 36.917070, 37.944172, 38.734008, 
0.288570, 0.847737, 1.728763, 3.158542, 3.733206, 5.265661, 6.249211, 6.985474, 7.978503, 8.820954, 9.768352, 10.834312, 12.088231, 12.998441, 14.228186, 14.960865, 15.737319, 17.000353, 18.216314, 19.078294, 19.769330, 21.270884, 21.887560, 23.244964, 24.206959, 25.122063, 26.290169, 26.890353, 28.220010, 29.006595, 29.827415, 30.867375, 32.145847, 32.727899, 33.882264, 35.168419, 35.856752, 37.175308, 37.739213, 38.837232, 
-0.235546, 0.970806, 2.122758, 2.782300, 4.224407, 4.830208, 6.209067, 6.828495, 7.921131, 8.793894, 9.768250, 11.143526, 11.994116, 13.109423, 14.209109, 14.800174, 15.959979, 17.297210, 17.833016, 18.867798, 20.020892, 20.964793, 21.859658, 23.223588, 23.851214, 24.866409, 26.096485, 26.890342, 27.881480, 28.978929, 29.797319, 30.910590, 32.299010, 33.196466, 34.105036, 34.871997, 36.060906, 37.291279, 38.013907, 38.752606, 
0.022902, 1.280373, 2.056904, 3.095797, 4.093892, 5.007095, 6.130075, 7.009058, 7.913358, 8.959615, 10.168147, 10.833851, 11.824377, 12.795111, 14.101284, 15.029763, 16.179334, 16.821168, 17.721393, 19.090304, 19.701384, 21.244017, 21.828333, 22.943277, 23.723688, 25.130193, 25.843534, 26.743220, 27.761168, 29.252568, 30.224498, 30.709732, 31.955003, 33.295350, 33.711277, 34.880833, 35.931024, 37.248627, 37.992581, 39.214391, 
0.043867, 1.057443, 1.874853, 2.779313, 3.988085, 4.926007, 5.896603, 7.208676, 7.757106, 8.961033, 9.820173, 10.773141, 12.187005, 13.119705, 14.250248, 15.035525, 16.032225, 17.150967, 18.102975, 19.063457, 20.049395, 20.992671, 21.974788, 23.276911, 24.047097, 24.821362, 25.795586, 27.292825, 27.947269, 28.833057, 30.237318, 30.944442, 32.148810, 33.090844, 33.717005, 35.071974, 36.141110, 36.832110, 38.265310, 38.725814, 
