0.137662, 0.000000, 
1.082560, 0.000000, 
2.101201, 0.000000, 
3.155996, 0.000000, 
4.195351, 0.000000, 
5.075382, 0.000000, 
6.186586, 0.000000, 
6.963632, 0.000000, 
8.118460, 0.000000, 
8.932882, 0.000000, 
10.103525, 0.000000, 
10.888822, 0.000000, 
11.923840, 0.000000, 
12.941815, 0.000000, 
13.930075, 0.000000, 
14.928947, 0.000000, 
15.891716, 0.000000, 
16.838316, 0.000000, 
17.973139, 0.000000, 
18.994378, 0.000000, 
19.860335, 0.000000, 
20.899003, 0.000000, 
22.173796, 0.000000, 
22.997391, 0.000000, 
23.847690, 0.000000, 
24.821095, 0.000000, 
25.853867, 0.000000, 
26.957983, 0.000000, 
28.134950, 0.000000, 
28.881978, 0.000000, 
29.889621, 0.000000, 
31.185822, 0.000000, 
31.836192, 0.000000, 
32.933674, 0.000000, 
34.181228, 0.000000, 
35.007077, 0.000000, 
35.890681, 0.000000, 
36.932424, 0.000000, 
37.857695, 0.000000, 
39.196730, 0.000000, 
