0.066533, 0.000000, 
0.873610, 0.000000, 
1.944298, 0.000000, 
2.998729, 0.000000, 
3.899919, 0.000000, 
4.912844, 0.000000, 
5.941372, 0.000000, 
7.002731, 0.000000, 
8.259680, 0.000000, 
9.174139, 0.000000, 
9.887728, 0.000000, 
11.026578, 0.000000, 
11.940717, 0.000000, 
12.997685, 0.000000, 
13.799224, 0.000000, 
14.778358, 0.000000, 
16.297710, 0.000000, 
17.109503, 0.000000, 
18.071344, 0.000000, 
19.012774, 0.000000, 
19.942226, 0.000000, 
20.944164, 0.000000, 
22.014841, 0.000000, 
23.051825, 0.000000, 
23.990906, 0.000000, 
24.915020, 0.000000, 
26.062830, 0.000000, 
26.969612, 0.000000, 
27.911997, 0.000000, 
28.928150, 0.000000, 
29.908680, 0.000000, 
30.877371, 0.000000, 
32.063129, 0.000000, 
32.938240, 0.000000, 
33.957321, 0.000000, 
34.999115, 0.000000, 
35.990658, 0.000000, 
37.129055, 0.000000, 
38.047150, 0.000000, 
39.101524, 0.000000, 
40.006428, 0.000000, 
40.958683, 0.000000, 
42.094837, 0.000000, 
42.944782, 0.000000, 
44.060677, 0.000000, 
44.842148, 0.000000, 
45.899593, 0.000000, 
47.010544, 0.000000, 
47.881374, 0.000000, 
49.033508, 0.000000, 
49.973034, 0.000000, 
51.045033, 0.000000, 
51.895393, 0.000000, 
52.815594, 0.000000, 
53.875587, 0.000000, 
55.024563, 0.000000, 
55.882401, 0.000000, 
56.980553, 0.000000, 
58.123383, 0.000000, 
58.865032, 0.000000, 
59.925972, 0.000000, 
61.169132, 0.000000, 
61.956837, 0.000000, 
63.166702, 0.000000, 
64.025009, 0.000000, 
65.035072, 0.000000, 
66.063385, 0.000000, 
66.901344, 0.000000, 
67.997513, 0.000000, 
68.970741, 0.000000, 
70.004936, 0.000000, 
71.012131, 0.000000, 
71.943069, 0.000000, 
72.887108, 0.000000, 
73.946030, 0.000000, 
75.086922, 0.000000, 
76.056427, 0.000000, 
76.979836, 0.000000, 
78.004684, 0.000000, 
78.874825, 0.000000, 
79.975319, 0.000000, 
81.206215, 0.000000, 
82.105980, 0.000000, 
82.949715, 0.000000, 
84.003052, 0.000000, 
85.043053, 0.000000, 
85.925880, 0.000000, 
86.966873, 0.000000, 
88.050110, 0.000000, 
88.849258, 0.000000, 
89.849503, 0.000000, 
90.869720, 0.000000, 
92.074722, 0.000000, 
93.068321, 0.000000, 
93.845963, 0.000000, 
95.081955, 0.000000, 
95.953812, 0.000000, 
96.977379, 0.000000, 
98.008156, 0.000000, 
98.998047, 0.000000, 
99.992882, 0.000000, 
101.083542, 0.000000, 
101.828079, 0.000000, 
103.108360, 0.000000, 
103.885384, 0.000000, 
105.104317, 0.000000, 
105.978119, 0.000000, 
107.178513, 0.000000, 
108.008278, 0.000000, 
108.870712, 0.000000, 
109.962822, 0.000000, 
110.907555, 0.000000, 
111.910950, 0.000000, 
112.923538, 0.000000, 
113.970734, 0.000000, 
114.963257, 0.000000, 
116.017540, 0.000000, 
117.020851, 0.000000, 
118.120438, 0.000000, 
118.939171, 0.000000, 
120.084938, 0.000000, 
120.965218, 0.000000, 
122.025146, 0.000000, 
123.137833, 0.000000, 
123.990715, 0.000000, 
124.972931, 0.000000, 
125.909264, 0.000000, 
126.864075, 0.000000, 
128.001419, 0.000000, 
128.900360, 0.000000, 
130.078018, 0.000000, 
130.960068, 0.000000, 
132.155655, 0.000000, 
133.037567, 0.000000, 
133.993790, 0.000000, 
134.960419, 0.000000, 
135.951614, 0.000000, 
136.961639, 0.000000, 
137.915070, 0.000000, 
138.910797, 0.000000, 
140.017761, 0.000000, 
140.926285, 0.000000, 
141.991501, 0.000000, 
143.002762, 0.000000, 
144.077133, 0.000000, 
145.007004, 0.000000, 
145.968842, 0.000000, 
147.056534, 0.000000, 
148.082123, 0.000000, 
148.898422, 0.000000, 
150.051559, 0.000000, 
150.947769, 0.000000, 
152.076828, 0.000000, 
153.142502, 0.000000, 
153.958389, 0.000000, 
154.973145, 0.000000, 
155.833008, 0.000000, 
157.164291, 0.000000, 
158.097855, 0.000000, 
159.015045, 0.000000, 
159.975433, 0.000000, 
161.039139, 0.000000, 
162.013779, 0.000000, 
163.085449, 0.000000, 
163.913849, 0.000000, 
165.008896, 0.000000, 
166.103134, 0.000000, 
167.001114, 0.000000, 
168.156067, 0.000000, 
169.173920, 0.000000, 
170.020981, 0.000000, 
171.048645, 0.000000, 
171.924774, 0.000000, 
173.117020, 0.000000, 
173.950470, 0.000000, 
175.001175, 0.000000, 
176.014908, 0.000000, 
176.972229, 0.000000, 
177.965317, 0.000000, 
178.889679, 0.000000, 
179.992554, 0.000000, 
180.814087, 0.000000, 
181.987305, 0.000000, 
182.997147, 0.000000, 
184.087494, 0.000000, 
185.015335, 0.000000, 
185.973770, 0.000000, 
186.956665, 0.000000, 
188.076157, 0.000000, 
188.931671, 0.000000, 
190.067291, 0.000000, 
190.838852, 0.000000, 
192.031769, 0.000000, 
193.087540, 0.000000, 
194.203537, 0.000000, 
195.111954, 0.000000, 
195.800430, 0.000000, 
196.877380, 0.000000, 
197.941956, 0.000000, 
198.995102, 0.000000, 
