-0.040905, 0.000000, 
0.986890, 0.000000, 
1.921361, 0.000000, 
3.038159, 0.000000, 
4.033075, 0.000000, 
5.020484, 0.000000, 
6.021720, 0.000000, 
6.986075, 0.000000, 
7.974330, 0.000000, 
9.038124, 0.000000, 
10.032916, 0.000000, 
11.028408, 0.000000, 
12.149532, 0.000000, 
13.013795, 0.000000, 
13.917942, 0.000000, 
15.076980, 0.000000, 
15.945182, 0.000000, 
16.950489, 0.000000, 
18.016003, 0.000000, 
18.857481, 0.000000, 
20.022009, 0.000000, 
21.001060, 0.000000, 
22.065758, 0.000000, 
23.041492, 0.000000, 
24.015982, 0.000000, 
24.981979, 0.000000, 
25.941534, 0.000000, 
27.010736, 0.000000, 
27.911575, 0.000000, 
29.005768, 0.000000, 
29.924883, 0.000000, 
30.980261, 0.000000, 
31.952610, 0.000000, 
33.002224, 0.000000, 
34.076271, 0.000000, 
34.977505, 0.000000, 
36.059914, 0.000000, 
37.055031, 0.000000, 
37.909233, 0.000000, 
38.988853, 0.000000, 
40.001076, 0.000000, 
40.996201, 0.000000, 
42.004906, 0.000000, 
42.909531, 0.000000, 
44.092644, 0.000000, 
45.060108, 0.000000, 
46.045799, 0.000000, 
46.969315, 0.000000, 
48.064720, 0.000000, 
49.035095, 0.000000, 
50.008232, 0.000000, 
51.050816, 0.000000, 
52.082035, 0.000000, 
53.075939, 0.000000, 
54.020115, 0.000000, 
54.986019, 0.000000, 
55.966816, 0.000000, 
57.037998, 0.000000, 
58.068249, 0.000000, 
59.011642, 0.000000, 
60.012634, 0.000000, 
60.956841, 0.000000, 
61.990932, 0.000000, 
63.041008, 0.000000, 
64.069481, 0.000000, 
64.908066, 0.000000, 
66.039207, 0.000000, 
66.953934, 0.000000, 
67.957558, 0.000000, 
68.987312, 0.000000, 
69.990295, 0.000000, 
70.923065, 0.000000, 
72.031471, 0.000000, 
72.932350, 0.000000, 
74.079498, 0.000000, 
75.027924, 0.000000, 
75.947662, 0.000000, 
77.060913, 0.000000, 
78.068314, 0.000000, 
79.110329, 0.000000, 
80.004158, 0.000000, 
81.151230, 0.000000, 
81.980095, 0.000000, 
82.881966, 0.000000, 
84.050537, 0.000000, 
85.001595, 0.000000, 
85.994514, 0.000000, 
87.009270, 0.000000, 
87.994331, 0.000000, 
88.965210, 0.000000, 
89.984428, 0.000000, 
91.076637, 0.000000, 
92.068588, 0.000000, 
92.964157, 0.000000, 
94.148483, 0.000000, 
94.942757, 0.000000, 
95.944023, 0.000000, 
97.015823, 0.000000, 
98.081169, 0.000000, 
99.048470, 0.000000, 
100.047523, 0.000000, 
101.081062, 0.000000, 
102.013420, 0.000000, 
102.990166, 0.000000, 
104.018242, 0.000000, 
105.061180, 0.000000, 
105.965988, 0.000000, 
107.029617, 0.000000, 
107.996506, 0.000000, 
109.003059, 0.000000, 
109.983215, 0.000000, 
111.023552, 0.000000, 
112.079338, 0.000000, 
112.958702, 0.000000, 
113.986984, 0.000000, 
115.006172, 0.000000, 
115.917892, 0.000000, 
117.021805, 0.000000, 
118.089226, 0.000000, 
119.026199, 0.000000, 
119.988869, 0.000000, 
121.123093, 0.000000, 
121.918594, 0.000000, 
122.979073, 0.000000, 
124.077942, 0.000000, 
124.948769, 0.000000, 
125.927185, 0.000000, 
127.056053, 0.000000, 
128.013062, 0.000000, 
128.968582, 0.000000, 
129.989136, 0.000000, 
131.021042, 0.000000, 
132.040619, 0.000000, 
133.017487, 0.000000, 
134.003662, 0.000000, 
134.941284, 0.000000, 
136.019531, 0.000000, 
137.017365, 0.000000, 
137.999954, 0.000000, 
139.057236, 0.000000, 
139.937622, 0.000000, 
140.958496, 0.000000, 
142.009903, 0.000000, 
143.084946, 0.000000, 
144.032730, 0.000000, 
145.061157, 0.000000, 
145.973145, 0.000000, 
146.981171, 0.000000, 
147.934372, 0.000000, 
148.899734, 0.000000, 
149.914383, 0.000000, 
151.045624, 0.000000, 
152.013443, 0.000000, 
153.025421, 0.000000, 
153.990845, 0.000000, 
155.013565, 0.000000, 
156.020416, 0.000000, 
156.922089, 0.000000, 
157.894363, 0.000000, 
158.899384, 0.000000, 
160.030106, 0.000000, 
161.093842, 0.000000, 
161.952316, 0.000000, 
162.941879, 0.000000, 
163.900177, 0.000000, 
164.938477, 0.000000, 
165.994156, 0.000000, 
167.023514, 0.000000, 
168.047150, 0.000000, 
169.043488, 0.000000, 
169.990829, 0.000000, 
171.015106, 0.000000, 
172.030807, 0.000000, 
173.049683, 0.000000, 
174.079620, 0.000000, 
175.020279, 0.000000, 
175.974899, 0.000000, 
177.015274, 0.000000, 
178.029251, 0.000000, 
178.970596, 0.000000, 
179.908615, 0.000000, 
180.998199, 0.000000, 
182.040344, 0.000000, 
183.043594, 0.000000, 
184.069122, 0.000000, 
184.979584, 0.000000, 
186.019547, 0.000000, 
187.025391, 0.000000, 
187.971146, 0.000000, 
189.018524, 0.000000, 
190.021576, 0.000000, 
191.011261, 0.000000, 
192.050354, 0.000000, 
192.952408, 0.000000, 
193.954788, 0.000000, 
195.019440, 0.000000, 
195.942703, 0.000000, 
197.015732, 0.000000, 
197.956207, 0.000000, 
198.990738, 0.000000, 
