-0.124554, 0.000000, 
1.557961, 0.000000, 
1.908725, 0.000000, 
3.558970, 0.000000, 
4.057930, 0.000000, 
4.938513, 0.000000, 
6.509653, 0.000000, 
7.065503, 0.000000, 
8.095932, 0.000000, 
8.840557, 0.000000, 
10.348891, 0.000000, 
11.355075, 0.000000, 
11.740499, 0.000000, 
13.508383, 0.000000, 
13.736146, 0.000000, 
15.490982, 0.000000, 
16.055244, 0.000000, 
16.906809, 0.000000, 
18.139490, 0.000000, 
18.689146, 0.000000, 
20.179867, 0.000000, 
20.808598, 0.000000, 
22.441195, 0.000000, 
23.691189, 0.000000, 
23.976507, 0.000000, 
25.314875, 0.000000, 
25.532263, 0.000000, 
27.142149, 0.000000, 
28.406033, 0.000000, 
29.050339, 0.000000, 
30.197346, 0.000000, 
31.099989, 0.000000, 
31.488644, 0.000000, 
33.023403, 0.000000, 
33.796356, 0.000000, 
34.920277, 0.000000, 
36.242760, 0.000000, 
37.345226, 0.000000, 
38.384537, 0.000000, 
39.084343, 0.000000, 
39.650280, 0.000000, 
41.186649, 0.000000, 
41.569195, 0.000000, 
43.143810, 0.000000, 
44.084564, 0.000000, 
44.868034, 0.000000, 
46.007175, 0.000000, 
46.898579, 0.000000, 
48.219669, 0.000000, 
48.755108, 0.000000, 
49.634289, 0.000000, 
50.613270, 0.000000, 
52.260853, 0.000000, 
52.788578, 0.000000, 
53.385578, 0.000000, 
55.176991, 0.000000, 
56.270996, 0.000000, 
56.831871, 0.000000, 
58.051670, 0.000000, 
59.380032, 0.000000, 
59.646786, 0.000000, 
60.766281, 0.000000, 
62.635361, 0.000000, 
63.304714, 0.000000, 
63.696762, 0.000000, 
65.036942, 0.000000, 
65.476379, 0.000000, 
67.318916, 0.000000, 
67.926727, 0.000000, 
68.507751, 0.000000, 
69.639671, 0.000000, 
71.169998, 0.000000, 
72.043579, 0.000000, 
73.490334, 0.000000, 
74.233856, 0.000000, 
75.348495, 0.000000, 
76.287949, 0.000000, 
76.447327, 0.000000, 
78.199089, 0.000000, 
78.915833, 0.000000, 
79.777969, 0.000000, 
80.519012, 0.000000, 
82.147003, 0.000000, 
83.052231, 0.000000, 
83.822411, 0.000000, 
85.116570, 0.000000, 
86.154861, 0.000000, 
86.938255, 0.000000, 
87.681435, 0.000000, 
88.756729, 0.000000, 
90.167809, 0.000000, 
91.350471, 0.000000, 
92.588890, 0.000000, 
93.046921, 0.000000, 
94.311813, 0.000000, 
94.864067, 0.000000, 
96.498650, 0.000000, 
96.878609, 0.000000, 
97.815903, 0.000000, 
98.972137, 0.000000, 
100.318291, 0.000000, 
100.701759, 0.000000, 
102.903236, 0.000000, 
103.255310, 0.000000, 
103.957214, 0.000000, 
104.757698, 0.000000, 
106.231758, 0.000000, 
106.903084, 0.000000, 
108.187035, 0.000000, 
109.226799, 0.000000, 
110.748871, 0.000000, 
111.168785, 0.000000, 
112.184509, 0.000000, 
113.134209, 0.000000, 
113.764809, 0.000000, 
114.844231, 0.000000, 
116.045868, 0.000000, 
116.766357, 0.000000, 
118.595978, 0.000000, 
119.259644, 0.000000, 
120.265022, 0.000000, 
121.064491, 0.000000, 
122.343285, 0.000000, 
123.621384, 0.000000, 
124.497490, 0.000000, 
124.666489, 0.000000, 
126.022202, 0.000000, 
127.013069, 0.000000, 
128.095459, 0.000000, 
129.243408, 0.000000, 
130.133881, 0.000000, 
131.084824, 0.000000, 
132.033249, 0.000000, 
133.249466, 0.000000, 
134.095963, 0.000000, 
134.862427, 0.000000, 
135.684540, 0.000000, 
137.503387, 0.000000, 
137.711838, 0.000000, 
138.514526, 0.000000, 
139.742416, 0.000000, 
141.534546, 0.000000, 
141.886749, 0.000000, 
142.941833, 0.000000, 
144.059021, 0.000000, 
144.997314, 0.000000, 
145.906601, 0.000000, 
147.033142, 0.000000, 
148.352509, 0.000000, 
149.359802, 0.000000, 
150.490463, 0.000000, 
150.604492, 0.000000, 
151.714111, 0.000000, 
153.102798, 0.000000, 
154.118851, 0.000000, 
154.810562, 0.000000, 
156.567017, 0.000000, 
157.067154, 0.000000, 
158.116974, 0.000000, 
158.789581, 0.000000, 
160.189514, 0.000000, 
160.503372, 0.000000, 
161.975082, 0.000000, 
163.233093, 0.000000, 
164.389664, 0.000000, 
165.103561, 0.000000, 
165.864502, 0.000000, 
167.576859, 0.000000, 
168.165115, 0.000000, 
169.066772, 0.000000, 
170.381683, 0.000000, 
171.130890, 0.000000, 
171.712509, 0.000000, 
173.095871, 0.000000, 
174.186279, 0.000000, 
174.826141, 0.000000, 
176.623505, 0.000000, 
177.008896, 0.000000, 
177.835114, 0.000000, 
179.034439, 0.000000, 
179.880722, 0.000000, 
180.737885, 0.000000, 
182.232681, 0.000000, 
182.646317, 0.000000, 
183.830841, 0.000000, 
185.134598, 0.000000, 
186.080643, 0.000000, 
186.940002, 0.000000, 
188.355255, 0.000000, 
188.863113, 0.000000, 
190.327148, 0.000000, 
191.032867, 0.000000, 
192.493027, 0.000000, 
193.124268, 0.000000, 
194.190979, 0.000000, 
194.804779, 0.000000, 
196.028412, 0.000000, 
196.973083, 0.000000, 
198.225403, 0.000000, 
198.887192, 0.000000, 
