-0.228431, 0.000000, 
0.649019, 0.000000, 
2.170940, 0.000000, 
2.537080, 0.000000, 
3.804517, 0.000000, 
4.748344, 0.000000, 
5.818964, 0.000000, 
7.377789, 0.000000, 
7.708252, 0.000000, 
8.720186, 0.000000, 
8.997417, 0.000000, 
10.594735, 0.000000, 
11.201175, 0.000000, 
13.223681, 0.000000, 
14.609007, 0.000000, 
14.991016, 0.000000, 
15.737459, 0.000000, 
16.996653, 0.000000, 
17.549231, 0.000000, 
19.184858, 0.000000, 
19.782717, 0.000000, 
21.334341, 0.000000, 
21.902544, 0.000000, 
23.569038, 0.000000, 
23.890255, 0.000000, 
24.187206, 0.000000, 
25.772078, 0.000000, 
27.080524, 0.000000, 
27.568371, 0.000000, 
28.991480, 0.000000, 
29.959478, 0.000000, 
30.934208, 0.000000, 
31.995808, 0.000000, 
32.847305, 0.000000, 
33.936127, 0.000000, 
35.213474, 0.000000, 
36.448757, 0.000000, 
37.054321, 0.000000, 
37.715862, 0.000000, 
39.450760, 0.000000, 
39.988487, 0.000000, 
40.131393, 0.000000, 
41.878517, 0.000000, 
43.043633, 0.000000, 
44.261990, 0.000000, 
44.985043, 0.000000, 
46.385925, 0.000000, 
46.641891, 0.000000, 
47.879662, 0.000000, 
48.402519, 0.000000, 
50.482151, 0.000000, 
50.610733, 0.000000, 
51.671642, 0.000000, 
53.288193, 0.000000, 
53.497356, 0.000000, 
55.795860, 0.000000, 
56.545731, 0.000000, 
57.220257, 0.000000, 
57.671490, 0.000000, 
59.361015, 0.000000, 
60.038231, 0.000000, 
61.138935, 0.000000, 
61.400742, 0.000000, 
62.864120, 0.000000, 
63.835556, 0.000000, 
64.370186, 0.000000, 
65.759499, 0.000000, 
67.007652, 0.000000, 
68.129875, 0.000000, 
68.642563, 0.000000, 
70.229568, 0.000000, 
71.548332, 0.000000, 
72.412643, 0.000000, 
72.780472, 0.000000, 
74.012299, 0.000000, 
74.920723, 0.000000, 
75.365990, 0.000000, 
76.845657, 0.000000, 
78.546646, 0.000000, 
78.676147, 0.000000, 
79.717865, 0.000000, 
80.493385, 0.000000, 
81.330994, 0.000000, 
83.161781, 0.000000, 
83.986900, 0.000000, 
84.278023, 0.000000, 
85.701286, 0.000000, 
86.697578, 0.000000, 
87.669868, 0.000000, 
89.172684, 0.000000, 
90.253792, 0.000000, 
91.217865, 0.000000, 
91.419876, 0.000000, 
91.836815, 0.000000, 
93.648766, 0.000000, 
95.081306, 0.000000, 
95.763687, 0.000000, 
97.306236, 0.000000, 
98.011360, 0.000000, 
99.684692, 0.000000, 
100.445663, 0.000000, 
101.284378, 0.000000, 
102.241562, 0.000000, 
103.358566, 0.000000, 
103.826996, 0.000000, 
104.852295, 0.000000, 
106.308914, 0.000000, 
106.824776, 0.000000, 
107.612938, 0.000000, 
109.284042, 0.000000, 
109.681587, 0.000000, 
111.046173, 0.000000, 
112.276047, 0.000000, 
113.109322, 0.000000, 
114.139679, 0.000000, 
114.183197, 0.000000, 
116.143867, 0.000000, 
116.583801, 0.000000, 
117.684380, 0.000000, 
118.898743, 0.000000, 
119.900093, 0.000000, 
121.192215, 0.000000, 
122.263222, 0.000000, 
122.509361, 0.000000, 
124.600403, 0.000000, 
124.874863, 0.000000, 
126.369873, 0.000000, 
127.362068, 0.000000, 
127.882523, 0.000000, 
128.759201, 0.000000, 
130.208649, 0.000000, 
130.394638, 0.000000, 
131.529556, 0.000000, 
132.610382, 0.000000, 
133.243927, 0.000000, 
134.736557, 0.000000, 
136.974258, 0.000000, 
137.050781, 0.000000, 
137.722626, 0.000000, 
138.395233, 0.000000, 
139.812653, 0.000000, 
141.127167, 0.000000, 
141.889999, 0.000000, 
141.985229, 0.000000, 
144.267410, 0.000000, 
145.689789, 0.000000, 
146.748032, 0.000000, 
146.761200, 0.000000, 
147.383545, 0.000000, 
148.627151, 0.000000, 
150.378174, 0.000000, 
151.114258, 0.000000, 
152.380371, 0.000000, 
153.468964, 0.000000, 
154.119751, 0.000000, 
154.911423, 0.000000, 
155.532669, 0.000000, 
157.027878, 0.000000, 
157.225647, 0.000000, 
159.486252, 0.000000, 
160.256714, 0.000000, 
160.396622, 0.000000, 
162.559769, 0.000000, 
162.717621, 0.000000, 
163.654694, 0.000000, 
165.027924, 0.000000, 
166.148438, 0.000000, 
167.127350, 0.000000, 
167.890396, 0.000000, 
169.942734, 0.000000, 
170.585068, 0.000000, 
170.982117, 0.000000, 
172.706070, 0.000000, 
173.257217, 0.000000, 
173.997818, 0.000000, 
174.766312, 0.000000, 
176.402832, 0.000000, 
177.484116, 0.000000, 
177.970352, 0.000000, 
179.056534, 0.000000, 
180.054825, 0.000000, 
180.201248, 0.000000, 
181.113678, 0.000000, 
183.657867, 0.000000, 
183.991821, 0.000000, 
185.775620, 0.000000, 
186.581223, 0.000000, 
187.682831, 0.000000, 
187.714203, 0.000000, 
189.279907, 0.000000, 
189.890884, 0.000000, 
191.519714, 0.000000, 
192.337830, 0.000000, 
192.960403, 0.000000, 
193.847153, 0.000000, 
194.967987, 0.000000, 
195.502731, 0.000000, 
196.738846, 0.000000, 
198.078262, 0.000000, 
198.939835, 0.000000, 
