0.245810, 0.000000, 
0.991481, 0.000000, 
2.047552, 0.000000, 
2.864836, 0.000000, 
3.711821, 0.000000, 
4.721970, 0.000000, 
6.337262, 0.000000, 
7.372266, 0.000000, 
8.177127, 0.000000, 
9.559420, 0.000000, 
9.922398, 0.000000, 
11.054920, 0.000000, 
12.739841, 0.000000, 
12.883265, 0.000000, 
13.346400, 0.000000, 
15.664556, 0.000000, 
15.761189, 0.000000, 
16.384838, 0.000000, 
16.762127, 0.000000, 
18.634243, 0.000000, 
20.677471, 0.000000, 
21.097540, 0.000000, 
21.725302, 0.000000, 
23.543388, 0.000000, 
23.597208, 0.000000, 
24.898178, 0.000000, 
25.649519, 0.000000, 
27.428804, 0.000000, 
28.015305, 0.000000, 
28.961010, 0.000000, 
29.304205, 0.000000, 
31.281536, 0.000000, 
31.364773, 0.000000, 
33.177971, 0.000000, 
33.222553, 0.000000, 
35.202843, 0.000000, 
36.563259, 0.000000, 
37.221920, 0.000000, 
38.541767, 0.000000, 
39.280529, 0.000000, 
39.701141, 0.000000, 
41.300514, 0.000000, 
41.909306, 0.000000, 
42.757931, 0.000000, 
44.362099, 0.000000, 
45.259018, 0.000000, 
46.549370, 0.000000, 
46.581970, 0.000000, 
47.109982, 0.000000, 
48.978573, 0.000000, 
51.061638, 0.000000, 
51.210793, 0.000000, 
52.108215, 0.000000, 
52.990601, 0.000000, 
54.597843, 0.000000, 
54.687313, 0.000000, 
55.626682, 0.000000, 
56.580780, 0.000000, 
57.904961, 0.000000, 
59.103470, 0.000000, 
60.345932, 0.000000, 
60.763901, 0.000000, 
62.157547, 0.000000, 
62.238136, 0.000000, 
64.036896, 0.000000, 
64.774475, 0.000000, 
65.752983, 0.000000, 
66.289162, 0.000000, 
68.129692, 0.000000, 
68.436348, 0.000000, 
69.235092, 0.000000, 
71.724930, 0.000000, 
71.760384, 0.000000, 
73.576996, 0.000000, 
74.011108, 0.000000, 
75.300987, 0.000000, 
76.196358, 0.000000, 
77.148560, 0.000000, 
77.482285, 0.000000, 
77.866325, 0.000000, 
80.268997, 0.000000, 
81.155579, 0.000000, 
81.884483, 0.000000, 
82.673576, 0.000000, 
84.556068, 0.000000, 
84.775345, 0.000000, 
86.805588, 0.000000, 
87.114624, 0.000000, 
87.708359, 0.000000, 
88.258621, 0.000000, 
89.243454, 0.000000, 
91.504257, 0.000000, 
91.520889, 0.000000, 
92.500511, 0.000000, 
94.244377, 0.000000, 
95.146126, 0.000000, 
96.028252, 0.000000, 
96.834076, 0.000000, 
98.367020, 0.000000, 
98.949745, 0.000000, 
100.634979, 0.000000, 
101.099503, 0.000000, 
102.189194, 0.000000, 
103.258461, 0.000000, 
104.274948, 0.000000, 
104.760994, 0.000000, 
106.597618, 0.000000, 
107.162849, 0.000000, 
107.470253, 0.000000, 
108.202644, 0.000000, 
109.998169, 0.000000, 
110.310188, 0.000000, 
111.388458, 0.000000, 
113.199974, 0.000000, 
113.927132, 0.000000, 
115.902397, 0.000000, 
116.039536, 0.000000, 
116.369720, 0.000000, 
117.348099, 0.000000, 
119.232452, 0.000000, 
119.665459, 0.000000, 
121.375389, 0.000000, 
122.297958, 0.000000, 
122.959305, 0.000000, 
123.249481, 0.000000, 
124.608788, 0.000000, 
126.143990, 0.000000, 
127.938850, 0.000000, 
128.503906, 0.000000, 
128.802597, 0.000000, 
130.394150, 0.000000, 
131.340820, 0.000000, 
131.655991, 0.000000, 
132.935867, 0.000000, 
132.954285, 0.000000, 
135.110550, 0.000000, 
136.033890, 0.000000, 
136.967499, 0.000000, 
138.222061, 0.000000, 
139.166061, 0.000000, 
140.316223, 0.000000, 
140.599716, 0.000000, 
142.116028, 0.000000, 
143.240967, 0.000000, 
143.276245, 0.000000, 
145.175278, 0.000000, 
145.748856, 0.000000, 
146.706696, 0.000000, 
148.021286, 0.000000, 
148.308090, 0.000000, 
150.543427, 0.000000, 
150.634048, 0.000000, 
151.372086, 0.000000, 
153.216873, 0.000000, 
153.819199, 0.000000, 
154.720566, 0.000000, 
156.584656, 0.000000, 
156.793365, 0.000000, 
158.792450, 0.000000, 
159.222672, 0.000000, 
160.172012, 0.000000, 
160.610626, 0.000000, 
161.835327, 0.000000, 
162.939819, 0.000000, 
163.799591, 0.000000, 
165.606461, 0.000000, 
165.760239, 0.000000, 
167.107208, 0.000000, 
168.528595, 0.000000, 
169.047470, 0.000000, 
170.015427, 0.000000, 
171.489609, 0.000000, 
171.779968, 0.000000, 
172.048996, 0.000000, 
173.899338, 0.000000, 
175.154144, 0.000000, 
175.482651, 0.000000, 
177.177200, 0.000000, 
177.938095, 0.000000, 
179.103256, 0.000000, 
180.158035, 0.000000, 
180.682281, 0.000000, 
182.504242, 0.000000, 
183.314117, 0.000000, 
184.390640, 0.000000, 
185.478302, 0.000000, 
186.076843, 0.000000, 
187.123962, 0.000000, 
187.994003, 0.000000, 
188.279480, 0.000000, 
189.938873, 0.000000, 
190.709259, 0.000000, 
191.529510, 0.000000, 
193.381714, 0.000000, 
193.688278, 0.000000, 
194.822128, 0.000000, 
196.188889, 0.000000, 
196.381012, 0.000000, 
198.052246, 0.000000, 
199.335785, 0.000000, 
