2.272015, 0.000000, 
2.439356, 0.000000, 
2.947225, 0.000000, 
3.580036, 0.000000, 
4.002616, 0.000000, 
5.634428, 0.000000, 
5.682843, 0.000000, 
5.778786, 0.000000, 
5.823407, 0.000000, 
6.388611, 0.000000, 
7.767816, 0.000000, 
9.549807, 0.000000, 
10.110523, 0.000000, 
10.390650, 0.000000, 
10.726069, 0.000000, 
11.204897, 0.000000, 
11.430297, 0.000000, 
14.390047, 0.000000, 
14.447195, 0.000000, 
15.891472, 0.000000, 
16.437416, 0.000000, 
19.008516, 0.000000, 
19.499434, 0.000000, 
20.563023, 0.000000, 
20.769766, 0.000000, 
21.204348, 0.000000, 
21.516932, 0.000000, 
21.591942, 0.000000, 
21.726561, 0.000000, 
22.737406, 0.000000, 
23.921169, 0.000000, 
24.611681, 0.000000, 
25.503267, 0.000000, 
28.415972, 0.000000, 
30.373222, 0.000000, 
31.980944, 0.000000, 
33.704617, 0.000000, 
37.629314, 0.000000, 
38.113441, 0.000000, 
38.605984, 0.000000, 
