0.002996, 0.000000, 
0.117703, 0.000000, 
0.463639, 0.000000, 
1.235763, 0.000000, 
2.516834, 0.000000, 
3.956710, 0.000000, 
4.397398, 0.000000, 
7.747327, 0.000000, 
8.243089, 0.000000, 
8.350842, 0.000000, 
8.948898, 0.000000, 
9.236219, 0.000000, 
9.976337, 0.000000, 
10.696484, 0.000000, 
11.042092, 0.000000, 
12.470583, 0.000000, 
13.103669, 0.000000, 
17.460394, 0.000000, 
18.210987, 0.000000, 
21.564867, 0.000000, 
22.189459, 0.000000, 
22.261553, 0.000000, 
22.728821, 0.000000, 
22.994755, 0.000000, 
24.945457, 0.000000, 
26.113632, 0.000000, 
27.713949, 0.000000, 
29.140539, 0.000000, 
29.394917, 0.000000, 
31.961048, 0.000000, 
33.641998, 0.000000, 
34.920280, 0.000000, 
35.579056, 0.000000, 
35.999165, 0.000000, 
36.240387, 0.000000, 
36.465275, 0.000000, 
37.909042, 0.000000, 
38.462704, 0.000000, 
39.135998, 0.000000, 
39.696770, 0.000000, 
