1.352508, 0.000000, 
4.502966, 0.000000, 
5.441385, 0.000000, 
6.376634, 0.000000, 
7.046226, 0.000000, 
9.326721, 0.000000, 
9.827677, 0.000000, 
10.341289, 0.000000, 
10.544494, 0.000000, 
10.745034, 0.000000, 
11.468451, 0.000000, 
11.676743, 0.000000, 
11.817885, 0.000000, 
13.132367, 0.000000, 
14.661762, 0.000000, 
16.190605, 0.000000, 
16.400946, 0.000000, 
16.663671, 0.000000, 
16.682375, 0.000000, 
17.148130, 0.000000, 
17.490932, 0.000000, 
17.560619, 0.000000, 
19.202431, 0.000000, 
21.603376, 0.000000, 
23.315981, 0.000000, 
24.389460, 0.000000, 
25.204458, 0.000000, 
25.584721, 0.000000, 
25.886564, 0.000000, 
26.673262, 0.000000, 
26.778183, 0.000000, 
26.890703, 0.000000, 
28.898771, 0.000000, 
28.909927, 0.000000, 
30.164122, 0.000000, 
34.560417, 0.000000, 
37.797428, 0.000000, 
38.715256, 0.000000, 
39.156269, 0.000000, 
39.961395, 0.000000, 
