-0.132610, 0.000000, 
1.002961, 0.000000, 
2.031178, 0.000000, 
2.939294, 0.000000, 
3.859780, 0.000000, 
5.160039, 0.000000, 
6.123726, 0.000000, 
6.918412, 0.000000, 
7.916597, 0.000000, 
9.134575, 0.000000, 
10.074912, 0.000000, 
10.886334, 0.000000, 
12.093500, 0.000000, 
12.890110, 0.000000, 
14.179239, 0.000000, 
14.826396, 0.000000, 
15.827323, 0.000000, 
17.088906, 0.000000, 
17.997444, 0.000000, 
18.833017, 0.000000, 
19.854450, 0.000000, 
20.928026, 0.000000, 
21.986303, 0.000000, 
23.041892, 0.000000, 
24.191180, 0.000000, 
25.189073, 0.000000, 
25.924713, 0.000000, 
27.016831, 0.000000, 
28.149146, 0.000000, 
28.912276, 0.000000, 
29.977188, 0.000000, 
31.091719, 0.000000, 
31.986070, 0.000000, 
33.191891, 0.000000, 
33.851011, 0.000000, 
35.016254, 0.000000, 
36.165058, 0.000000, 
36.856950, 0.000000, 
37.918024, 0.000000, 
39.012863, 0.000000, 
