0.263035, 0.000000, 
0.636018, 0.000000, 
1.800653, 0.000000, 
3.202994, 0.000000, 
3.903157, 0.000000, 
4.611974, 0.000000, 
5.683956, 0.000000, 
7.039264, 0.000000, 
8.388156, 0.000000, 
8.893536, 0.000000, 
9.710525, 0.000000, 
11.049693, 0.000000, 
11.732611, 0.000000, 
12.613016, 0.000000, 
13.742994, 0.000000, 
14.787137, 0.000000, 
15.897472, 0.000000, 
16.856982, 0.000000, 
17.875132, 0.000000, 
19.023453, 0.000000, 
19.856050, 0.000000, 
21.032660, 0.000000, 
21.961070, 0.000000, 
23.194676, 0.000000, 
23.816428, 0.000000, 
25.327884, 0.000000, 
25.817364, 0.000000, 
26.841934, 0.000000, 
27.646842, 0.000000, 
28.975615, 0.000000, 
29.681305, 0.000000, 
30.813487, 0.000000, 
31.879299, 0.000000, 
32.668380, 0.000000, 
33.937067, 0.000000, 
35.318176, 0.000000, 
35.996493, 0.000000, 
36.763585, 0.000000, 
37.723681, 0.000000, 
38.991480, 0.000000, 
