0.054033, 0.000000, 
1.008274, 0.000000, 
1.967754, 0.000000, 
3.068799, 0.000000, 
3.905643, 0.000000, 
5.071027, 0.000000, 
6.030811, 0.000000, 
7.023774, 0.000000, 
8.062545, 0.000000, 
8.921992, 0.000000, 
10.056536, 0.000000, 
11.059527, 0.000000, 
11.942546, 0.000000, 
13.073650, 0.000000, 
14.067798, 0.000000, 
15.036325, 0.000000, 
15.985574, 0.000000, 
17.063051, 0.000000, 
18.035271, 0.000000, 
18.952543, 0.000000, 
19.975457, 0.000000, 
21.039791, 0.000000, 
22.042070, 0.000000, 
23.015255, 0.000000, 
23.928834, 0.000000, 
24.941173, 0.000000, 
26.027531, 0.000000, 
26.983796, 0.000000, 
27.935472, 0.000000, 
28.992940, 0.000000, 
29.921277, 0.000000, 
30.910091, 0.000000, 
31.953801, 0.000000, 
32.996811, 0.000000, 
33.926838, 0.000000, 
35.040954, 0.000000, 
36.027162, 0.000000, 
37.029394, 0.000000, 
37.962189, 0.000000, 
39.025610, 0.000000, 
