0.941451, 0.000000, 
1.185416, 0.000000, 
1.298551, 0.000000, 
2.625621, 0.000000, 
3.078364, 0.000000, 
3.865858, 0.000000, 
6.391478, 0.000000, 
7.898660, 0.000000, 
10.939288, 0.000000, 
11.003845, 0.000000, 
12.248538, 0.000000, 
12.256787, 0.000000, 
12.360462, 0.000000, 
12.623365, 0.000000, 
13.826425, 0.000000, 
14.746557, 0.000000, 
15.547845, 0.000000, 
15.921986, 0.000000, 
16.027117, 0.000000, 
16.362465, 0.000000, 
16.990168, 0.000000, 
17.089815, 0.000000, 
18.026371, 0.000000, 
18.148119, 0.000000, 
18.882088, 0.000000, 
19.060650, 0.000000, 
21.085758, 0.000000, 
22.004419, 0.000000, 
22.027128, 0.000000, 
27.719082, 0.000000, 
27.957811, 0.000000, 
30.902630, 0.000000, 
31.190144, 0.000000, 
32.841534, 0.000000, 
34.003067, 0.000000, 
34.492989, 0.000000, 
35.243164, 0.000000, 
35.627739, 0.000000, 
36.025852, 0.000000, 
36.459721, 0.000000, 
37.451298, 0.000000, 
39.102509, 0.000000, 
39.238136, 0.000000, 
40.693699, 0.000000, 
40.897949, 0.000000, 
41.653870, 0.000000, 
42.034473, 0.000000, 
42.453773, 0.000000, 
43.573364, 0.000000, 
44.320557, 0.000000, 
45.564575, 0.000000, 
46.242176, 0.000000, 
46.324783, 0.000000, 
46.489632, 0.000000, 
46.650780, 0.000000, 
47.236343, 0.000000, 
47.682014, 0.000000, 
50.409889, 0.000000, 
50.705982, 0.000000, 
51.524868, 0.000000, 
51.615696, 0.000000, 
53.031887, 0.000000, 
53.903484, 0.000000, 
57.969437, 0.000000, 
58.519367, 0.000000, 
61.944408, 0.000000, 
62.457054, 0.000000, 
62.480335, 0.000000, 
63.762665, 0.000000, 
64.062202, 0.000000, 
65.414841, 0.000000, 
65.447235, 0.000000, 
66.455910, 0.000000, 
66.641426, 0.000000, 
68.695084, 0.000000, 
70.993019, 0.000000, 
71.522812, 0.000000, 
72.111229, 0.000000, 
72.564453, 0.000000, 
74.646973, 0.000000, 
74.904648, 0.000000, 
77.707069, 0.000000, 
79.190437, 0.000000, 
80.683708, 0.000000, 
80.828247, 0.000000, 
83.265900, 0.000000, 
83.410912, 0.000000, 
83.904480, 0.000000, 
85.649887, 0.000000, 
86.262428, 0.000000, 
87.308327, 0.000000, 
89.054634, 0.000000, 
91.411774, 0.000000, 
92.071098, 0.000000, 
92.576164, 0.000000, 
95.147156, 0.000000, 
95.781883, 0.000000, 
96.418037, 0.000000, 
96.467834, 0.000000, 
97.357224, 0.000000, 
98.520668, 0.000000, 
100.379547, 0.000000, 
103.494003, 0.000000, 
104.334587, 0.000000, 
104.430374, 0.000000, 
104.513252, 0.000000, 
104.601242, 0.000000, 
105.657890, 0.000000, 
105.912987, 0.000000, 
108.063568, 0.000000, 
108.854919, 0.000000, 
109.567848, 0.000000, 
110.659523, 0.000000, 
110.735931, 0.000000, 
111.599632, 0.000000, 
112.240723, 0.000000, 
113.305939, 0.000000, 
117.208717, 0.000000, 
117.637642, 0.000000, 
118.467194, 0.000000, 
119.922173, 0.000000, 
120.259224, 0.000000, 
123.843811, 0.000000, 
124.105568, 0.000000, 
124.467224, 0.000000, 
125.844315, 0.000000, 
128.130707, 0.000000, 
128.350494, 0.000000, 
128.598831, 0.000000, 
130.412796, 0.000000, 
130.994370, 0.000000, 
131.113693, 0.000000, 
132.311859, 0.000000, 
132.502243, 0.000000, 
132.824219, 0.000000, 
134.407349, 0.000000, 
134.698151, 0.000000, 
135.905930, 0.000000, 
137.307465, 0.000000, 
138.342041, 0.000000, 
138.540375, 0.000000, 
141.615982, 0.000000, 
144.892807, 0.000000, 
145.119690, 0.000000, 
145.646759, 0.000000, 
145.854721, 0.000000, 
147.616806, 0.000000, 
147.723923, 0.000000, 
151.232834, 0.000000, 
152.251068, 0.000000, 
153.210480, 0.000000, 
153.435074, 0.000000, 
153.466324, 0.000000, 
154.358200, 0.000000, 
154.752930, 0.000000, 
155.756088, 0.000000, 
156.500076, 0.000000, 
156.802292, 0.000000, 
157.315735, 0.000000, 
157.604263, 0.000000, 
160.218063, 0.000000, 
166.400986, 0.000000, 
168.478882, 0.000000, 
169.706818, 0.000000, 
170.277191, 0.000000, 
170.691269, 0.000000, 
170.718430, 0.000000, 
170.934891, 0.000000, 
171.382187, 0.000000, 
172.498505, 0.000000, 
172.982925, 0.000000, 
173.842819, 0.000000, 
174.324539, 0.000000, 
174.634201, 0.000000, 
175.289200, 0.000000, 
175.905060, 0.000000, 
176.312469, 0.000000, 
177.249115, 0.000000, 
178.579926, 0.000000, 
178.988800, 0.000000, 
179.426041, 0.000000, 
182.158981, 0.000000, 
182.665039, 0.000000, 
183.776260, 0.000000, 
187.130539, 0.000000, 
188.081482, 0.000000, 
189.224457, 0.000000, 
192.447678, 0.000000, 
192.509323, 0.000000, 
192.567947, 0.000000, 
193.721451, 0.000000, 
194.604080, 0.000000, 
194.784149, 0.000000, 
195.655945, 0.000000, 
196.143936, 0.000000, 
197.349365, 0.000000, 
198.307999, 0.000000, 
198.459641, 0.000000, 
199.352875, 0.000000, 
199.797394, 0.000000, 
