0.236857, 0.000000, 
1.553567, 0.000000, 
3.609916, 0.000000, 
4.691483, 0.000000, 
5.130096, 0.000000, 
6.829370, 0.000000, 
7.952509, 0.000000, 
8.081457, 0.000000, 
8.658123, 0.000000, 
9.246101, 0.000000, 
12.526902, 0.000000, 
13.835569, 0.000000, 
17.381525, 0.000000, 
17.516171, 0.000000, 
18.673210, 0.000000, 
21.681801, 0.000000, 
23.661699, 0.000000, 
25.996693, 0.000000, 
26.389009, 0.000000, 
27.348223, 0.000000, 
27.728802, 0.000000, 
28.664837, 0.000000, 
29.752600, 0.000000, 
31.191835, 0.000000, 
32.205444, 0.000000, 
32.392189, 0.000000, 
32.980328, 0.000000, 
33.940830, 0.000000, 
34.585117, 0.000000, 
35.623234, 0.000000, 
36.958466, 0.000000, 
38.391857, 0.000000, 
40.226280, 0.000000, 
40.406075, 0.000000, 
41.149769, 0.000000, 
42.562309, 0.000000, 
42.958576, 0.000000, 
44.197521, 0.000000, 
45.911304, 0.000000, 
46.158272, 0.000000, 
46.416561, 0.000000, 
48.255329, 0.000000, 
48.613483, 0.000000, 
48.975830, 0.000000, 
50.224407, 0.000000, 
50.410397, 0.000000, 
53.002289, 0.000000, 
54.218704, 0.000000, 
55.416035, 0.000000, 
57.884464, 0.000000, 
58.022362, 0.000000, 
58.392452, 0.000000, 
58.715706, 0.000000, 
59.300308, 0.000000, 
59.968502, 0.000000, 
63.050953, 0.000000, 
63.411999, 0.000000, 
63.817207, 0.000000, 
64.286880, 0.000000, 
64.580254, 0.000000, 
66.672470, 0.000000, 
66.678528, 0.000000, 
67.071495, 0.000000, 
67.595802, 0.000000, 
67.814331, 0.000000, 
69.228424, 0.000000, 
69.558487, 0.000000, 
72.674919, 0.000000, 
74.559608, 0.000000, 
76.668480, 0.000000, 
76.797791, 0.000000, 
76.869354, 0.000000, 
77.595337, 0.000000, 
78.743019, 0.000000, 
80.475708, 0.000000, 
80.501190, 0.000000, 
81.685928, 0.000000, 
81.909828, 0.000000, 
82.559837, 0.000000, 
82.786011, 0.000000, 
82.958427, 0.000000, 
85.379692, 0.000000, 
86.688545, 0.000000, 
87.450790, 0.000000, 
89.779274, 0.000000, 
90.498528, 0.000000, 
90.731148, 0.000000, 
90.790512, 0.000000, 
92.654518, 0.000000, 
92.826408, 0.000000, 
96.526291, 0.000000, 
97.293266, 0.000000, 
98.105286, 0.000000, 
98.892258, 0.000000, 
99.199013, 0.000000, 
101.034477, 0.000000, 
101.653992, 0.000000, 
102.616081, 0.000000, 
103.211189, 0.000000, 
103.647011, 0.000000, 
104.213417, 0.000000, 
106.614182, 0.000000, 
107.490936, 0.000000, 
107.894051, 0.000000, 
108.365822, 0.000000, 
108.651054, 0.000000, 
108.895531, 0.000000, 
109.514595, 0.000000, 
109.520851, 0.000000, 
111.030319, 0.000000, 
115.146202, 0.000000, 
116.037643, 0.000000, 
117.432594, 0.000000, 
120.494034, 0.000000, 
120.577194, 0.000000, 
120.627769, 0.000000, 
120.639008, 0.000000, 
121.251320, 0.000000, 
121.617477, 0.000000, 
121.823662, 0.000000, 
122.806534, 0.000000, 
122.928818, 0.000000, 
124.762329, 0.000000, 
126.917152, 0.000000, 
126.973480, 0.000000, 
127.033592, 0.000000, 
127.455658, 0.000000, 
128.270279, 0.000000, 
129.773376, 0.000000, 
130.357834, 0.000000, 
131.228653, 0.000000, 
131.757904, 0.000000, 
133.656342, 0.000000, 
134.923187, 0.000000, 
135.025833, 0.000000, 
135.477585, 0.000000, 
135.779373, 0.000000, 
137.423477, 0.000000, 
137.706833, 0.000000, 
137.969604, 0.000000, 
139.266815, 0.000000, 
139.940964, 0.000000, 
140.745712, 0.000000, 
141.802704, 0.000000, 
143.104111, 0.000000, 
144.831650, 0.000000, 
144.997025, 0.000000, 
146.866943, 0.000000, 
150.150589, 0.000000, 
152.326248, 0.000000, 
152.578705, 0.000000, 
152.849426, 0.000000, 
153.001877, 0.000000, 
153.435730, 0.000000, 
153.512207, 0.000000, 
154.624847, 0.000000, 
160.016632, 0.000000, 
160.552643, 0.000000, 
162.222549, 0.000000, 
163.098938, 0.000000, 
163.342499, 0.000000, 
165.755402, 0.000000, 
166.732986, 0.000000, 
166.801773, 0.000000, 
167.582184, 0.000000, 
169.186798, 0.000000, 
169.295700, 0.000000, 
169.343781, 0.000000, 
169.510223, 0.000000, 
171.004959, 0.000000, 
172.111069, 0.000000, 
172.872437, 0.000000, 
173.134903, 0.000000, 
174.728455, 0.000000, 
175.370071, 0.000000, 
177.286133, 0.000000, 
178.523453, 0.000000, 
178.565857, 0.000000, 
178.734863, 0.000000, 
178.908081, 0.000000, 
179.623947, 0.000000, 
181.664459, 0.000000, 
182.997177, 0.000000, 
183.539322, 0.000000, 
183.681580, 0.000000, 
184.774155, 0.000000, 
189.487244, 0.000000, 
190.093369, 0.000000, 
191.042679, 0.000000, 
191.824432, 0.000000, 
192.923691, 0.000000, 
193.467407, 0.000000, 
193.687469, 0.000000, 
193.850143, 0.000000, 
195.848907, 0.000000, 
196.981522, 0.000000, 
197.852356, 0.000000, 
197.884232, 0.000000, 
198.329559, 0.000000, 
198.790207, 0.000000, 
