1.384994, 0.000000, 
2.072586, 0.000000, 
2.857436, 0.000000, 
4.698149, 0.000000, 
5.596732, 0.000000, 
6.384268, 0.000000, 
6.516906, 0.000000, 
6.943646, 0.000000, 
7.080398, 0.000000, 
8.802029, 0.000000, 
12.715077, 0.000000, 
12.793983, 0.000000, 
13.163766, 0.000000, 
13.408294, 0.000000, 
14.245130, 0.000000, 
15.437042, 0.000000, 
15.684809, 0.000000, 
15.810024, 0.000000, 
16.925758, 0.000000, 
17.220184, 0.000000, 
20.223423, 0.000000, 
20.311523, 0.000000, 
21.860052, 0.000000, 
22.142307, 0.000000, 
23.737080, 0.000000, 
24.391090, 0.000000, 
25.202564, 0.000000, 
25.611471, 0.000000, 
28.817400, 0.000000, 
29.705158, 0.000000, 
31.306036, 0.000000, 
33.734402, 0.000000, 
33.795399, 0.000000, 
35.495689, 0.000000, 
35.660370, 0.000000, 
37.038998, 0.000000, 
38.344398, 0.000000, 
39.254070, 0.000000, 
39.526161, 0.000000, 
40.472370, 0.000000, 
42.047466, 0.000000, 
42.534145, 0.000000, 
43.102032, 0.000000, 
43.179478, 0.000000, 
44.169552, 0.000000, 
45.829712, 0.000000, 
45.857700, 0.000000, 
45.983261, 0.000000, 
46.205936, 0.000000, 
46.225094, 0.000000, 
46.517380, 0.000000, 
46.742809, 0.000000, 
48.851475, 0.000000, 
49.849411, 0.000000, 
50.599876, 0.000000, 
51.095066, 0.000000, 
51.280861, 0.000000, 
51.295319, 0.000000, 
52.561432, 0.000000, 
54.221466, 0.000000, 
55.417030, 0.000000, 
56.750141, 0.000000, 
60.765438, 0.000000, 
61.002167, 0.000000, 
62.379967, 0.000000, 
63.619331, 0.000000, 
65.437759, 0.000000, 
66.894714, 0.000000, 
66.923332, 0.000000, 
67.289261, 0.000000, 
67.866196, 0.000000, 
70.233963, 0.000000, 
70.444748, 0.000000, 
70.517937, 0.000000, 
70.847275, 0.000000, 
71.441879, 0.000000, 
72.164246, 0.000000, 
72.386200, 0.000000, 
76.461800, 0.000000, 
77.103989, 0.000000, 
78.211128, 0.000000, 
78.675697, 0.000000, 
81.008080, 0.000000, 
83.585999, 0.000000, 
85.510780, 0.000000, 
86.988602, 0.000000, 
87.130821, 0.000000, 
88.822121, 0.000000, 
89.069145, 0.000000, 
89.727745, 0.000000, 
90.584854, 0.000000, 
90.756592, 0.000000, 
91.331200, 0.000000, 
92.519249, 0.000000, 
93.450768, 0.000000, 
93.628395, 0.000000, 
93.648659, 0.000000, 
94.742706, 0.000000, 
95.034912, 0.000000, 
95.665321, 0.000000, 
95.895058, 0.000000, 
96.926216, 0.000000, 
97.985886, 0.000000, 
98.765923, 0.000000, 
99.997963, 0.000000, 
100.653778, 0.000000, 
101.321640, 0.000000, 
103.845200, 0.000000, 
107.516212, 0.000000, 
108.096642, 0.000000, 
110.044823, 0.000000, 
110.064270, 0.000000, 
110.152145, 0.000000, 
110.164589, 0.000000, 
111.249756, 0.000000, 
111.849007, 0.000000, 
113.062790, 0.000000, 
114.753410, 0.000000, 
115.353119, 0.000000, 
117.195793, 0.000000, 
117.587891, 0.000000, 
118.070938, 0.000000, 
118.459564, 0.000000, 
119.906433, 0.000000, 
120.743790, 0.000000, 
120.854012, 0.000000, 
121.124687, 0.000000, 
121.195015, 0.000000, 
121.858757, 0.000000, 
122.602432, 0.000000, 
123.369576, 0.000000, 
125.818207, 0.000000, 
127.755112, 0.000000, 
128.414398, 0.000000, 
128.480942, 0.000000, 
129.821869, 0.000000, 
132.003403, 0.000000, 
132.495560, 0.000000, 
135.102753, 0.000000, 
135.625626, 0.000000, 
136.275604, 0.000000, 
140.451797, 0.000000, 
140.860245, 0.000000, 
141.173141, 0.000000, 
142.461472, 0.000000, 
142.464432, 0.000000, 
143.356293, 0.000000, 
143.712921, 0.000000, 
149.365601, 0.000000, 
150.607651, 0.000000, 
151.432373, 0.000000, 
152.026993, 0.000000, 
154.927261, 0.000000, 
155.052444, 0.000000, 
155.147324, 0.000000, 
155.215363, 0.000000, 
155.427383, 0.000000, 
157.288437, 0.000000, 
158.933243, 0.000000, 
159.974335, 0.000000, 
160.184128, 0.000000, 
160.338882, 0.000000, 
161.125000, 0.000000, 
161.272125, 0.000000, 
162.472519, 0.000000, 
165.382187, 0.000000, 
165.408112, 0.000000, 
165.442520, 0.000000, 
167.927673, 0.000000, 
168.166840, 0.000000, 
168.719421, 0.000000, 
168.859711, 0.000000, 
171.318481, 0.000000, 
174.216202, 0.000000, 
177.370682, 0.000000, 
177.880142, 0.000000, 
178.681671, 0.000000, 
178.774445, 0.000000, 
179.165268, 0.000000, 
179.730301, 0.000000, 
179.779068, 0.000000, 
180.708359, 0.000000, 
182.221329, 0.000000, 
183.108643, 0.000000, 
183.467285, 0.000000, 
183.850739, 0.000000, 
183.973526, 0.000000, 
185.386307, 0.000000, 
187.299973, 0.000000, 
188.349747, 0.000000, 
188.675690, 0.000000, 
190.180740, 0.000000, 
192.150085, 0.000000, 
192.717636, 0.000000, 
193.134857, 0.000000, 
194.895706, 0.000000, 
195.091156, 0.000000, 
199.398239, 0.000000, 
199.472672, 0.000000, 
199.647888, 0.000000, 
