0.597395, 0.000000, 
0.827228, 0.000000, 
3.338272, 0.000000, 
4.252338, 0.000000, 
4.283728, 0.000000, 
5.002407, 0.000000, 
5.295848, 0.000000, 
5.324475, 0.000000, 
7.280103, 0.000000, 
8.664989, 0.000000, 
12.289959, 0.000000, 
13.492025, 0.000000, 
14.160082, 0.000000, 
15.416572, 0.000000, 
16.165094, 0.000000, 
16.358061, 0.000000, 
16.383121, 0.000000, 
17.509188, 0.000000, 
17.530563, 0.000000, 
19.421944, 0.000000, 
20.260027, 0.000000, 
20.317911, 0.000000, 
20.324675, 0.000000, 
20.817932, 0.000000, 
21.787678, 0.000000, 
26.815962, 0.000000, 
27.384459, 0.000000, 
30.007545, 0.000000, 
30.567272, 0.000000, 
31.993837, 0.000000, 
32.062653, 0.000000, 
32.237125, 0.000000, 
32.256474, 0.000000, 
35.400928, 0.000000, 
37.193661, 0.000000, 
37.950993, 0.000000, 
41.814625, 0.000000, 
41.818493, 0.000000, 
44.960808, 0.000000, 
45.208054, 0.000000, 
45.353268, 0.000000, 
46.543427, 0.000000, 
48.890442, 0.000000, 
50.671654, 0.000000, 
52.241817, 0.000000, 
54.320263, 0.000000, 
54.326981, 0.000000, 
54.531765, 0.000000, 
55.169018, 0.000000, 
56.857719, 0.000000, 
57.012062, 0.000000, 
58.357765, 0.000000, 
59.128132, 0.000000, 
59.522224, 0.000000, 
60.134964, 0.000000, 
60.401257, 0.000000, 
61.758900, 0.000000, 
63.842411, 0.000000, 
64.608490, 0.000000, 
64.714539, 0.000000, 
64.751854, 0.000000, 
66.321503, 0.000000, 
67.327759, 0.000000, 
68.857132, 0.000000, 
69.309082, 0.000000, 
69.646858, 0.000000, 
70.463867, 0.000000, 
71.432350, 0.000000, 
72.123001, 0.000000, 
72.565414, 0.000000, 
72.980736, 0.000000, 
73.254219, 0.000000, 
73.612175, 0.000000, 
73.620476, 0.000000, 
74.012436, 0.000000, 
74.094704, 0.000000, 
78.948524, 0.000000, 
78.966835, 0.000000, 
79.356339, 0.000000, 
79.804077, 0.000000, 
79.921394, 0.000000, 
79.939545, 0.000000, 
80.092484, 0.000000, 
80.394150, 0.000000, 
83.074722, 0.000000, 
84.145523, 0.000000, 
84.487160, 0.000000, 
85.819946, 0.000000, 
85.994942, 0.000000, 
86.979065, 0.000000, 
92.208000, 0.000000, 
92.410820, 0.000000, 
92.659599, 0.000000, 
93.215042, 0.000000, 
94.315948, 0.000000, 
94.983955, 0.000000, 
97.494934, 0.000000, 
97.551804, 0.000000, 
99.339897, 0.000000, 
100.244812, 0.000000, 
100.911720, 0.000000, 
102.563896, 0.000000, 
103.299263, 0.000000, 
105.634583, 0.000000, 
106.920258, 0.000000, 
107.198395, 0.000000, 
107.900650, 0.000000, 
108.030502, 0.000000, 
108.351006, 0.000000, 
108.541344, 0.000000, 
108.665283, 0.000000, 
109.198669, 0.000000, 
110.306404, 0.000000, 
111.082268, 0.000000, 
111.183510, 0.000000, 
111.210373, 0.000000, 
111.463882, 0.000000, 
112.061806, 0.000000, 
113.960861, 0.000000, 
115.592903, 0.000000, 
115.917763, 0.000000, 
116.123947, 0.000000, 
116.503815, 0.000000, 
116.773415, 0.000000, 
118.719734, 0.000000, 
124.990906, 0.000000, 
125.003059, 0.000000, 
125.756683, 0.000000, 
125.820648, 0.000000, 
128.562592, 0.000000, 
128.636429, 0.000000, 
129.855011, 0.000000, 
130.829117, 0.000000, 
132.947525, 0.000000, 
133.669388, 0.000000, 
134.651367, 0.000000, 
135.941666, 0.000000, 
136.399292, 0.000000, 
139.462402, 0.000000, 
140.374222, 0.000000, 
143.187103, 0.000000, 
143.908386, 0.000000, 
144.851807, 0.000000, 
145.299728, 0.000000, 
145.306030, 0.000000, 
145.338715, 0.000000, 
145.958893, 0.000000, 
146.006775, 0.000000, 
147.259064, 0.000000, 
147.489655, 0.000000, 
148.507492, 0.000000, 
148.789688, 0.000000, 
149.074570, 0.000000, 
150.314102, 0.000000, 
151.240875, 0.000000, 
151.325577, 0.000000, 
152.257477, 0.000000, 
152.391022, 0.000000, 
153.425537, 0.000000, 
153.794708, 0.000000, 
163.729919, 0.000000, 
165.091141, 0.000000, 
165.431137, 0.000000, 
166.054901, 0.000000, 
166.937927, 0.000000, 
168.581100, 0.000000, 
169.764969, 0.000000, 
170.003555, 0.000000, 
170.126984, 0.000000, 
172.676773, 0.000000, 
172.763824, 0.000000, 
175.024612, 0.000000, 
175.459946, 0.000000, 
176.376373, 0.000000, 
176.436218, 0.000000, 
177.074142, 0.000000, 
178.589706, 0.000000, 
178.854492, 0.000000, 
179.545624, 0.000000, 
180.471207, 0.000000, 
180.721909, 0.000000, 
180.805984, 0.000000, 
181.551468, 0.000000, 
181.951447, 0.000000, 
182.542053, 0.000000, 
183.042633, 0.000000, 
183.836304, 0.000000, 
185.227249, 0.000000, 
189.708206, 0.000000, 
190.555695, 0.000000, 
190.745270, 0.000000, 
190.969940, 0.000000, 
193.905762, 0.000000, 
194.144852, 0.000000, 
195.138367, 0.000000, 
195.924194, 0.000000, 
197.911804, 0.000000, 
198.699127, 0.000000, 
199.714554, 0.000000, 
199.833664, 0.000000, 
