0.363546, 0.000000, 
2.106225, 0.000000, 
6.121018, 0.000000, 
7.656361, 0.000000, 
7.943338, 0.000000, 
8.076466, 0.000000, 
8.675496, 0.000000, 
9.012909, 0.000000, 
9.226651, 0.000000, 
9.454967, 0.000000, 
11.111937, 0.000000, 
11.277854, 0.000000, 
11.369044, 0.000000, 
11.435166, 0.000000, 
12.658255, 0.000000, 
14.711312, 0.000000, 
14.946174, 0.000000, 
16.612473, 0.000000, 
17.551090, 0.000000, 
17.752680, 0.000000, 
19.108019, 0.000000, 
19.128435, 0.000000, 
19.664988, 0.000000, 
20.467028, 0.000000, 
23.664068, 0.000000, 
25.348991, 0.000000, 
25.711491, 0.000000, 
28.463535, 0.000000, 
29.060654, 0.000000, 
29.063532, 0.000000, 
29.924223, 0.000000, 
30.434170, 0.000000, 
31.095982, 0.000000, 
31.409044, 0.000000, 
31.600849, 0.000000, 
32.120514, 0.000000, 
32.966896, 0.000000, 
35.868183, 0.000000, 
37.102184, 0.000000, 
37.333355, 0.000000, 
37.794758, 0.000000, 
43.177769, 0.000000, 
44.383179, 0.000000, 
44.468288, 0.000000, 
45.014717, 0.000000, 
46.614029, 0.000000, 
48.154503, 0.000000, 
48.346130, 0.000000, 
48.657040, 0.000000, 
49.424873, 0.000000, 
50.796883, 0.000000, 
51.816486, 0.000000, 
52.186413, 0.000000, 
55.906082, 0.000000, 
59.095173, 0.000000, 
59.472858, 0.000000, 
60.432346, 0.000000, 
60.619942, 0.000000, 
61.529995, 0.000000, 
62.236134, 0.000000, 
63.543068, 0.000000, 
64.104744, 0.000000, 
67.309204, 0.000000, 
67.675659, 0.000000, 
69.432297, 0.000000, 
70.811035, 0.000000, 
71.198288, 0.000000, 
71.430603, 0.000000, 
71.984146, 0.000000, 
72.080162, 0.000000, 
74.353218, 0.000000, 
76.697220, 0.000000, 
79.832169, 0.000000, 
81.056458, 0.000000, 
81.178459, 0.000000, 
81.657196, 0.000000, 
81.842888, 0.000000, 
82.532303, 0.000000, 
83.409424, 0.000000, 
86.636292, 0.000000, 
87.148567, 0.000000, 
88.749893, 0.000000, 
91.160561, 0.000000, 
91.468597, 0.000000, 
91.524574, 0.000000, 
92.989929, 0.000000, 
95.522545, 0.000000, 
95.960983, 0.000000, 
96.256981, 0.000000, 
96.538910, 0.000000, 
99.735985, 0.000000, 
100.194473, 0.000000, 
100.803246, 0.000000, 
100.924232, 0.000000, 
102.136063, 0.000000, 
103.453194, 0.000000, 
103.588280, 0.000000, 
104.717270, 0.000000, 
105.596115, 0.000000, 
106.709419, 0.000000, 
108.885376, 0.000000, 
109.809410, 0.000000, 
111.167404, 0.000000, 
112.559692, 0.000000, 
113.309845, 0.000000, 
115.527252, 0.000000, 
116.778008, 0.000000, 
117.195480, 0.000000, 
120.122765, 0.000000, 
120.982483, 0.000000, 
121.056541, 0.000000, 
122.839310, 0.000000, 
123.956848, 0.000000, 
124.013306, 0.000000, 
124.770454, 0.000000, 
124.891151, 0.000000, 
125.146965, 0.000000, 
125.344421, 0.000000, 
125.410927, 0.000000, 
125.789124, 0.000000, 
127.716469, 0.000000, 
127.959602, 0.000000, 
128.882996, 0.000000, 
129.023148, 0.000000, 
129.169861, 0.000000, 
129.539307, 0.000000, 
131.536774, 0.000000, 
131.662216, 0.000000, 
135.582611, 0.000000, 
135.811478, 0.000000, 
136.142685, 0.000000, 
136.245911, 0.000000, 
136.370300, 0.000000, 
136.630692, 0.000000, 
136.987350, 0.000000, 
137.633423, 0.000000, 
139.089508, 0.000000, 
139.474762, 0.000000, 
141.337906, 0.000000, 
141.793900, 0.000000, 
142.179260, 0.000000, 
142.492065, 0.000000, 
143.135910, 0.000000, 
143.663177, 0.000000, 
144.094055, 0.000000, 
144.350189, 0.000000, 
145.681732, 0.000000, 
145.793488, 0.000000, 
148.316086, 0.000000, 
148.772552, 0.000000, 
148.985275, 0.000000, 
151.866837, 0.000000, 
152.235519, 0.000000, 
152.893234, 0.000000, 
153.138916, 0.000000, 
153.914078, 0.000000, 
154.411209, 0.000000, 
154.692612, 0.000000, 
154.703033, 0.000000, 
155.165131, 0.000000, 
156.271118, 0.000000, 
157.628860, 0.000000, 
157.682983, 0.000000, 
157.810883, 0.000000, 
161.884613, 0.000000, 
165.148666, 0.000000, 
168.068039, 0.000000, 
168.239075, 0.000000, 
168.478561, 0.000000, 
168.496384, 0.000000, 
169.643906, 0.000000, 
173.553741, 0.000000, 
177.102356, 0.000000, 
177.696625, 0.000000, 
180.333908, 0.000000, 
180.677322, 0.000000, 
182.734482, 0.000000, 
183.431244, 0.000000, 
183.670929, 0.000000, 
183.924210, 0.000000, 
184.057144, 0.000000, 
184.331863, 0.000000, 
186.135529, 0.000000, 
186.519287, 0.000000, 
186.569275, 0.000000, 
186.752640, 0.000000, 
186.786652, 0.000000, 
188.604767, 0.000000, 
188.614059, 0.000000, 
188.693588, 0.000000, 
189.362747, 0.000000, 
190.143570, 0.000000, 
191.930161, 0.000000, 
192.006638, 0.000000, 
192.630341, 0.000000, 
193.010910, 0.000000, 
196.319656, 0.000000, 
196.880264, 0.000000, 
197.561813, 0.000000, 
199.077988, 0.000000, 
