3.196501, 0.000000, 
3.667906, 0.000000, 
4.217012, 0.000000, 
4.255044, 0.000000, 
4.415210, 0.000000, 
4.468894, 0.000000, 
5.765048, 0.000000, 
7.755836, 0.000000, 
7.769690, 0.000000, 
10.112044, 0.000000, 
10.216988, 0.000000, 
10.560137, 0.000000, 
11.760490, 0.000000, 
11.921716, 0.000000, 
13.823060, 0.000000, 
16.218651, 0.000000, 
16.343956, 0.000000, 
17.063166, 0.000000, 
17.350630, 0.000000, 
18.091921, 0.000000, 
18.152500, 0.000000, 
18.321007, 0.000000, 
18.372585, 0.000000, 
18.707357, 0.000000, 
19.287298, 0.000000, 
19.643982, 0.000000, 
19.800035, 0.000000, 
21.263891, 0.000000, 
21.787073, 0.000000, 
22.899622, 0.000000, 
23.250433, 0.000000, 
26.453684, 0.000000, 
26.648994, 0.000000, 
28.314049, 0.000000, 
28.559858, 0.000000, 
29.662853, 0.000000, 
30.832035, 0.000000, 
31.232122, 0.000000, 
32.638321, 0.000000, 
34.135902, 0.000000, 
36.491360, 0.000000, 
37.628288, 0.000000, 
38.192070, 0.000000, 
38.933060, 0.000000, 
40.308865, 0.000000, 
40.554394, 0.000000, 
43.985039, 0.000000, 
47.923054, 0.000000, 
50.242569, 0.000000, 
54.559727, 0.000000, 
54.937603, 0.000000, 
55.546944, 0.000000, 
56.096279, 0.000000, 
58.459927, 0.000000, 
58.959801, 0.000000, 
60.026974, 0.000000, 
61.598698, 0.000000, 
65.556076, 0.000000, 
66.088142, 0.000000, 
66.134865, 0.000000, 
66.294342, 0.000000, 
68.514786, 0.000000, 
68.735046, 0.000000, 
69.292244, 0.000000, 
69.815178, 0.000000, 
70.182541, 0.000000, 
70.311829, 0.000000, 
70.750664, 0.000000, 
71.104698, 0.000000, 
71.601509, 0.000000, 
71.855797, 0.000000, 
72.648804, 0.000000, 
74.199524, 0.000000, 
74.479530, 0.000000, 
76.003708, 0.000000, 
76.238449, 0.000000, 
78.923645, 0.000000, 
79.287651, 0.000000, 
80.016411, 0.000000, 
80.496521, 0.000000, 
80.818512, 0.000000, 
80.885796, 0.000000, 
84.028244, 0.000000, 
85.528183, 0.000000, 
86.062630, 0.000000, 
86.839020, 0.000000, 
87.431908, 0.000000, 
94.029015, 0.000000, 
94.981369, 0.000000, 
96.409416, 0.000000, 
96.610252, 0.000000, 
96.850037, 0.000000, 
98.099098, 0.000000, 
99.467491, 0.000000, 
101.482460, 0.000000, 
101.529663, 0.000000, 
101.919792, 0.000000, 
102.652817, 0.000000, 
105.470558, 0.000000, 
107.006821, 0.000000, 
107.253151, 0.000000, 
108.593597, 0.000000, 
109.313324, 0.000000, 
109.365097, 0.000000, 
109.434143, 0.000000, 
112.662964, 0.000000, 
113.384254, 0.000000, 
114.106667, 0.000000, 
114.404350, 0.000000, 
116.144257, 0.000000, 
116.340248, 0.000000, 
116.455139, 0.000000, 
116.671303, 0.000000, 
118.128952, 0.000000, 
118.207382, 0.000000, 
118.214516, 0.000000, 
118.247246, 0.000000, 
118.990486, 0.000000, 
119.201157, 0.000000, 
119.668854, 0.000000, 
120.136375, 0.000000, 
120.622986, 0.000000, 
122.453720, 0.000000, 
122.836830, 0.000000, 
123.035248, 0.000000, 
124.221977, 0.000000, 
124.531517, 0.000000, 
125.786461, 0.000000, 
125.850113, 0.000000, 
126.455658, 0.000000, 
126.765617, 0.000000, 
126.936958, 0.000000, 
128.688293, 0.000000, 
128.802765, 0.000000, 
129.423950, 0.000000, 
129.948013, 0.000000, 
130.311722, 0.000000, 
131.716537, 0.000000, 
131.964172, 0.000000, 
133.885925, 0.000000, 
134.055359, 0.000000, 
134.261246, 0.000000, 
135.950256, 0.000000, 
137.289154, 0.000000, 
137.926498, 0.000000, 
138.081284, 0.000000, 
138.793915, 0.000000, 
139.392166, 0.000000, 
140.993958, 0.000000, 
143.329865, 0.000000, 
143.825790, 0.000000, 
144.218658, 0.000000, 
145.294800, 0.000000, 
145.946869, 0.000000, 
148.972092, 0.000000, 
149.039703, 0.000000, 
149.841202, 0.000000, 
152.409882, 0.000000, 
153.224030, 0.000000, 
156.406891, 0.000000, 
157.067886, 0.000000, 
157.959991, 0.000000, 
157.989166, 0.000000, 
158.709137, 0.000000, 
158.913788, 0.000000, 
159.980453, 0.000000, 
161.495209, 0.000000, 
163.241302, 0.000000, 
165.973892, 0.000000, 
166.026749, 0.000000, 
166.410553, 0.000000, 
166.743317, 0.000000, 
167.202103, 0.000000, 
167.397995, 0.000000, 
167.720840, 0.000000, 
169.257141, 0.000000, 
169.373459, 0.000000, 
169.849869, 0.000000, 
171.854034, 0.000000, 
172.272690, 0.000000, 
174.187683, 0.000000, 
174.738007, 0.000000, 
176.824020, 0.000000, 
177.564957, 0.000000, 
177.667587, 0.000000, 
181.002502, 0.000000, 
181.512695, 0.000000, 
184.654999, 0.000000, 
185.238892, 0.000000, 
186.503586, 0.000000, 
186.863693, 0.000000, 
187.758423, 0.000000, 
190.469742, 0.000000, 
191.129181, 0.000000, 
191.217804, 0.000000, 
194.573257, 0.000000, 
195.912308, 0.000000, 
196.094742, 0.000000, 
196.303162, 0.000000, 
199.078323, 0.000000, 
