0.563986, 0.000000, 
1.951705, 0.000000, 
2.516326, 0.000000, 
3.602390, 0.000000, 
4.916620, 0.000000, 
5.864293, 0.000000, 
6.638302, 0.000000, 
6.655425, 0.000000, 
7.173661, 0.000000, 
7.973400, 0.000000, 
9.097410, 0.000000, 
9.740289, 0.000000, 
11.063347, 0.000000, 
11.105196, 0.000000, 
14.880591, 0.000000, 
16.920887, 0.000000, 
18.144316, 0.000000, 
18.556572, 0.000000, 
19.175186, 0.000000, 
19.659384, 0.000000, 
20.016676, 0.000000, 
20.817814, 0.000000, 
21.196554, 0.000000, 
21.507353, 0.000000, 
21.793924, 0.000000, 
24.110590, 0.000000, 
25.028576, 0.000000, 
25.777700, 0.000000, 
26.098372, 0.000000, 
27.201485, 0.000000, 
27.750044, 0.000000, 
29.823032, 0.000000, 
29.996035, 0.000000, 
30.957872, 0.000000, 
31.168182, 0.000000, 
31.895498, 0.000000, 
32.147026, 0.000000, 
32.396179, 0.000000, 
33.072464, 0.000000, 
33.610786, 0.000000, 
34.470901, 0.000000, 
35.776119, 0.000000, 
37.491741, 0.000000, 
38.098194, 0.000000, 
38.804142, 0.000000, 
39.283020, 0.000000, 
39.456112, 0.000000, 
39.870361, 0.000000, 
39.939919, 0.000000, 
40.398426, 0.000000, 
40.411797, 0.000000, 
43.002384, 0.000000, 
43.552937, 0.000000, 
43.705833, 0.000000, 
44.309505, 0.000000, 
46.054703, 0.000000, 
46.967010, 0.000000, 
47.131126, 0.000000, 
48.683975, 0.000000, 
48.874069, 0.000000, 
50.282066, 0.000000, 
51.860107, 0.000000, 
52.623722, 0.000000, 
53.913540, 0.000000, 
55.802418, 0.000000, 
57.439865, 0.000000, 
57.691536, 0.000000, 
57.817780, 0.000000, 
58.867542, 0.000000, 
60.054535, 0.000000, 
60.576412, 0.000000, 
61.066456, 0.000000, 
61.475636, 0.000000, 
62.066036, 0.000000, 
62.556076, 0.000000, 
62.692493, 0.000000, 
63.369186, 0.000000, 
65.088364, 0.000000, 
67.882797, 0.000000, 
68.044609, 0.000000, 
69.352943, 0.000000, 
69.705795, 0.000000, 
72.839050, 0.000000, 
75.303413, 0.000000, 
75.401093, 0.000000, 
77.663857, 0.000000, 
79.043159, 0.000000, 
79.800766, 0.000000, 
81.306122, 0.000000, 
83.000481, 0.000000, 
84.002174, 0.000000, 
85.853455, 0.000000, 
86.270744, 0.000000, 
86.611824, 0.000000, 
86.907715, 0.000000, 
88.381462, 0.000000, 
89.463913, 0.000000, 
91.615631, 0.000000, 
92.023705, 0.000000, 
95.056625, 0.000000, 
97.166290, 0.000000, 
97.522675, 0.000000, 
100.033669, 0.000000, 
100.893227, 0.000000, 
100.982109, 0.000000, 
101.412636, 0.000000, 
102.062897, 0.000000, 
103.739487, 0.000000, 
104.016388, 0.000000, 
104.445297, 0.000000, 
105.738815, 0.000000, 
107.661774, 0.000000, 
109.521576, 0.000000, 
109.756989, 0.000000, 
110.479195, 0.000000, 
110.810463, 0.000000, 
113.752937, 0.000000, 
117.496078, 0.000000, 
118.600784, 0.000000, 
118.976387, 0.000000, 
119.122513, 0.000000, 
119.848755, 0.000000, 
120.135422, 0.000000, 
120.307426, 0.000000, 
120.431282, 0.000000, 
120.791405, 0.000000, 
126.086586, 0.000000, 
126.849602, 0.000000, 
126.854576, 0.000000, 
127.631439, 0.000000, 
128.254944, 0.000000, 
128.340088, 0.000000, 
129.047836, 0.000000, 
131.419022, 0.000000, 
132.532516, 0.000000, 
136.366257, 0.000000, 
137.828934, 0.000000, 
139.326965, 0.000000, 
139.657715, 0.000000, 
141.163010, 0.000000, 
141.960968, 0.000000, 
142.124191, 0.000000, 
142.439255, 0.000000, 
143.031174, 0.000000, 
143.299393, 0.000000, 
144.484528, 0.000000, 
144.890686, 0.000000, 
145.933304, 0.000000, 
149.243942, 0.000000, 
149.751404, 0.000000, 
150.191544, 0.000000, 
153.668808, 0.000000, 
154.619919, 0.000000, 
154.780640, 0.000000, 
154.955414, 0.000000, 
155.160477, 0.000000, 
156.669388, 0.000000, 
157.192551, 0.000000, 
158.452774, 0.000000, 
158.853500, 0.000000, 
159.298264, 0.000000, 
160.439224, 0.000000, 
161.405319, 0.000000, 
161.958664, 0.000000, 
162.609863, 0.000000, 
164.935226, 0.000000, 
165.352722, 0.000000, 
167.284821, 0.000000, 
167.748993, 0.000000, 
167.788971, 0.000000, 
170.212875, 0.000000, 
172.416351, 0.000000, 
173.926086, 0.000000, 
173.956497, 0.000000, 
174.313766, 0.000000, 
175.093994, 0.000000, 
175.212204, 0.000000, 
175.603455, 0.000000, 
177.604980, 0.000000, 
178.301010, 0.000000, 
178.466949, 0.000000, 
178.825714, 0.000000, 
180.741028, 0.000000, 
181.180466, 0.000000, 
181.988556, 0.000000, 
183.959534, 0.000000, 
184.202499, 0.000000, 
185.470825, 0.000000, 
188.608612, 0.000000, 
188.749710, 0.000000, 
189.686295, 0.000000, 
190.250229, 0.000000, 
193.196152, 0.000000, 
193.575317, 0.000000, 
195.804413, 0.000000, 
196.361038, 0.000000, 
196.810608, 0.000000, 
198.083069, 0.000000, 
198.221695, 0.000000, 
198.702438, 0.000000, 
