0.700830, 0.000000, 
1.101675, 0.000000, 
1.230612, 0.000000, 
1.325719, 0.000000, 
1.737839, 0.000000, 
5.186146, 0.000000, 
5.441628, 0.000000, 
5.553761, 0.000000, 
6.075479, 0.000000, 
6.517600, 0.000000, 
7.256546, 0.000000, 
8.485089, 0.000000, 
8.598762, 0.000000, 
9.777797, 0.000000, 
11.241891, 0.000000, 
12.189577, 0.000000, 
12.801852, 0.000000, 
13.874323, 0.000000, 
16.831377, 0.000000, 
17.483887, 0.000000, 
17.720242, 0.000000, 
18.301956, 0.000000, 
19.083399, 0.000000, 
19.107960, 0.000000, 
21.682020, 0.000000, 
22.175581, 0.000000, 
22.287983, 0.000000, 
22.692467, 0.000000, 
23.125151, 0.000000, 
23.422812, 0.000000, 
25.403225, 0.000000, 
26.621458, 0.000000, 
26.923923, 0.000000, 
27.803909, 0.000000, 
27.824652, 0.000000, 
27.922054, 0.000000, 
30.018009, 0.000000, 
31.166574, 0.000000, 
32.414215, 0.000000, 
33.610748, 0.000000, 
35.335686, 0.000000, 
35.688141, 0.000000, 
37.254078, 0.000000, 
39.414146, 0.000000, 
39.461952, 0.000000, 
40.063202, 0.000000, 
41.856720, 0.000000, 
41.869953, 0.000000, 
42.866119, 0.000000, 
45.441601, 0.000000, 
45.612156, 0.000000, 
46.733715, 0.000000, 
48.293388, 0.000000, 
48.786251, 0.000000, 
50.448536, 0.000000, 
50.560093, 0.000000, 
50.608078, 0.000000, 
50.631866, 0.000000, 
51.167442, 0.000000, 
53.267826, 0.000000, 
55.386551, 0.000000, 
55.768967, 0.000000, 
57.121082, 0.000000, 
57.733463, 0.000000, 
59.965160, 0.000000, 
60.640842, 0.000000, 
61.775749, 0.000000, 
62.041622, 0.000000, 
62.369007, 0.000000, 
63.818279, 0.000000, 
64.559319, 0.000000, 
65.024460, 0.000000, 
65.916458, 0.000000, 
66.651154, 0.000000, 
68.542778, 0.000000, 
68.683205, 0.000000, 
68.998138, 0.000000, 
72.171967, 0.000000, 
72.716347, 0.000000, 
73.005829, 0.000000, 
73.302246, 0.000000, 
74.247498, 0.000000, 
77.719193, 0.000000, 
78.916954, 0.000000, 
80.059914, 0.000000, 
80.484917, 0.000000, 
81.117912, 0.000000, 
82.818832, 0.000000, 
83.117004, 0.000000, 
83.740685, 0.000000, 
85.223083, 0.000000, 
85.626579, 0.000000, 
85.873665, 0.000000, 
85.875633, 0.000000, 
85.907104, 0.000000, 
87.412315, 0.000000, 
88.499588, 0.000000, 
90.612297, 0.000000, 
90.904007, 0.000000, 
92.096344, 0.000000, 
92.606316, 0.000000, 
92.742859, 0.000000, 
95.046463, 0.000000, 
96.292137, 0.000000, 
98.064560, 0.000000, 
99.126160, 0.000000, 
99.798676, 0.000000, 
100.449760, 0.000000, 
103.160988, 0.000000, 
104.827065, 0.000000, 
105.199730, 0.000000, 
105.298729, 0.000000, 
106.408379, 0.000000, 
107.721649, 0.000000, 
108.172020, 0.000000, 
109.223579, 0.000000, 
109.681709, 0.000000, 
109.967072, 0.000000, 
110.113106, 0.000000, 
110.206856, 0.000000, 
111.007858, 0.000000, 
114.429146, 0.000000, 
114.822113, 0.000000, 
115.491348, 0.000000, 
116.200584, 0.000000, 
118.270042, 0.000000, 
118.362923, 0.000000, 
119.044319, 0.000000, 
120.471558, 0.000000, 
120.807625, 0.000000, 
121.925102, 0.000000, 
122.003151, 0.000000, 
122.087013, 0.000000, 
123.370590, 0.000000, 
125.509338, 0.000000, 
125.794472, 0.000000, 
126.031769, 0.000000, 
126.678764, 0.000000, 
129.921310, 0.000000, 
130.982925, 0.000000, 
132.214157, 0.000000, 
133.133301, 0.000000, 
133.727173, 0.000000, 
134.414154, 0.000000, 
139.456955, 0.000000, 
139.581421, 0.000000, 
142.688675, 0.000000, 
143.375107, 0.000000, 
144.547211, 0.000000, 
145.141998, 0.000000, 
146.317993, 0.000000, 
146.318771, 0.000000, 
146.777496, 0.000000, 
147.034256, 0.000000, 
148.441666, 0.000000, 
150.332764, 0.000000, 
154.308029, 0.000000, 
154.311142, 0.000000, 
154.557098, 0.000000, 
155.361496, 0.000000, 
159.360931, 0.000000, 
159.735306, 0.000000, 
160.673706, 0.000000, 
162.285599, 0.000000, 
163.263947, 0.000000, 
163.510223, 0.000000, 
163.887573, 0.000000, 
164.883087, 0.000000, 
165.403946, 0.000000, 
165.646515, 0.000000, 
165.800308, 0.000000, 
167.022507, 0.000000, 
171.118073, 0.000000, 
173.168427, 0.000000, 
174.204163, 0.000000, 
174.897736, 0.000000, 
176.685181, 0.000000, 
179.450775, 0.000000, 
179.946747, 0.000000, 
180.620575, 0.000000, 
180.719620, 0.000000, 
181.756119, 0.000000, 
185.790405, 0.000000, 
187.034744, 0.000000, 
187.672531, 0.000000, 
188.067673, 0.000000, 
189.354767, 0.000000, 
189.440903, 0.000000, 
190.533493, 0.000000, 
191.507309, 0.000000, 
192.241989, 0.000000, 
192.532700, 0.000000, 
193.266647, 0.000000, 
193.637985, 0.000000, 
195.873077, 0.000000, 
196.144241, 0.000000, 
196.840668, 0.000000, 
197.160294, 0.000000, 
198.774567, 0.000000, 
199.265015, 0.000000, 
