2.422412, 0.000000, 
4.910533, 0.000000, 
6.079734, 0.000000, 
6.290625, 0.000000, 
8.386160, 0.000000, 
9.889265, 0.000000, 
10.080452, 0.000000, 
13.573567, 0.000000, 
13.965356, 0.000000, 
15.312911, 0.000000, 
15.886312, 0.000000, 
16.547829, 0.000000, 
16.975071, 0.000000, 
18.800333, 0.000000, 
19.176809, 0.000000, 
19.388027, 0.000000, 
23.141819, 0.000000, 
23.616835, 0.000000, 
24.831394, 0.000000, 
27.122486, 0.000000, 
29.008766, 0.000000, 
29.047640, 0.000000, 
30.121054, 0.000000, 
30.467451, 0.000000, 
31.067867, 0.000000, 
34.634861, 0.000000, 
35.054684, 0.000000, 
38.372528, 0.000000, 
39.913185, 0.000000, 
40.553642, 0.000000, 
40.677986, 0.000000, 
41.420624, 0.000000, 
41.819229, 0.000000, 
43.376190, 0.000000, 
44.739166, 0.000000, 
44.997200, 0.000000, 
45.094074, 0.000000, 
45.554424, 0.000000, 
45.809807, 0.000000, 
46.167343, 0.000000, 
46.543179, 0.000000, 
49.853951, 0.000000, 
50.103848, 0.000000, 
50.223408, 0.000000, 
50.453022, 0.000000, 
53.977985, 0.000000, 
54.267399, 0.000000, 
54.401966, 0.000000, 
54.801773, 0.000000, 
55.404823, 0.000000, 
55.422752, 0.000000, 
55.881851, 0.000000, 
56.664013, 0.000000, 
60.645737, 0.000000, 
60.650448, 0.000000, 
61.732971, 0.000000, 
62.099792, 0.000000, 
62.104584, 0.000000, 
62.260799, 0.000000, 
63.282894, 0.000000, 
65.534531, 0.000000, 
72.268440, 0.000000, 
73.747009, 0.000000, 
74.452148, 0.000000, 
75.603149, 0.000000, 
77.244392, 0.000000, 
77.392960, 0.000000, 
78.001060, 0.000000, 
78.385376, 0.000000, 
79.997719, 0.000000, 
80.109520, 0.000000, 
80.199028, 0.000000, 
81.228363, 0.000000, 
81.822838, 0.000000, 
82.308441, 0.000000, 
82.769012, 0.000000, 
83.013031, 0.000000, 
83.526932, 0.000000, 
84.621109, 0.000000, 
85.726387, 0.000000, 
85.830627, 0.000000, 
86.547394, 0.000000, 
86.590988, 0.000000, 
86.629654, 0.000000, 
86.974579, 0.000000, 
87.602798, 0.000000, 
88.646645, 0.000000, 
89.165894, 0.000000, 
90.289108, 0.000000, 
90.577393, 0.000000, 
91.357727, 0.000000, 
92.129967, 0.000000, 
92.133461, 0.000000, 
93.585075, 0.000000, 
93.900032, 0.000000, 
96.900864, 0.000000, 
97.070969, 0.000000, 
97.102974, 0.000000, 
97.255135, 0.000000, 
98.501358, 0.000000, 
98.843544, 0.000000, 
99.948105, 0.000000, 
100.672462, 0.000000, 
100.967110, 0.000000, 
101.581406, 0.000000, 
101.952499, 0.000000, 
102.427132, 0.000000, 
102.589371, 0.000000, 
102.852776, 0.000000, 
102.884911, 0.000000, 
103.394432, 0.000000, 
103.500160, 0.000000, 
104.133080, 0.000000, 
104.413223, 0.000000, 
105.221893, 0.000000, 
109.437241, 0.000000, 
111.556229, 0.000000, 
111.666985, 0.000000, 
112.458382, 0.000000, 
113.522339, 0.000000, 
114.356621, 0.000000, 
114.466888, 0.000000, 
114.993073, 0.000000, 
115.047729, 0.000000, 
117.937935, 0.000000, 
118.846214, 0.000000, 
119.697739, 0.000000, 
121.063232, 0.000000, 
121.188072, 0.000000, 
123.574387, 0.000000, 
124.723854, 0.000000, 
125.003860, 0.000000, 
125.011055, 0.000000, 
125.794006, 0.000000, 
125.983841, 0.000000, 
126.370178, 0.000000, 
128.766693, 0.000000, 
128.957535, 0.000000, 
129.082382, 0.000000, 
130.791840, 0.000000, 
130.923599, 0.000000, 
134.418686, 0.000000, 
134.601105, 0.000000, 
134.607742, 0.000000, 
135.378098, 0.000000, 
137.345322, 0.000000, 
137.446396, 0.000000, 
139.460220, 0.000000, 
140.894073, 0.000000, 
141.031372, 0.000000, 
141.821915, 0.000000, 
143.909851, 0.000000, 
144.519043, 0.000000, 
145.789719, 0.000000, 
146.056747, 0.000000, 
146.177948, 0.000000, 
147.645508, 0.000000, 
151.460449, 0.000000, 
152.785446, 0.000000, 
153.392105, 0.000000, 
154.811905, 0.000000, 
154.902237, 0.000000, 
155.343124, 0.000000, 
155.720764, 0.000000, 
156.335022, 0.000000, 
157.694092, 0.000000, 
158.836273, 0.000000, 
159.147934, 0.000000, 
159.288086, 0.000000, 
160.015900, 0.000000, 
160.571671, 0.000000, 
161.636230, 0.000000, 
162.478149, 0.000000, 
163.144714, 0.000000, 
166.130005, 0.000000, 
166.246918, 0.000000, 
167.456406, 0.000000, 
167.694672, 0.000000, 
169.734650, 0.000000, 
170.182175, 0.000000, 
171.451599, 0.000000, 
171.600754, 0.000000, 
172.845734, 0.000000, 
174.389297, 0.000000, 
174.423660, 0.000000, 
175.497345, 0.000000, 
177.372330, 0.000000, 
177.712845, 0.000000, 
180.389526, 0.000000, 
183.859146, 0.000000, 
185.983871, 0.000000, 
186.834167, 0.000000, 
188.120865, 0.000000, 
189.078522, 0.000000, 
189.690399, 0.000000, 
194.592575, 0.000000, 
195.839798, 0.000000, 
196.605759, 0.000000, 
197.096237, 0.000000, 
197.573181, 0.000000, 
