1.815006, 0.000000, 
2.682989, 0.000000, 
2.901672, 0.000000, 
4.057718, 0.000000, 
8.036533, 0.000000, 
8.666827, 0.000000, 
9.239455, 0.000000, 
9.468130, 0.000000, 
11.793394, 0.000000, 
12.962079, 0.000000, 
13.311638, 0.000000, 
13.377971, 0.000000, 
14.000190, 0.000000, 
14.090501, 0.000000, 
15.237872, 0.000000, 
15.330572, 0.000000, 
16.152925, 0.000000, 
16.541832, 0.000000, 
17.306753, 0.000000, 
18.153261, 0.000000, 
18.272566, 0.000000, 
18.678972, 0.000000, 
23.029673, 0.000000, 
23.031603, 0.000000, 
23.100325, 0.000000, 
23.106777, 0.000000, 
23.191538, 0.000000, 
23.380318, 0.000000, 
24.126431, 0.000000, 
25.325764, 0.000000, 
26.176235, 0.000000, 
26.499769, 0.000000, 
28.756969, 0.000000, 
32.479534, 0.000000, 
32.614555, 0.000000, 
33.896870, 0.000000, 
34.252132, 0.000000, 
34.568211, 0.000000, 
35.060818, 0.000000, 
35.970932, 0.000000, 
41.140190, 0.000000, 
43.645168, 0.000000, 
43.813259, 0.000000, 
45.988728, 0.000000, 
47.156750, 0.000000, 
50.531281, 0.000000, 
50.917610, 0.000000, 
52.249390, 0.000000, 
52.633091, 0.000000, 
53.079350, 0.000000, 
53.750900, 0.000000, 
57.175995, 0.000000, 
57.475014, 0.000000, 
58.268127, 0.000000, 
59.329807, 0.000000, 
59.880554, 0.000000, 
59.914658, 0.000000, 
60.842213, 0.000000, 
64.025963, 0.000000, 
65.327026, 0.000000, 
66.258072, 0.000000, 
66.818192, 0.000000, 
67.795372, 0.000000, 
67.886734, 0.000000, 
68.049232, 0.000000, 
68.830307, 0.000000, 
70.162819, 0.000000, 
70.996246, 0.000000, 
73.918541, 0.000000, 
74.207970, 0.000000, 
76.000671, 0.000000, 
76.089890, 0.000000, 
76.527382, 0.000000, 
78.069130, 0.000000, 
80.627525, 0.000000, 
83.129189, 0.000000, 
84.993645, 0.000000, 
85.075912, 0.000000, 
87.006882, 0.000000, 
89.870140, 0.000000, 
90.715302, 0.000000, 
95.086472, 0.000000, 
95.307236, 0.000000, 
95.829391, 0.000000, 
97.508057, 0.000000, 
98.447029, 0.000000, 
99.104721, 0.000000, 
99.752922, 0.000000, 
102.655022, 0.000000, 
105.637917, 0.000000, 
108.095474, 0.000000, 
109.257492, 0.000000, 
110.648834, 0.000000, 
110.849632, 0.000000, 
111.335999, 0.000000, 
111.349541, 0.000000, 
111.494011, 0.000000, 
111.577431, 0.000000, 
112.850502, 0.000000, 
113.893242, 0.000000, 
115.783478, 0.000000, 
115.980179, 0.000000, 
117.269791, 0.000000, 
120.741966, 0.000000, 
124.108307, 0.000000, 
125.083466, 0.000000, 
125.721443, 0.000000, 
125.812515, 0.000000, 
126.478958, 0.000000, 
126.958549, 0.000000, 
127.194832, 0.000000, 
127.934273, 0.000000, 
128.496109, 0.000000, 
128.921036, 0.000000, 
129.110870, 0.000000, 
129.257126, 0.000000, 
129.791656, 0.000000, 
129.880920, 0.000000, 
131.915298, 0.000000, 
132.538376, 0.000000, 
132.593536, 0.000000, 
133.513138, 0.000000, 
133.601913, 0.000000, 
134.245544, 0.000000, 
134.410065, 0.000000, 
135.198273, 0.000000, 
135.332886, 0.000000, 
135.505798, 0.000000, 
135.532196, 0.000000, 
135.588074, 0.000000, 
136.611633, 0.000000, 
136.893585, 0.000000, 
137.114853, 0.000000, 
138.094360, 0.000000, 
138.125885, 0.000000, 
138.644257, 0.000000, 
139.919128, 0.000000, 
140.368439, 0.000000, 
141.424454, 0.000000, 
141.640686, 0.000000, 
142.319290, 0.000000, 
144.275665, 0.000000, 
144.722305, 0.000000, 
144.926865, 0.000000, 
145.592041, 0.000000, 
147.089386, 0.000000, 
147.466385, 0.000000, 
147.696991, 0.000000, 
148.436676, 0.000000, 
148.510574, 0.000000, 
150.354019, 0.000000, 
150.388107, 0.000000, 
150.514435, 0.000000, 
151.256958, 0.000000, 
151.823227, 0.000000, 
151.882462, 0.000000, 
152.583282, 0.000000, 
153.220596, 0.000000, 
153.871841, 0.000000, 
154.663254, 0.000000, 
155.655396, 0.000000, 
156.882111, 0.000000, 
157.569611, 0.000000, 
159.301285, 0.000000, 
159.662308, 0.000000, 
159.663025, 0.000000, 
160.250656, 0.000000, 
161.850082, 0.000000, 
162.347061, 0.000000, 
162.866272, 0.000000, 
163.302216, 0.000000, 
163.462341, 0.000000, 
165.295029, 0.000000, 
167.158676, 0.000000, 
168.472794, 0.000000, 
168.541794, 0.000000, 
169.027145, 0.000000, 
171.075897, 0.000000, 
173.933289, 0.000000, 
174.242126, 0.000000, 
176.458038, 0.000000, 
177.072083, 0.000000, 
180.911484, 0.000000, 
181.162521, 0.000000, 
182.459091, 0.000000, 
182.925766, 0.000000, 
183.870865, 0.000000, 
184.213577, 0.000000, 
186.207108, 0.000000, 
186.559708, 0.000000, 
187.451492, 0.000000, 
190.431915, 0.000000, 
191.273315, 0.000000, 
191.404312, 0.000000, 
192.521500, 0.000000, 
194.995071, 0.000000, 
196.741348, 0.000000, 
196.860458, 0.000000, 
197.179962, 0.000000, 
199.419067, 0.000000, 
