0.368348, 0.000000, 
1.043278, 0.000000, 
2.762491, 0.000000, 
2.838839, 0.000000, 
3.929558, 0.000000, 
4.221290, 0.000000, 
4.339681, 0.000000, 
5.061090, 0.000000, 
7.610601, 0.000000, 
8.215047, 0.000000, 
9.391315, 0.000000, 
10.815465, 0.000000, 
13.703956, 0.000000, 
16.860968, 0.000000, 
18.141098, 0.000000, 
18.174311, 0.000000, 
18.331987, 0.000000, 
18.488714, 0.000000, 
20.024979, 0.000000, 
20.689510, 0.000000, 
21.096670, 0.000000, 
21.546597, 0.000000, 
22.081760, 0.000000, 
23.512323, 0.000000, 
24.113602, 0.000000, 
25.223215, 0.000000, 
26.467960, 0.000000, 
27.841803, 0.000000, 
28.431471, 0.000000, 
28.824936, 0.000000, 
29.390736, 0.000000, 
29.646524, 0.000000, 
29.674772, 0.000000, 
30.082375, 0.000000, 
31.868334, 0.000000, 
32.675827, 0.000000, 
33.874954, 0.000000, 
34.065495, 0.000000, 
34.254459, 0.000000, 
34.862823, 0.000000, 
35.355732, 0.000000, 
35.497116, 0.000000, 
36.358631, 0.000000, 
36.650639, 0.000000, 
36.792221, 0.000000, 
38.080013, 0.000000, 
39.329670, 0.000000, 
39.504112, 0.000000, 
40.266083, 0.000000, 
42.213428, 0.000000, 
42.407272, 0.000000, 
42.555805, 0.000000, 
43.649776, 0.000000, 
44.381992, 0.000000, 
45.591103, 0.000000, 
48.385040, 0.000000, 
48.597198, 0.000000, 
48.972359, 0.000000, 
50.711472, 0.000000, 
53.067509, 0.000000, 
53.908310, 0.000000, 
53.978252, 0.000000, 
54.190968, 0.000000, 
54.248791, 0.000000, 
54.976299, 0.000000, 
55.061405, 0.000000, 
55.676525, 0.000000, 
56.025784, 0.000000, 
57.306454, 0.000000, 
57.476963, 0.000000, 
58.154823, 0.000000, 
58.832859, 0.000000, 
59.340755, 0.000000, 
59.898254, 0.000000, 
63.204147, 0.000000, 
63.890533, 0.000000, 
64.373634, 0.000000, 
64.647743, 0.000000, 
67.050262, 0.000000, 
68.259560, 0.000000, 
68.430252, 0.000000, 
70.255951, 0.000000, 
71.681068, 0.000000, 
71.907440, 0.000000, 
73.280121, 0.000000, 
73.402161, 0.000000, 
74.196480, 0.000000, 
75.970879, 0.000000, 
76.305931, 0.000000, 
76.846100, 0.000000, 
79.238388, 0.000000, 
80.307335, 0.000000, 
81.258316, 0.000000, 
82.521049, 0.000000, 
83.587074, 0.000000, 
86.600357, 0.000000, 
87.974380, 0.000000, 
91.305115, 0.000000, 
91.377106, 0.000000, 
91.854012, 0.000000, 
92.945671, 0.000000, 
93.403679, 0.000000, 
93.889107, 0.000000, 
94.423866, 0.000000, 
95.081291, 0.000000, 
95.326439, 0.000000, 
95.954651, 0.000000, 
96.178322, 0.000000, 
96.313522, 0.000000, 
96.878815, 0.000000, 
97.248428, 0.000000, 
101.127998, 0.000000, 
102.421013, 0.000000, 
103.982002, 0.000000, 
107.512115, 0.000000, 
108.127457, 0.000000, 
109.278267, 0.000000, 
109.401306, 0.000000, 
110.444595, 0.000000, 
115.557999, 0.000000, 
118.027077, 0.000000, 
118.396179, 0.000000, 
118.908264, 0.000000, 
119.892052, 0.000000, 
120.476349, 0.000000, 
121.123009, 0.000000, 
121.261009, 0.000000, 
121.274597, 0.000000, 
121.797958, 0.000000, 
123.819130, 0.000000, 
125.185066, 0.000000, 
128.545319, 0.000000, 
129.032196, 0.000000, 
129.570999, 0.000000, 
131.761856, 0.000000, 
131.987137, 0.000000, 
132.059311, 0.000000, 
132.243149, 0.000000, 
132.544113, 0.000000, 
133.411560, 0.000000, 
134.171341, 0.000000, 
134.292358, 0.000000, 
134.431580, 0.000000, 
136.803940, 0.000000, 
136.972229, 0.000000, 
137.800980, 0.000000, 
139.300903, 0.000000, 
139.610184, 0.000000, 
141.420425, 0.000000, 
142.200851, 0.000000, 
143.800385, 0.000000, 
144.317215, 0.000000, 
145.164948, 0.000000, 
145.469925, 0.000000, 
145.749435, 0.000000, 
147.817245, 0.000000, 
147.904831, 0.000000, 
148.289764, 0.000000, 
153.322693, 0.000000, 
154.838348, 0.000000, 
155.453857, 0.000000, 
155.539139, 0.000000, 
158.493866, 0.000000, 
159.295441, 0.000000, 
160.099655, 0.000000, 
160.749451, 0.000000, 
161.192215, 0.000000, 
161.213150, 0.000000, 
163.159378, 0.000000, 
163.378204, 0.000000, 
165.020676, 0.000000, 
166.336166, 0.000000, 
166.393036, 0.000000, 
166.787811, 0.000000, 
167.428131, 0.000000, 
169.218689, 0.000000, 
169.269165, 0.000000, 
172.400726, 0.000000, 
174.137573, 0.000000, 
175.265594, 0.000000, 
176.375778, 0.000000, 
176.606064, 0.000000, 
177.255402, 0.000000, 
179.804550, 0.000000, 
180.471100, 0.000000, 
181.271484, 0.000000, 
181.280853, 0.000000, 
184.476151, 0.000000, 
185.906799, 0.000000, 
187.467499, 0.000000, 
189.694885, 0.000000, 
190.263153, 0.000000, 
191.112183, 0.000000, 
191.619995, 0.000000, 
191.837296, 0.000000, 
192.373352, 0.000000, 
195.330215, 0.000000, 
195.650467, 0.000000, 
198.362213, 0.000000, 
198.686996, 0.000000, 
