0.807373, 0.000000, 
2.196234, 0.000000, 
2.917707, 0.000000, 
4.757250, 0.000000, 
5.056234, 0.000000, 
5.161298, 0.000000, 
5.361557, 0.000000, 
8.379011, 0.000000, 
8.764521, 0.000000, 
8.881372, 0.000000, 
9.186553, 0.000000, 
10.717887, 0.000000, 
11.373098, 0.000000, 
12.059476, 0.000000, 
12.592072, 0.000000, 
12.950764, 0.000000, 
13.056567, 0.000000, 
13.129352, 0.000000, 
14.237124, 0.000000, 
16.574360, 0.000000, 
16.598957, 0.000000, 
19.580088, 0.000000, 
19.710245, 0.000000, 
20.697615, 0.000000, 
21.823593, 0.000000, 
27.339287, 0.000000, 
29.511667, 0.000000, 
30.695328, 0.000000, 
31.373945, 0.000000, 
32.226955, 0.000000, 
32.548153, 0.000000, 
33.308575, 0.000000, 
34.921925, 0.000000, 
35.382465, 0.000000, 
35.454998, 0.000000, 
36.026558, 0.000000, 
36.991428, 0.000000, 
37.930859, 0.000000, 
37.935982, 0.000000, 
38.589771, 0.000000, 
39.032322, 0.000000, 
39.913048, 0.000000, 
40.662067, 0.000000, 
41.259834, 0.000000, 
42.230907, 0.000000, 
42.286667, 0.000000, 
44.036308, 0.000000, 
45.879967, 0.000000, 
46.568657, 0.000000, 
46.673283, 0.000000, 
47.817905, 0.000000, 
48.359550, 0.000000, 
48.915058, 0.000000, 
49.979023, 0.000000, 
50.111504, 0.000000, 
50.354561, 0.000000, 
50.513802, 0.000000, 
52.723080, 0.000000, 
52.818768, 0.000000, 
54.691235, 0.000000, 
55.715576, 0.000000, 
56.054337, 0.000000, 
56.330791, 0.000000, 
57.016270, 0.000000, 
61.373714, 0.000000, 
61.876080, 0.000000, 
61.939457, 0.000000, 
63.334068, 0.000000, 
67.342712, 0.000000, 
67.391327, 0.000000, 
67.677429, 0.000000, 
71.280426, 0.000000, 
71.935921, 0.000000, 
71.951759, 0.000000, 
73.504982, 0.000000, 
75.770378, 0.000000, 
77.932373, 0.000000, 
78.840340, 0.000000, 
78.948784, 0.000000, 
84.185081, 0.000000, 
84.446976, 0.000000, 
85.449875, 0.000000, 
86.488358, 0.000000, 
87.915665, 0.000000, 
89.131348, 0.000000, 
89.703873, 0.000000, 
89.956551, 0.000000, 
91.160973, 0.000000, 
92.647591, 0.000000, 
94.228485, 0.000000, 
94.980232, 0.000000, 
98.035828, 0.000000, 
98.486298, 0.000000, 
98.682625, 0.000000, 
98.826584, 0.000000, 
99.668755, 0.000000, 
100.140976, 0.000000, 
101.336136, 0.000000, 
103.057312, 0.000000, 
103.369675, 0.000000, 
103.428902, 0.000000, 
103.527458, 0.000000, 
104.082626, 0.000000, 
104.991806, 0.000000, 
107.060158, 0.000000, 
107.909042, 0.000000, 
108.824753, 0.000000, 
109.005089, 0.000000, 
111.783142, 0.000000, 
112.382782, 0.000000, 
112.951195, 0.000000, 
113.382706, 0.000000, 
114.024033, 0.000000, 
114.381897, 0.000000, 
115.571541, 0.000000, 
116.673653, 0.000000, 
116.820320, 0.000000, 
118.936600, 0.000000, 
120.248405, 0.000000, 
124.170341, 0.000000, 
124.222466, 0.000000, 
124.859688, 0.000000, 
124.965866, 0.000000, 
125.396690, 0.000000, 
125.820755, 0.000000, 
125.835037, 0.000000, 
126.681404, 0.000000, 
128.028839, 0.000000, 
128.332565, 0.000000, 
131.325180, 0.000000, 
134.561081, 0.000000, 
135.294281, 0.000000, 
135.373260, 0.000000, 
135.788742, 0.000000, 
135.834915, 0.000000, 
136.649475, 0.000000, 
137.919159, 0.000000, 
138.055969, 0.000000, 
138.454880, 0.000000, 
139.413315, 0.000000, 
139.982330, 0.000000, 
141.058960, 0.000000, 
141.165070, 0.000000, 
141.814896, 0.000000, 
142.271500, 0.000000, 
143.918198, 0.000000, 
144.693924, 0.000000, 
146.115799, 0.000000, 
147.253525, 0.000000, 
147.456268, 0.000000, 
148.700821, 0.000000, 
149.024704, 0.000000, 
152.047607, 0.000000, 
152.633820, 0.000000, 
154.149918, 0.000000, 
155.178925, 0.000000, 
157.128571, 0.000000, 
157.506805, 0.000000, 
159.569229, 0.000000, 
160.664185, 0.000000, 
160.858994, 0.000000, 
161.170959, 0.000000, 
162.859589, 0.000000, 
163.070496, 0.000000, 
163.376266, 0.000000, 
165.012436, 0.000000, 
166.457306, 0.000000, 
166.848953, 0.000000, 
168.934341, 0.000000, 
169.121826, 0.000000, 
172.180206, 0.000000, 
174.732712, 0.000000, 
174.793091, 0.000000, 
175.670670, 0.000000, 
175.870270, 0.000000, 
177.052780, 0.000000, 
177.454849, 0.000000, 
181.388687, 0.000000, 
182.195236, 0.000000, 
182.850174, 0.000000, 
183.787201, 0.000000, 
184.312378, 0.000000, 
185.043961, 0.000000, 
186.599060, 0.000000, 
188.036560, 0.000000, 
188.754776, 0.000000, 
188.784073, 0.000000, 
190.802185, 0.000000, 
191.464890, 0.000000, 
192.228149, 0.000000, 
192.969727, 0.000000, 
194.231293, 0.000000, 
194.345932, 0.000000, 
194.725479, 0.000000, 
195.036514, 0.000000, 
195.457489, 0.000000, 
197.306900, 0.000000, 
197.793365, 0.000000, 
197.913223, 0.000000, 
197.939224, 0.000000, 
