2.369713, 0.000000, 
2.874107, 0.000000, 
3.151546, 0.000000, 
3.863705, 0.000000, 
4.038577, 0.000000, 
5.069756, 0.000000, 
5.368123, 0.000000, 
5.860426, 0.000000, 
6.038638, 0.000000, 
7.652048, 0.000000, 
7.734014, 0.000000, 
9.597882, 0.000000, 
11.561435, 0.000000, 
11.685289, 0.000000, 
13.048887, 0.000000, 
13.621949, 0.000000, 
14.217673, 0.000000, 
15.437403, 0.000000, 
16.416830, 0.000000, 
18.364052, 0.000000, 
19.291822, 0.000000, 
19.508829, 0.000000, 
20.619310, 0.000000, 
21.965887, 0.000000, 
22.387449, 0.000000, 
22.403217, 0.000000, 
23.799942, 0.000000, 
25.377625, 0.000000, 
25.714117, 0.000000, 
26.391584, 0.000000, 
26.957485, 0.000000, 
27.078712, 0.000000, 
27.222820, 0.000000, 
27.892530, 0.000000, 
28.107597, 0.000000, 
28.528446, 0.000000, 
28.659742, 0.000000, 
29.314367, 0.000000, 
29.323273, 0.000000, 
29.730066, 0.000000, 
29.846975, 0.000000, 
31.863056, 0.000000, 
32.272766, 0.000000, 
34.050682, 0.000000, 
35.042725, 0.000000, 
35.097847, 0.000000, 
35.619465, 0.000000, 
36.027935, 0.000000, 
36.518585, 0.000000, 
37.019840, 0.000000, 
38.625492, 0.000000, 
39.914948, 0.000000, 
41.223000, 0.000000, 
43.411171, 0.000000, 
45.617245, 0.000000, 
46.357998, 0.000000, 
48.743668, 0.000000, 
48.784363, 0.000000, 
49.257370, 0.000000, 
49.726082, 0.000000, 
51.792992, 0.000000, 
52.327095, 0.000000, 
52.435089, 0.000000, 
53.167103, 0.000000, 
53.416740, 0.000000, 
53.550499, 0.000000, 
55.165844, 0.000000, 
55.759861, 0.000000, 
55.793415, 0.000000, 
57.818153, 0.000000, 
57.858299, 0.000000, 
58.450153, 0.000000, 
59.904144, 0.000000, 
60.596771, 0.000000, 
60.904102, 0.000000, 
61.804886, 0.000000, 
63.617374, 0.000000, 
63.687004, 0.000000, 
64.436165, 0.000000, 
66.027847, 0.000000, 
66.330284, 0.000000, 
67.353867, 0.000000, 
67.616524, 0.000000, 
67.833130, 0.000000, 
68.110168, 0.000000, 
68.560738, 0.000000, 
70.162498, 0.000000, 
70.664452, 0.000000, 
70.729660, 0.000000, 
72.412979, 0.000000, 
73.244156, 0.000000, 
73.697617, 0.000000, 
74.131294, 0.000000, 
75.157310, 0.000000, 
76.087059, 0.000000, 
76.292931, 0.000000, 
80.102875, 0.000000, 
83.558014, 0.000000, 
84.348030, 0.000000, 
85.605476, 0.000000, 
86.307785, 0.000000, 
87.207672, 0.000000, 
88.974312, 0.000000, 
94.164032, 0.000000, 
96.352707, 0.000000, 
97.465416, 0.000000, 
97.499092, 0.000000, 
98.276993, 0.000000, 
98.608864, 0.000000, 
98.722153, 0.000000, 
100.637222, 0.000000, 
102.470200, 0.000000, 
103.596619, 0.000000, 
105.605057, 0.000000, 
106.765633, 0.000000, 
107.461960, 0.000000, 
110.536003, 0.000000, 
111.648399, 0.000000, 
112.054703, 0.000000, 
113.521812, 0.000000, 
114.842697, 0.000000, 
116.926796, 0.000000, 
117.649796, 0.000000, 
119.481300, 0.000000, 
119.681465, 0.000000, 
123.867104, 0.000000, 
124.229774, 0.000000, 
124.480759, 0.000000, 
125.090958, 0.000000, 
125.769051, 0.000000, 
126.003265, 0.000000, 
126.053329, 0.000000, 
126.294487, 0.000000, 
126.724693, 0.000000, 
127.795013, 0.000000, 
128.713898, 0.000000, 
130.718216, 0.000000, 
130.802872, 0.000000, 
131.007141, 0.000000, 
131.335815, 0.000000, 
131.383896, 0.000000, 
131.911972, 0.000000, 
136.487717, 0.000000, 
136.517487, 0.000000, 
136.567184, 0.000000, 
136.793213, 0.000000, 
143.348404, 0.000000, 
145.354477, 0.000000, 
145.784775, 0.000000, 
146.323746, 0.000000, 
147.216415, 0.000000, 
147.750290, 0.000000, 
148.612549, 0.000000, 
149.103775, 0.000000, 
150.555252, 0.000000, 
150.741180, 0.000000, 
152.187561, 0.000000, 
153.070755, 0.000000, 
154.129288, 0.000000, 
154.438187, 0.000000, 
154.504852, 0.000000, 
156.101471, 0.000000, 
156.159653, 0.000000, 
156.246033, 0.000000, 
157.593887, 0.000000, 
160.216583, 0.000000, 
160.488083, 0.000000, 
160.788712, 0.000000, 
160.886734, 0.000000, 
161.227814, 0.000000, 
161.303192, 0.000000, 
164.223083, 0.000000, 
164.488174, 0.000000, 
165.506851, 0.000000, 
165.843201, 0.000000, 
166.822815, 0.000000, 
173.597046, 0.000000, 
174.002899, 0.000000, 
174.091431, 0.000000, 
176.726578, 0.000000, 
177.567352, 0.000000, 
177.837311, 0.000000, 
177.996124, 0.000000, 
182.629059, 0.000000, 
182.923721, 0.000000, 
183.186508, 0.000000, 
184.732178, 0.000000, 
184.875000, 0.000000, 
186.241196, 0.000000, 
190.381607, 0.000000, 
193.653275, 0.000000, 
194.086868, 0.000000, 
194.717758, 0.000000, 
194.805801, 0.000000, 
194.876572, 0.000000, 
194.998123, 0.000000, 
195.318878, 0.000000, 
198.311325, 0.000000, 
199.425812, 0.000000, 
199.688690, 0.000000, 
