0.296839, 0.000000, 
2.022440, 0.000000, 
5.430867, 0.000000, 
7.315354, 0.000000, 
8.288557, 0.000000, 
9.097422, 0.000000, 
9.540024, 0.000000, 
9.916147, 0.000000, 
10.701658, 0.000000, 
11.798796, 0.000000, 
11.854259, 0.000000, 
12.039775, 0.000000, 
12.282801, 0.000000, 
12.985826, 0.000000, 
13.878991, 0.000000, 
14.628196, 0.000000, 
14.910713, 0.000000, 
16.565727, 0.000000, 
16.959858, 0.000000, 
17.132038, 0.000000, 
17.248079, 0.000000, 
18.060492, 0.000000, 
18.208059, 0.000000, 
18.982695, 0.000000, 
19.597725, 0.000000, 
20.290182, 0.000000, 
20.503698, 0.000000, 
20.549740, 0.000000, 
20.673439, 0.000000, 
24.192659, 0.000000, 
25.063280, 0.000000, 
25.381067, 0.000000, 
25.559143, 0.000000, 
26.493837, 0.000000, 
26.829168, 0.000000, 
30.708937, 0.000000, 
30.846659, 0.000000, 
31.660347, 0.000000, 
32.792065, 0.000000, 
32.896072, 0.000000, 
36.430592, 0.000000, 
36.837887, 0.000000, 
39.165092, 0.000000, 
40.184643, 0.000000, 
45.973381, 0.000000, 
47.123749, 0.000000, 
47.159801, 0.000000, 
47.437077, 0.000000, 
50.175907, 0.000000, 
51.045132, 0.000000, 
51.652840, 0.000000, 
53.320576, 0.000000, 
54.148476, 0.000000, 
54.841831, 0.000000, 
55.165249, 0.000000, 
56.165028, 0.000000, 
58.608555, 0.000000, 
60.653564, 0.000000, 
65.315041, 0.000000, 
65.342766, 0.000000, 
65.645859, 0.000000, 
66.675102, 0.000000, 
66.728035, 0.000000, 
68.301811, 0.000000, 
69.300598, 0.000000, 
69.314125, 0.000000, 
70.350616, 0.000000, 
73.451294, 0.000000, 
74.526932, 0.000000, 
74.732452, 0.000000, 
75.257858, 0.000000, 
76.299026, 0.000000, 
80.261124, 0.000000, 
80.765175, 0.000000, 
81.426697, 0.000000, 
82.272804, 0.000000, 
83.214417, 0.000000, 
85.570930, 0.000000, 
86.910851, 0.000000, 
88.204781, 0.000000, 
91.333580, 0.000000, 
91.563644, 0.000000, 
92.110977, 0.000000, 
94.112549, 0.000000, 
94.248909, 0.000000, 
95.704979, 0.000000, 
99.221649, 0.000000, 
99.972122, 0.000000, 
100.294479, 0.000000, 
100.342430, 0.000000, 
101.572937, 0.000000, 
102.541306, 0.000000, 
102.958931, 0.000000, 
103.502403, 0.000000, 
103.723297, 0.000000, 
105.051079, 0.000000, 
105.992126, 0.000000, 
107.367195, 0.000000, 
109.212349, 0.000000, 
110.199982, 0.000000, 
110.814072, 0.000000, 
112.524971, 0.000000, 
115.442039, 0.000000, 
116.991943, 0.000000, 
117.165962, 0.000000, 
117.176651, 0.000000, 
117.311745, 0.000000, 
117.773911, 0.000000, 
117.956200, 0.000000, 
118.277794, 0.000000, 
118.420601, 0.000000, 
118.738388, 0.000000, 
119.652367, 0.000000, 
119.830582, 0.000000, 
120.340996, 0.000000, 
121.415550, 0.000000, 
121.897049, 0.000000, 
122.462646, 0.000000, 
122.503166, 0.000000, 
122.838707, 0.000000, 
123.624428, 0.000000, 
123.889900, 0.000000, 
126.936119, 0.000000, 
128.042664, 0.000000, 
128.506561, 0.000000, 
128.625931, 0.000000, 
129.412125, 0.000000, 
130.519196, 0.000000, 
131.666565, 0.000000, 
132.121262, 0.000000, 
134.414719, 0.000000, 
134.984131, 0.000000, 
136.212143, 0.000000, 
136.317459, 0.000000, 
137.695129, 0.000000, 
138.233902, 0.000000, 
138.391922, 0.000000, 
139.391998, 0.000000, 
142.134354, 0.000000, 
143.942184, 0.000000, 
144.977432, 0.000000, 
146.245880, 0.000000, 
147.739243, 0.000000, 
149.988144, 0.000000, 
151.881607, 0.000000, 
152.936722, 0.000000, 
156.349503, 0.000000, 
159.103149, 0.000000, 
159.155502, 0.000000, 
159.530853, 0.000000, 
160.872452, 0.000000, 
161.248886, 0.000000, 
162.063858, 0.000000, 
164.022400, 0.000000, 
164.379349, 0.000000, 
164.399292, 0.000000, 
164.903915, 0.000000, 
164.996155, 0.000000, 
165.461227, 0.000000, 
165.832184, 0.000000, 
165.873016, 0.000000, 
166.398941, 0.000000, 
167.672745, 0.000000, 
168.371826, 0.000000, 
168.995743, 0.000000, 
169.105118, 0.000000, 
169.903336, 0.000000, 
170.351151, 0.000000, 
171.133926, 0.000000, 
172.442932, 0.000000, 
174.198593, 0.000000, 
175.780212, 0.000000, 
176.965012, 0.000000, 
177.017670, 0.000000, 
177.243195, 0.000000, 
177.337936, 0.000000, 
178.126328, 0.000000, 
178.588806, 0.000000, 
178.690933, 0.000000, 
178.857498, 0.000000, 
179.599426, 0.000000, 
179.820374, 0.000000, 
181.483566, 0.000000, 
181.939499, 0.000000, 
184.220322, 0.000000, 
185.666336, 0.000000, 
186.756683, 0.000000, 
187.010040, 0.000000, 
188.440659, 0.000000, 
188.705002, 0.000000, 
189.452499, 0.000000, 
192.638672, 0.000000, 
193.860306, 0.000000, 
193.997223, 0.000000, 
195.292969, 0.000000, 
195.815948, 0.000000, 
196.743393, 0.000000, 
198.509384, 0.000000, 
199.309967, 0.000000, 
199.646729, 0.000000, 
