0.005563, 0.000000, 
1.325031, 0.000000, 
2.991156, 0.000000, 
3.466423, 0.000000, 
5.884742, 0.000000, 
6.561093, 0.000000, 
9.067497, 0.000000, 
9.212250, 0.000000, 
12.192620, 0.000000, 
12.419664, 0.000000, 
12.911959, 0.000000, 
13.056098, 0.000000, 
14.788453, 0.000000, 
15.152022, 0.000000, 
15.239075, 0.000000, 
15.512614, 0.000000, 
16.062851, 0.000000, 
18.387268, 0.000000, 
18.770037, 0.000000, 
19.524757, 0.000000, 
20.171455, 0.000000, 
21.043043, 0.000000, 
23.014887, 0.000000, 
23.101677, 0.000000, 
23.118431, 0.000000, 
24.303766, 0.000000, 
24.360170, 0.000000, 
24.439236, 0.000000, 
24.444931, 0.000000, 
26.880350, 0.000000, 
27.201042, 0.000000, 
27.495249, 0.000000, 
28.894518, 0.000000, 
29.530993, 0.000000, 
30.240604, 0.000000, 
30.814133, 0.000000, 
30.834810, 0.000000, 
31.333658, 0.000000, 
34.110867, 0.000000, 
34.296532, 0.000000, 
35.273678, 0.000000, 
36.597984, 0.000000, 
41.158264, 0.000000, 
41.734310, 0.000000, 
41.862793, 0.000000, 
43.030289, 0.000000, 
48.144558, 0.000000, 
48.589153, 0.000000, 
49.229053, 0.000000, 
49.608109, 0.000000, 
50.222004, 0.000000, 
51.090927, 0.000000, 
51.589733, 0.000000, 
53.756229, 0.000000, 
55.199165, 0.000000, 
56.775665, 0.000000, 
57.154636, 0.000000, 
57.527107, 0.000000, 
57.629311, 0.000000, 
57.647667, 0.000000, 
58.817085, 0.000000, 
59.141293, 0.000000, 
59.665680, 0.000000, 
60.007935, 0.000000, 
60.656441, 0.000000, 
60.668312, 0.000000, 
61.138977, 0.000000, 
62.414387, 0.000000, 
64.048981, 0.000000, 
64.902306, 0.000000, 
65.483757, 0.000000, 
70.332062, 0.000000, 
70.726997, 0.000000, 
71.003593, 0.000000, 
71.567711, 0.000000, 
71.907356, 0.000000, 
71.930252, 0.000000, 
72.117348, 0.000000, 
73.270981, 0.000000, 
73.794159, 0.000000, 
74.217148, 0.000000, 
74.535645, 0.000000, 
76.716599, 0.000000, 
76.761215, 0.000000, 
77.710609, 0.000000, 
79.200500, 0.000000, 
80.666092, 0.000000, 
81.085007, 0.000000, 
82.381508, 0.000000, 
82.569878, 0.000000, 
85.660789, 0.000000, 
85.731331, 0.000000, 
89.095207, 0.000000, 
91.791946, 0.000000, 
92.578430, 0.000000, 
92.800293, 0.000000, 
94.103622, 0.000000, 
96.298599, 0.000000, 
97.570572, 0.000000, 
99.090248, 0.000000, 
99.118904, 0.000000, 
99.805115, 0.000000, 
100.021011, 0.000000, 
102.482277, 0.000000, 
104.505737, 0.000000, 
105.012459, 0.000000, 
105.998039, 0.000000, 
106.119385, 0.000000, 
106.326675, 0.000000, 
106.390877, 0.000000, 
106.900543, 0.000000, 
107.733780, 0.000000, 
109.247688, 0.000000, 
109.403954, 0.000000, 
110.370911, 0.000000, 
110.372047, 0.000000, 
110.420868, 0.000000, 
110.995689, 0.000000, 
112.052101, 0.000000, 
115.111496, 0.000000, 
115.549576, 0.000000, 
117.026543, 0.000000, 
118.463501, 0.000000, 
120.995705, 0.000000, 
121.396400, 0.000000, 
121.699829, 0.000000, 
125.231682, 0.000000, 
125.877571, 0.000000, 
131.621643, 0.000000, 
131.767303, 0.000000, 
135.651550, 0.000000, 
137.033173, 0.000000, 
137.183441, 0.000000, 
138.135544, 0.000000, 
139.955139, 0.000000, 
140.498245, 0.000000, 
141.966446, 0.000000, 
142.712265, 0.000000, 
143.843018, 0.000000, 
145.504059, 0.000000, 
146.826752, 0.000000, 
146.971649, 0.000000, 
147.281021, 0.000000, 
147.440918, 0.000000, 
147.623459, 0.000000, 
154.178802, 0.000000, 
154.871811, 0.000000, 
155.869247, 0.000000, 
155.965622, 0.000000, 
156.385178, 0.000000, 
157.180191, 0.000000, 
158.204193, 0.000000, 
159.403671, 0.000000, 
160.121353, 0.000000, 
161.768051, 0.000000, 
161.859909, 0.000000, 
162.134430, 0.000000, 
165.306198, 0.000000, 
165.486603, 0.000000, 
166.338760, 0.000000, 
167.716995, 0.000000, 
168.902618, 0.000000, 
171.048782, 0.000000, 
171.305161, 0.000000, 
173.506927, 0.000000, 
173.530365, 0.000000, 
174.226120, 0.000000, 
174.760605, 0.000000, 
176.368332, 0.000000, 
176.669189, 0.000000, 
178.545349, 0.000000, 
179.162674, 0.000000, 
179.257645, 0.000000, 
180.506027, 0.000000, 
180.842484, 0.000000, 
181.005768, 0.000000, 
181.359558, 0.000000, 
181.458832, 0.000000, 
182.486496, 0.000000, 
182.563492, 0.000000, 
183.887604, 0.000000, 
184.383484, 0.000000, 
185.286301, 0.000000, 
185.671631, 0.000000, 
186.321045, 0.000000, 
186.931061, 0.000000, 
187.080978, 0.000000, 
192.500702, 0.000000, 
193.107147, 0.000000, 
193.637222, 0.000000, 
194.134537, 0.000000, 
194.372543, 0.000000, 
194.771591, 0.000000, 
195.402771, 0.000000, 
196.398148, 0.000000, 
197.097031, 0.000000, 
197.155396, 0.000000, 
197.658707, 0.000000, 
198.202255, 0.000000, 
198.521423, 0.000000, 
