1.687419, 0.000000, 
2.553955, 0.000000, 
4.930732, 0.000000, 
6.641488, 0.000000, 
6.754324, 0.000000, 
8.261061, 0.000000, 
8.278747, 0.000000, 
9.362922, 0.000000, 
9.555984, 0.000000, 
10.079298, 0.000000, 
11.266919, 0.000000, 
14.731422, 0.000000, 
15.201947, 0.000000, 
15.861452, 0.000000, 
16.368979, 0.000000, 
17.374851, 0.000000, 
19.094648, 0.000000, 
20.814243, 0.000000, 
22.950806, 0.000000, 
23.636766, 0.000000, 
24.400648, 0.000000, 
24.867048, 0.000000, 
24.952827, 0.000000, 
25.097998, 0.000000, 
25.654989, 0.000000, 
26.763023, 0.000000, 
26.955639, 0.000000, 
27.155077, 0.000000, 
28.916742, 0.000000, 
28.973047, 0.000000, 
29.832359, 0.000000, 
30.570202, 0.000000, 
30.971025, 0.000000, 
31.360165, 0.000000, 
32.729660, 0.000000, 
33.097965, 0.000000, 
34.135067, 0.000000, 
34.930336, 0.000000, 
35.164291, 0.000000, 
35.660011, 0.000000, 
36.376076, 0.000000, 
36.808903, 0.000000, 
38.375427, 0.000000, 
39.097080, 0.000000, 
40.991207, 0.000000, 
42.322346, 0.000000, 
43.070660, 0.000000, 
43.400036, 0.000000, 
44.479469, 0.000000, 
49.893433, 0.000000, 
49.894299, 0.000000, 
49.902042, 0.000000, 
50.500816, 0.000000, 
53.809502, 0.000000, 
54.889801, 0.000000, 
55.740349, 0.000000, 
57.049160, 0.000000, 
58.784286, 0.000000, 
58.798218, 0.000000, 
65.698441, 0.000000, 
65.956932, 0.000000, 
66.073891, 0.000000, 
67.238617, 0.000000, 
68.212090, 0.000000, 
68.269463, 0.000000, 
69.488380, 0.000000, 
69.550980, 0.000000, 
72.793144, 0.000000, 
72.848640, 0.000000, 
73.720398, 0.000000, 
75.169724, 0.000000, 
75.306480, 0.000000, 
76.035439, 0.000000, 
76.150681, 0.000000, 
77.277313, 0.000000, 
78.929352, 0.000000, 
80.909431, 0.000000, 
81.459763, 0.000000, 
81.690475, 0.000000, 
81.772804, 0.000000, 
82.756210, 0.000000, 
83.278419, 0.000000, 
83.348473, 0.000000, 
83.590103, 0.000000, 
84.619881, 0.000000, 
85.452667, 0.000000, 
86.177193, 0.000000, 
87.175316, 0.000000, 
87.246429, 0.000000, 
90.165047, 0.000000, 
91.441452, 0.000000, 
91.495300, 0.000000, 
91.941483, 0.000000, 
92.557037, 0.000000, 
93.190887, 0.000000, 
93.717163, 0.000000, 
94.321754, 0.000000, 
95.133659, 0.000000, 
98.788658, 0.000000, 
99.019905, 0.000000, 
99.617935, 0.000000, 
101.497063, 0.000000, 
102.466949, 0.000000, 
103.187935, 0.000000, 
103.729591, 0.000000, 
104.046997, 0.000000, 
104.421997, 0.000000, 
104.485176, 0.000000, 
105.206436, 0.000000, 
107.449684, 0.000000, 
107.747528, 0.000000, 
108.169830, 0.000000, 
108.695587, 0.000000, 
108.854767, 0.000000, 
109.534065, 0.000000, 
110.679420, 0.000000, 
112.274178, 0.000000, 
112.547974, 0.000000, 
113.479553, 0.000000, 
115.999168, 0.000000, 
116.642853, 0.000000, 
116.787315, 0.000000, 
117.627655, 0.000000, 
118.853142, 0.000000, 
119.821899, 0.000000, 
121.092361, 0.000000, 
122.600143, 0.000000, 
122.776993, 0.000000, 
124.634666, 0.000000, 
125.427414, 0.000000, 
125.625786, 0.000000, 
126.390800, 0.000000, 
127.052429, 0.000000, 
129.491592, 0.000000, 
129.509735, 0.000000, 
130.056061, 0.000000, 
130.091660, 0.000000, 
130.179321, 0.000000, 
130.284729, 0.000000, 
132.055725, 0.000000, 
132.137756, 0.000000, 
137.881805, 0.000000, 
138.279297, 0.000000, 
138.755753, 0.000000, 
139.008865, 0.000000, 
139.468491, 0.000000, 
140.441055, 0.000000, 
143.013214, 0.000000, 
144.473221, 0.000000, 
145.747925, 0.000000, 
146.041061, 0.000000, 
147.019165, 0.000000, 
147.110046, 0.000000, 
148.265137, 0.000000, 
148.515961, 0.000000, 
150.850098, 0.000000, 
151.625198, 0.000000, 
151.828049, 0.000000, 
152.248337, 0.000000, 
157.305481, 0.000000, 
157.382523, 0.000000, 
158.434509, 0.000000, 
158.870850, 0.000000, 
160.539597, 0.000000, 
161.312912, 0.000000, 
161.887634, 0.000000, 
162.056427, 0.000000, 
162.181488, 0.000000, 
163.265030, 0.000000, 
164.832367, 0.000000, 
164.945496, 0.000000, 
165.526169, 0.000000, 
165.675598, 0.000000, 
165.726074, 0.000000, 
167.680283, 0.000000, 
167.886490, 0.000000, 
168.052032, 0.000000, 
169.835098, 0.000000, 
171.929825, 0.000000, 
174.113190, 0.000000, 
174.394135, 0.000000, 
175.230957, 0.000000, 
176.407608, 0.000000, 
176.584412, 0.000000, 
177.804855, 0.000000, 
177.962234, 0.000000, 
182.767685, 0.000000, 
183.243347, 0.000000, 
183.838959, 0.000000, 
184.560104, 0.000000, 
185.505783, 0.000000, 
186.361954, 0.000000, 
186.492172, 0.000000, 
186.561005, 0.000000, 
189.012024, 0.000000, 
190.143646, 0.000000, 
192.237595, 0.000000, 
192.962128, 0.000000, 
195.488342, 0.000000, 
199.109497, 0.000000, 
