0.233226, 0.000000, 
0.928008, 0.000000, 
1.250820, 0.000000, 
1.300210, 0.000000, 
1.748140, 0.000000, 
2.746557, 0.000000, 
3.527686, 0.000000, 
7.922132, 0.000000, 
9.257901, 0.000000, 
11.232073, 0.000000, 
11.370599, 0.000000, 
11.485099, 0.000000, 
13.210045, 0.000000, 
13.510095, 0.000000, 
14.093345, 0.000000, 
16.421713, 0.000000, 
16.745951, 0.000000, 
18.361135, 0.000000, 
20.337547, 0.000000, 
20.828892, 0.000000, 
24.574484, 0.000000, 
24.878454, 0.000000, 
25.438396, 0.000000, 
25.931755, 0.000000, 
26.018721, 0.000000, 
27.091658, 0.000000, 
29.134602, 0.000000, 
31.466066, 0.000000, 
31.644995, 0.000000, 
31.888069, 0.000000, 
32.933456, 0.000000, 
33.268913, 0.000000, 
35.177540, 0.000000, 
36.973988, 0.000000, 
38.090538, 0.000000, 
38.486462, 0.000000, 
38.804070, 0.000000, 
38.995476, 0.000000, 
39.830215, 0.000000, 
40.336288, 0.000000, 
41.371181, 0.000000, 
44.186874, 0.000000, 
44.333412, 0.000000, 
44.832626, 0.000000, 
45.932636, 0.000000, 
46.700672, 0.000000, 
47.200077, 0.000000, 
49.186836, 0.000000, 
49.768440, 0.000000, 
50.604645, 0.000000, 
51.561447, 0.000000, 
52.951477, 0.000000, 
54.187447, 0.000000, 
54.233288, 0.000000, 
58.870918, 0.000000, 
58.973305, 0.000000, 
59.623302, 0.000000, 
59.674961, 0.000000, 
60.486488, 0.000000, 
60.774788, 0.000000, 
60.971752, 0.000000, 
62.013241, 0.000000, 
62.857838, 0.000000, 
62.968643, 0.000000, 
63.736675, 0.000000, 
63.835281, 0.000000, 
64.660988, 0.000000, 
65.456673, 0.000000, 
65.994492, 0.000000, 
67.000237, 0.000000, 
67.966843, 0.000000, 
68.320358, 0.000000, 
69.045334, 0.000000, 
71.352249, 0.000000, 
75.306084, 0.000000, 
76.161781, 0.000000, 
76.530777, 0.000000, 
78.515335, 0.000000, 
81.835594, 0.000000, 
82.018867, 0.000000, 
83.446243, 0.000000, 
83.883575, 0.000000, 
84.449158, 0.000000, 
84.580101, 0.000000, 
85.664085, 0.000000, 
86.381241, 0.000000, 
86.641258, 0.000000, 
86.822838, 0.000000, 
87.612625, 0.000000, 
87.979492, 0.000000, 
89.646278, 0.000000, 
89.861084, 0.000000, 
93.562866, 0.000000, 
95.805450, 0.000000, 
96.258759, 0.000000, 
97.162842, 0.000000, 
98.566498, 0.000000, 
99.021332, 0.000000, 
102.460464, 0.000000, 
102.519867, 0.000000, 
103.487473, 0.000000, 
105.117088, 0.000000, 
106.079872, 0.000000, 
106.294960, 0.000000, 
110.192993, 0.000000, 
110.310829, 0.000000, 
112.756462, 0.000000, 
113.026665, 0.000000, 
114.185318, 0.000000, 
115.110931, 0.000000, 
116.889099, 0.000000, 
118.969757, 0.000000, 
120.559219, 0.000000, 
121.470093, 0.000000, 
122.251518, 0.000000, 
123.055847, 0.000000, 
124.967964, 0.000000, 
125.335388, 0.000000, 
125.448433, 0.000000, 
126.159103, 0.000000, 
127.133156, 0.000000, 
127.778915, 0.000000, 
127.974487, 0.000000, 
128.405029, 0.000000, 
128.423935, 0.000000, 
131.549088, 0.000000, 
131.579300, 0.000000, 
131.999222, 0.000000, 
132.146500, 0.000000, 
133.084946, 0.000000, 
135.411057, 0.000000, 
136.131027, 0.000000, 
137.053207, 0.000000, 
138.712830, 0.000000, 
139.429626, 0.000000, 
139.625137, 0.000000, 
139.777161, 0.000000, 
139.867294, 0.000000, 
140.190826, 0.000000, 
143.331863, 0.000000, 
143.567825, 0.000000, 
143.888412, 0.000000, 
145.695755, 0.000000, 
145.984451, 0.000000, 
147.994629, 0.000000, 
150.011490, 0.000000, 
150.506927, 0.000000, 
151.043152, 0.000000, 
151.664291, 0.000000, 
151.822403, 0.000000, 
151.916763, 0.000000, 
152.899338, 0.000000, 
154.441269, 0.000000, 
154.831116, 0.000000, 
156.905838, 0.000000, 
159.418411, 0.000000, 
160.817032, 0.000000, 
161.746002, 0.000000, 
163.250519, 0.000000, 
164.119431, 0.000000, 
165.778625, 0.000000, 
166.467255, 0.000000, 
167.127945, 0.000000, 
170.212662, 0.000000, 
170.456924, 0.000000, 
170.653442, 0.000000, 
171.431976, 0.000000, 
171.447784, 0.000000, 
174.857178, 0.000000, 
174.922653, 0.000000, 
175.156616, 0.000000, 
175.383347, 0.000000, 
176.415009, 0.000000, 
177.065170, 0.000000, 
178.680161, 0.000000, 
179.466934, 0.000000, 
179.800079, 0.000000, 
179.956024, 0.000000, 
181.954514, 0.000000, 
182.176376, 0.000000, 
182.565155, 0.000000, 
183.284470, 0.000000, 
183.565231, 0.000000, 
184.384064, 0.000000, 
187.313858, 0.000000, 
189.224991, 0.000000, 
189.742844, 0.000000, 
190.573929, 0.000000, 
190.814026, 0.000000, 
191.017380, 0.000000, 
191.565872, 0.000000, 
193.582535, 0.000000, 
193.867065, 0.000000, 
194.079819, 0.000000, 
195.236771, 0.000000, 
195.325394, 0.000000, 
195.911713, 0.000000, 
196.108002, 0.000000, 
196.928009, 0.000000, 
197.092255, 0.000000, 
