0.049861, 0.000000, 
0.163328, 0.000000, 
2.464280, 0.000000, 
2.822530, 0.000000, 
7.519773, 0.000000, 
9.021992, 0.000000, 
9.133549, 0.000000, 
9.260459, 0.000000, 
12.598714, 0.000000, 
12.625991, 0.000000, 
12.924747, 0.000000, 
13.509971, 0.000000, 
14.041694, 0.000000, 
14.473187, 0.000000, 
15.374934, 0.000000, 
16.323032, 0.000000, 
17.057013, 0.000000, 
17.490046, 0.000000, 
18.288212, 0.000000, 
21.601116, 0.000000, 
22.866144, 0.000000, 
23.630121, 0.000000, 
23.740936, 0.000000, 
23.788694, 0.000000, 
24.376537, 0.000000, 
24.493475, 0.000000, 
26.595997, 0.000000, 
26.936172, 0.000000, 
27.853304, 0.000000, 
30.320660, 0.000000, 
30.715149, 0.000000, 
31.586552, 0.000000, 
32.373783, 0.000000, 
32.574242, 0.000000, 
35.062325, 0.000000, 
35.179901, 0.000000, 
35.922321, 0.000000, 
36.052315, 0.000000, 
36.376785, 0.000000, 
36.426403, 0.000000, 
42.168659, 0.000000, 
43.541668, 0.000000, 
45.886730, 0.000000, 
46.328957, 0.000000, 
48.346245, 0.000000, 
48.709797, 0.000000, 
50.024014, 0.000000, 
53.497894, 0.000000, 
53.699688, 0.000000, 
53.768234, 0.000000, 
55.983082, 0.000000, 
57.816109, 0.000000, 
57.932846, 0.000000, 
58.310638, 0.000000, 
61.164459, 0.000000, 
61.284012, 0.000000, 
61.922478, 0.000000, 
62.127296, 0.000000, 
62.134129, 0.000000, 
62.688473, 0.000000, 
63.361229, 0.000000, 
64.781990, 0.000000, 
64.913651, 0.000000, 
69.903221, 0.000000, 
70.760971, 0.000000, 
72.295471, 0.000000, 
73.807899, 0.000000, 
74.994446, 0.000000, 
75.599861, 0.000000, 
78.268463, 0.000000, 
79.499863, 0.000000, 
80.472565, 0.000000, 
80.576897, 0.000000, 
80.767174, 0.000000, 
81.826958, 0.000000, 
82.723801, 0.000000, 
83.275505, 0.000000, 
85.773636, 0.000000, 
86.694176, 0.000000, 
89.776520, 0.000000, 
91.541107, 0.000000, 
93.606873, 0.000000, 
93.796638, 0.000000, 
94.332550, 0.000000, 
95.057037, 0.000000, 
96.319847, 0.000000, 
97.089882, 0.000000, 
97.234634, 0.000000, 
98.186455, 0.000000, 
98.359650, 0.000000, 
99.548149, 0.000000, 
100.401413, 0.000000, 
100.909279, 0.000000, 
102.693092, 0.000000, 
102.724602, 0.000000, 
103.686768, 0.000000, 
105.833389, 0.000000, 
107.457436, 0.000000, 
110.358704, 0.000000, 
111.319466, 0.000000, 
112.475662, 0.000000, 
113.295792, 0.000000, 
116.384262, 0.000000, 
116.474693, 0.000000, 
116.958931, 0.000000, 
117.526619, 0.000000, 
117.748268, 0.000000, 
120.394829, 0.000000, 
120.499489, 0.000000, 
122.192047, 0.000000, 
122.243591, 0.000000, 
123.117615, 0.000000, 
124.061836, 0.000000, 
124.119186, 0.000000, 
124.335464, 0.000000, 
126.275391, 0.000000, 
127.904274, 0.000000, 
128.718658, 0.000000, 
128.804291, 0.000000, 
130.010315, 0.000000, 
130.939026, 0.000000, 
131.196030, 0.000000, 
131.793198, 0.000000, 
132.120422, 0.000000, 
134.527435, 0.000000, 
134.597672, 0.000000, 
135.647690, 0.000000, 
136.014099, 0.000000, 
136.433807, 0.000000, 
137.068604, 0.000000, 
137.961121, 0.000000, 
138.543320, 0.000000, 
138.668457, 0.000000, 
139.349701, 0.000000, 
139.986465, 0.000000, 
140.847122, 0.000000, 
141.904556, 0.000000, 
143.791946, 0.000000, 
144.311066, 0.000000, 
147.790985, 0.000000, 
148.023621, 0.000000, 
148.157837, 0.000000, 
148.842880, 0.000000, 
151.070282, 0.000000, 
151.262924, 0.000000, 
151.988022, 0.000000, 
153.099731, 0.000000, 
153.701981, 0.000000, 
155.971848, 0.000000, 
156.294128, 0.000000, 
157.521698, 0.000000, 
158.114883, 0.000000, 
158.642914, 0.000000, 
159.113327, 0.000000, 
161.669464, 0.000000, 
163.820892, 0.000000, 
164.018066, 0.000000, 
164.652359, 0.000000, 
166.424118, 0.000000, 
167.649155, 0.000000, 
169.716202, 0.000000, 
170.918762, 0.000000, 
171.566742, 0.000000, 
172.539627, 0.000000, 
173.998657, 0.000000, 
174.211258, 0.000000, 
174.732803, 0.000000, 
175.053467, 0.000000, 
175.696960, 0.000000, 
176.919861, 0.000000, 
177.781326, 0.000000, 
178.071548, 0.000000, 
179.110825, 0.000000, 
179.377029, 0.000000, 
179.736923, 0.000000, 
180.563553, 0.000000, 
180.835129, 0.000000, 
181.769714, 0.000000, 
182.808914, 0.000000, 
183.139908, 0.000000, 
185.168991, 0.000000, 
185.515915, 0.000000, 
185.947021, 0.000000, 
185.950989, 0.000000, 
187.824112, 0.000000, 
188.872955, 0.000000, 
189.380707, 0.000000, 
189.761688, 0.000000, 
190.992325, 0.000000, 
191.512650, 0.000000, 
192.422699, 0.000000, 
192.493973, 0.000000, 
194.714722, 0.000000, 
195.776184, 0.000000, 
196.847946, 0.000000, 
197.025742, 0.000000, 
197.162979, 0.000000, 
197.859436, 0.000000, 
198.436508, 0.000000, 
199.917191, 0.000000, 
