0.428349, 0.000000, 
3.805713, 0.000000, 
4.925649, 0.000000, 
5.673951, 0.000000, 
5.961524, 0.000000, 
7.714059, 0.000000, 
9.029023, 0.000000, 
10.193990, 0.000000, 
11.833700, 0.000000, 
12.711226, 0.000000, 
13.381816, 0.000000, 
14.982024, 0.000000, 
15.624001, 0.000000, 
15.892901, 0.000000, 
17.424601, 0.000000, 
18.937906, 0.000000, 
19.899208, 0.000000, 
20.089386, 0.000000, 
23.332411, 0.000000, 
23.472225, 0.000000, 
24.043299, 0.000000, 
24.200781, 0.000000, 
24.367384, 0.000000, 
25.841125, 0.000000, 
25.978415, 0.000000, 
26.844637, 0.000000, 
26.883087, 0.000000, 
26.933105, 0.000000, 
28.139969, 0.000000, 
28.842585, 0.000000, 
29.152170, 0.000000, 
29.849552, 0.000000, 
31.311707, 0.000000, 
31.994883, 0.000000, 
33.217838, 0.000000, 
33.814949, 0.000000, 
34.639812, 0.000000, 
36.270355, 0.000000, 
36.698929, 0.000000, 
36.742508, 0.000000, 
38.434410, 0.000000, 
38.724442, 0.000000, 
38.911991, 0.000000, 
41.059277, 0.000000, 
44.029491, 0.000000, 
44.960674, 0.000000, 
45.469982, 0.000000, 
46.537907, 0.000000, 
49.939106, 0.000000, 
50.377892, 0.000000, 
50.389759, 0.000000, 
51.069996, 0.000000, 
52.328968, 0.000000, 
54.981152, 0.000000, 
60.476822, 0.000000, 
61.116520, 0.000000, 
62.881466, 0.000000, 
63.406189, 0.000000, 
65.960533, 0.000000, 
66.204933, 0.000000, 
67.085785, 0.000000, 
67.911888, 0.000000, 
68.105980, 0.000000, 
68.353355, 0.000000, 
69.935577, 0.000000, 
70.221695, 0.000000, 
70.655952, 0.000000, 
70.706459, 0.000000, 
71.723686, 0.000000, 
73.329002, 0.000000, 
74.339661, 0.000000, 
74.397415, 0.000000, 
75.211281, 0.000000, 
75.738831, 0.000000, 
76.131920, 0.000000, 
76.918472, 0.000000, 
78.861198, 0.000000, 
79.654007, 0.000000, 
80.484962, 0.000000, 
81.594902, 0.000000, 
82.173737, 0.000000, 
83.064369, 0.000000, 
83.827118, 0.000000, 
84.870193, 0.000000, 
89.322540, 0.000000, 
90.327843, 0.000000, 
92.031326, 0.000000, 
92.693756, 0.000000, 
93.431602, 0.000000, 
93.634262, 0.000000, 
95.554825, 0.000000, 
95.931114, 0.000000, 
96.154984, 0.000000, 
99.993271, 0.000000, 
101.448784, 0.000000, 
101.570480, 0.000000, 
101.734612, 0.000000, 
105.716965, 0.000000, 
105.848083, 0.000000, 
106.272194, 0.000000, 
107.766205, 0.000000, 
109.194740, 0.000000, 
110.857758, 0.000000, 
110.870903, 0.000000, 
112.524986, 0.000000, 
113.782234, 0.000000, 
113.906227, 0.000000, 
115.841537, 0.000000, 
116.287155, 0.000000, 
116.670685, 0.000000, 
120.418541, 0.000000, 
120.582870, 0.000000, 
120.694725, 0.000000, 
120.711334, 0.000000, 
121.892944, 0.000000, 
124.290649, 0.000000, 
125.299698, 0.000000, 
125.465767, 0.000000, 
125.949791, 0.000000, 
127.547256, 0.000000, 
130.740189, 0.000000, 
131.728409, 0.000000, 
132.548203, 0.000000, 
134.893402, 0.000000, 
136.818054, 0.000000, 
137.415802, 0.000000, 
139.422363, 0.000000, 
139.934738, 0.000000, 
140.426056, 0.000000, 
140.608780, 0.000000, 
140.859116, 0.000000, 
141.335861, 0.000000, 
142.305191, 0.000000, 
142.328506, 0.000000, 
142.638565, 0.000000, 
143.103714, 0.000000, 
144.131042, 0.000000, 
144.145218, 0.000000, 
144.658203, 0.000000, 
145.197403, 0.000000, 
147.492691, 0.000000, 
149.758453, 0.000000, 
149.772171, 0.000000, 
152.419128, 0.000000, 
152.460022, 0.000000, 
153.983353, 0.000000, 
157.424408, 0.000000, 
158.367996, 0.000000, 
158.845337, 0.000000, 
159.795059, 0.000000, 
160.489746, 0.000000, 
161.604309, 0.000000, 
162.022003, 0.000000, 
162.774689, 0.000000, 
163.470108, 0.000000, 
164.936935, 0.000000, 
167.756073, 0.000000, 
168.162491, 0.000000, 
170.090836, 0.000000, 
170.346741, 0.000000, 
170.553528, 0.000000, 
171.109818, 0.000000, 
171.365982, 0.000000, 
171.642563, 0.000000, 
172.463791, 0.000000, 
173.872757, 0.000000, 
174.543289, 0.000000, 
174.772797, 0.000000, 
174.867645, 0.000000, 
175.540054, 0.000000, 
176.223755, 0.000000, 
177.762054, 0.000000, 
177.896790, 0.000000, 
179.200089, 0.000000, 
179.238815, 0.000000, 
180.529282, 0.000000, 
181.467087, 0.000000, 
181.657806, 0.000000, 
181.729950, 0.000000, 
182.148895, 0.000000, 
182.973953, 0.000000, 
183.223984, 0.000000, 
183.364716, 0.000000, 
184.319168, 0.000000, 
185.874878, 0.000000, 
185.984497, 0.000000, 
186.730713, 0.000000, 
189.276276, 0.000000, 
189.786270, 0.000000, 
190.369659, 0.000000, 
192.092377, 0.000000, 
192.318802, 0.000000, 
192.939774, 0.000000, 
193.441330, 0.000000, 
194.561829, 0.000000, 
194.951767, 0.000000, 
196.726471, 0.000000, 
196.868057, 0.000000, 
197.913544, 0.000000, 
198.696045, 0.000000, 
