0.121233, 0.000000, 
1.060845, 0.000000, 
1.077366, 0.000000, 
2.693110, 0.000000, 
3.529862, 0.000000, 
3.594060, 0.000000, 
4.028001, 0.000000, 
5.197740, 0.000000, 
5.289977, 0.000000, 
5.807332, 0.000000, 
7.138089, 0.000000, 
7.773806, 0.000000, 
8.486739, 0.000000, 
9.016562, 0.000000, 
9.367934, 0.000000, 
9.916869, 0.000000, 
12.567021, 0.000000, 
16.689150, 0.000000, 
16.903641, 0.000000, 
17.218510, 0.000000, 
19.760794, 0.000000, 
21.727928, 0.000000, 
22.672092, 0.000000, 
26.689953, 0.000000, 
26.864229, 0.000000, 
30.717470, 0.000000, 
31.894299, 0.000000, 
32.083679, 0.000000, 
33.620903, 0.000000, 
35.272789, 0.000000, 
36.020824, 0.000000, 
37.541649, 0.000000, 
37.907787, 0.000000, 
38.274223, 0.000000, 
39.933048, 0.000000, 
40.267097, 0.000000, 
43.360687, 0.000000, 
44.555233, 0.000000, 
45.405094, 0.000000, 
46.335663, 0.000000, 
48.139610, 0.000000, 
48.355106, 0.000000, 
48.640221, 0.000000, 
49.555233, 0.000000, 
50.299789, 0.000000, 
52.256824, 0.000000, 
52.348392, 0.000000, 
52.934967, 0.000000, 
52.986916, 0.000000, 
54.330753, 0.000000, 
56.156223, 0.000000, 
56.344173, 0.000000, 
57.399605, 0.000000, 
58.373550, 0.000000, 
59.936119, 0.000000, 
60.003937, 0.000000, 
60.541088, 0.000000, 
60.770515, 0.000000, 
61.398209, 0.000000, 
61.616245, 0.000000, 
62.856537, 0.000000, 
65.850655, 0.000000, 
66.516785, 0.000000, 
67.785789, 0.000000, 
71.248062, 0.000000, 
72.011581, 0.000000, 
72.276360, 0.000000, 
72.300323, 0.000000, 
73.070557, 0.000000, 
73.277596, 0.000000, 
74.548454, 0.000000, 
75.318367, 0.000000, 
75.647446, 0.000000, 
76.280304, 0.000000, 
76.553619, 0.000000, 
76.779861, 0.000000, 
76.786110, 0.000000, 
77.781189, 0.000000, 
78.550728, 0.000000, 
78.878418, 0.000000, 
79.675774, 0.000000, 
80.078888, 0.000000, 
80.907776, 0.000000, 
82.538094, 0.000000, 
82.908745, 0.000000, 
83.014153, 0.000000, 
84.629601, 0.000000, 
84.841270, 0.000000, 
88.089249, 0.000000, 
90.699661, 0.000000, 
91.687088, 0.000000, 
91.970261, 0.000000, 
93.886932, 0.000000, 
95.453506, 0.000000, 
96.282967, 0.000000, 
97.189125, 0.000000, 
97.500893, 0.000000, 
97.675331, 0.000000, 
98.231735, 0.000000, 
99.428299, 0.000000, 
100.101021, 0.000000, 
101.277779, 0.000000, 
101.515137, 0.000000, 
101.825104, 0.000000, 
102.223198, 0.000000, 
102.639084, 0.000000, 
105.295708, 0.000000, 
105.530792, 0.000000, 
108.062004, 0.000000, 
108.819534, 0.000000, 
109.063583, 0.000000, 
110.488731, 0.000000, 
110.669670, 0.000000, 
111.914360, 0.000000, 
112.948097, 0.000000, 
116.544540, 0.000000, 
116.745384, 0.000000, 
117.966301, 0.000000, 
119.190292, 0.000000, 
119.645325, 0.000000, 
120.332031, 0.000000, 
121.187881, 0.000000, 
121.234329, 0.000000, 
122.094604, 0.000000, 
122.109947, 0.000000, 
127.883682, 0.000000, 
128.454178, 0.000000, 
128.890259, 0.000000, 
129.626663, 0.000000, 
131.014435, 0.000000, 
133.428635, 0.000000, 
133.474899, 0.000000, 
134.409637, 0.000000, 
134.550598, 0.000000, 
134.809845, 0.000000, 
135.010147, 0.000000, 
135.477097, 0.000000, 
135.738815, 0.000000, 
137.608154, 0.000000, 
138.469574, 0.000000, 
139.375748, 0.000000, 
139.956024, 0.000000, 
140.280487, 0.000000, 
144.847397, 0.000000, 
145.147293, 0.000000, 
145.944504, 0.000000, 
147.739029, 0.000000, 
153.170639, 0.000000, 
153.175385, 0.000000, 
153.296356, 0.000000, 
155.182327, 0.000000, 
155.184998, 0.000000, 
156.237137, 0.000000, 
156.530243, 0.000000, 
156.682083, 0.000000, 
157.120956, 0.000000, 
158.166977, 0.000000, 
159.629791, 0.000000, 
161.260559, 0.000000, 
164.346878, 0.000000, 
164.654678, 0.000000, 
165.001434, 0.000000, 
165.082596, 0.000000, 
165.267029, 0.000000, 
165.519775, 0.000000, 
165.531448, 0.000000, 
167.705994, 0.000000, 
168.760895, 0.000000, 
169.367889, 0.000000, 
170.168335, 0.000000, 
171.720139, 0.000000, 
173.056168, 0.000000, 
173.677963, 0.000000, 
176.960983, 0.000000, 
177.818344, 0.000000, 
178.529037, 0.000000, 
179.604523, 0.000000, 
181.085114, 0.000000, 
182.095245, 0.000000, 
183.452194, 0.000000, 
183.491028, 0.000000, 
184.283005, 0.000000, 
185.728439, 0.000000, 
187.032166, 0.000000, 
187.039764, 0.000000, 
188.703903, 0.000000, 
188.901062, 0.000000, 
189.432724, 0.000000, 
190.284912, 0.000000, 
190.650421, 0.000000, 
190.863205, 0.000000, 
191.205368, 0.000000, 
191.275482, 0.000000, 
194.120148, 0.000000, 
195.893997, 0.000000, 
198.333221, 0.000000, 
198.553177, 0.000000, 
198.889557, 0.000000, 
199.197250, 0.000000, 
199.841827, 0.000000, 
