0.585802, 0.000000, 
1.280890, 0.000000, 
1.992459, 0.000000, 
3.153940, 0.000000, 
6.597936, 0.000000, 
8.414768, 0.000000, 
8.766462, 0.000000, 
9.236011, 0.000000, 
9.910810, 0.000000, 
10.380368, 0.000000, 
10.794838, 0.000000, 
14.341484, 0.000000, 
14.474859, 0.000000, 
15.305172, 0.000000, 
19.125065, 0.000000, 
20.040562, 0.000000, 
20.611023, 0.000000, 
22.362001, 0.000000, 
23.001539, 0.000000, 
23.070095, 0.000000, 
24.451279, 0.000000, 
24.645962, 0.000000, 
25.455534, 0.000000, 
25.746132, 0.000000, 
25.840492, 0.000000, 
26.164890, 0.000000, 
26.505856, 0.000000, 
26.803774, 0.000000, 
30.920191, 0.000000, 
31.589607, 0.000000, 
33.410683, 0.000000, 
35.061836, 0.000000, 
36.298935, 0.000000, 
37.264259, 0.000000, 
38.066265, 0.000000, 
38.496899, 0.000000, 
38.762592, 0.000000, 
42.126907, 0.000000, 
42.241047, 0.000000, 
42.652863, 0.000000, 
44.636826, 0.000000, 
45.745613, 0.000000, 
45.766705, 0.000000, 
46.021706, 0.000000, 
47.068012, 0.000000, 
49.154015, 0.000000, 
50.424835, 0.000000, 
50.567245, 0.000000, 
56.787014, 0.000000, 
58.030617, 0.000000, 
58.735603, 0.000000, 
59.755112, 0.000000, 
60.188301, 0.000000, 
61.908321, 0.000000, 
62.095757, 0.000000, 
63.646751, 0.000000, 
64.572296, 0.000000, 
65.190269, 0.000000, 
65.480080, 0.000000, 
66.721840, 0.000000, 
66.993408, 0.000000, 
67.064606, 0.000000, 
67.085770, 0.000000, 
67.392471, 0.000000, 
68.846001, 0.000000, 
69.074028, 0.000000, 
69.297714, 0.000000, 
73.798172, 0.000000, 
76.309082, 0.000000, 
77.661545, 0.000000, 
81.356712, 0.000000, 
81.810242, 0.000000, 
83.980484, 0.000000, 
84.076118, 0.000000, 
86.087982, 0.000000, 
86.312187, 0.000000, 
87.009811, 0.000000, 
87.437195, 0.000000, 
88.139587, 0.000000, 
89.686768, 0.000000, 
89.760757, 0.000000, 
90.448166, 0.000000, 
91.763161, 0.000000, 
92.040329, 0.000000, 
92.725609, 0.000000, 
93.279465, 0.000000, 
94.313644, 0.000000, 
94.377960, 0.000000, 
97.137871, 0.000000, 
97.601761, 0.000000, 
98.963623, 0.000000, 
99.753273, 0.000000, 
101.310059, 0.000000, 
101.482162, 0.000000, 
102.053085, 0.000000, 
102.639381, 0.000000, 
104.420380, 0.000000, 
108.276489, 0.000000, 
109.065720, 0.000000, 
110.367867, 0.000000, 
110.487907, 0.000000, 
111.275032, 0.000000, 
112.038788, 0.000000, 
112.498894, 0.000000, 
112.508881, 0.000000, 
112.888512, 0.000000, 
112.972572, 0.000000, 
113.397491, 0.000000, 
114.176674, 0.000000, 
114.888428, 0.000000, 
115.649086, 0.000000, 
116.225662, 0.000000, 
117.059303, 0.000000, 
118.236397, 0.000000, 
119.224541, 0.000000, 
119.356369, 0.000000, 
122.995949, 0.000000, 
124.015755, 0.000000, 
126.006973, 0.000000, 
126.639671, 0.000000, 
127.144508, 0.000000, 
127.305458, 0.000000, 
128.002731, 0.000000, 
129.229492, 0.000000, 
130.975830, 0.000000, 
132.534760, 0.000000, 
133.348511, 0.000000, 
133.515396, 0.000000, 
134.428452, 0.000000, 
135.665222, 0.000000, 
141.009613, 0.000000, 
141.218475, 0.000000, 
142.787750, 0.000000, 
144.180801, 0.000000, 
145.393402, 0.000000, 
146.286743, 0.000000, 
146.553726, 0.000000, 
147.295425, 0.000000, 
148.822617, 0.000000, 
149.773605, 0.000000, 
152.686523, 0.000000, 
152.909882, 0.000000, 
154.506470, 0.000000, 
154.894913, 0.000000, 
156.475174, 0.000000, 
156.677856, 0.000000, 
158.080750, 0.000000, 
158.578094, 0.000000, 
162.165558, 0.000000, 
162.433334, 0.000000, 
162.475693, 0.000000, 
163.499252, 0.000000, 
163.864899, 0.000000, 
166.756805, 0.000000, 
167.011856, 0.000000, 
169.469315, 0.000000, 
170.046112, 0.000000, 
170.047379, 0.000000, 
170.251175, 0.000000, 
171.953232, 0.000000, 
172.763367, 0.000000, 
174.349030, 0.000000, 
175.351852, 0.000000, 
175.651886, 0.000000, 
175.796661, 0.000000, 
175.935806, 0.000000, 
177.041641, 0.000000, 
178.576080, 0.000000, 
178.835114, 0.000000, 
179.109283, 0.000000, 
179.590530, 0.000000, 
179.879059, 0.000000, 
180.422760, 0.000000, 
180.891663, 0.000000, 
181.397827, 0.000000, 
182.185471, 0.000000, 
182.444855, 0.000000, 
182.887161, 0.000000, 
183.205338, 0.000000, 
183.585312, 0.000000, 
183.719086, 0.000000, 
183.994797, 0.000000, 
186.948990, 0.000000, 
187.986237, 0.000000, 
188.400116, 0.000000, 
188.699387, 0.000000, 
189.284607, 0.000000, 
190.107315, 0.000000, 
190.729568, 0.000000, 
190.900467, 0.000000, 
191.123886, 0.000000, 
191.186081, 0.000000, 
192.227829, 0.000000, 
193.227707, 0.000000, 
193.695099, 0.000000, 
194.164215, 0.000000, 
196.052902, 0.000000, 
196.606018, 0.000000, 
198.142822, 0.000000, 
198.336151, 0.000000, 
