0.081537, 0.000000, 
0.537243, 0.000000, 
0.911591, 0.000000, 
0.992878, 0.000000, 
1.208846, 0.000000, 
1.812454, 0.000000, 
2.301543, 0.000000, 
4.045147, 0.000000, 
5.065309, 0.000000, 
5.375280, 0.000000, 
5.840542, 0.000000, 
5.951904, 0.000000, 
6.339701, 0.000000, 
6.507140, 0.000000, 
8.361131, 0.000000, 
9.171240, 0.000000, 
9.480259, 0.000000, 
11.177091, 0.000000, 
11.775195, 0.000000, 
14.340783, 0.000000, 
16.283762, 0.000000, 
16.749130, 0.000000, 
17.453543, 0.000000, 
18.826357, 0.000000, 
19.651003, 0.000000, 
20.105055, 0.000000, 
20.263586, 0.000000, 
20.372126, 0.000000, 
21.738585, 0.000000, 
21.997179, 0.000000, 
23.298140, 0.000000, 
24.176010, 0.000000, 
24.591297, 0.000000, 
24.837528, 0.000000, 
25.995535, 0.000000, 
26.260912, 0.000000, 
26.351917, 0.000000, 
29.937986, 0.000000, 
31.264751, 0.000000, 
31.693262, 0.000000, 
32.529079, 0.000000, 
36.704086, 0.000000, 
36.773285, 0.000000, 
37.117607, 0.000000, 
38.619434, 0.000000, 
41.139435, 0.000000, 
41.351509, 0.000000, 
42.027161, 0.000000, 
42.674000, 0.000000, 
43.132103, 0.000000, 
44.262199, 0.000000, 
44.344086, 0.000000, 
44.791943, 0.000000, 
44.901928, 0.000000, 
46.620113, 0.000000, 
49.347630, 0.000000, 
49.538177, 0.000000, 
51.094540, 0.000000, 
51.278164, 0.000000, 
51.409313, 0.000000, 
51.965809, 0.000000, 
52.936230, 0.000000, 
53.121136, 0.000000, 
54.454639, 0.000000, 
54.995972, 0.000000, 
57.454800, 0.000000, 
60.618084, 0.000000, 
60.861465, 0.000000, 
61.887188, 0.000000, 
61.897171, 0.000000, 
62.553425, 0.000000, 
62.957260, 0.000000, 
64.183350, 0.000000, 
67.419937, 0.000000, 
67.834641, 0.000000, 
69.364502, 0.000000, 
69.393158, 0.000000, 
70.181778, 0.000000, 
71.016106, 0.000000, 
72.825867, 0.000000, 
73.123077, 0.000000, 
74.492607, 0.000000, 
77.322502, 0.000000, 
77.582687, 0.000000, 
77.605309, 0.000000, 
78.882141, 0.000000, 
79.267136, 0.000000, 
79.401436, 0.000000, 
79.586739, 0.000000, 
79.622040, 0.000000, 
79.767166, 0.000000, 
81.864166, 0.000000, 
85.459686, 0.000000, 
86.147957, 0.000000, 
86.220177, 0.000000, 
87.289169, 0.000000, 
88.633858, 0.000000, 
90.171638, 0.000000, 
90.623306, 0.000000, 
92.642296, 0.000000, 
93.005630, 0.000000, 
93.333672, 0.000000, 
94.091583, 0.000000, 
95.755531, 0.000000, 
96.564690, 0.000000, 
98.116425, 0.000000, 
98.712341, 0.000000, 
102.535309, 0.000000, 
105.126869, 0.000000, 
107.188560, 0.000000, 
107.588295, 0.000000, 
109.328590, 0.000000, 
109.512466, 0.000000, 
111.412071, 0.000000, 
111.626831, 0.000000, 
112.414734, 0.000000, 
113.845566, 0.000000, 
115.690186, 0.000000, 
115.901962, 0.000000, 
117.354057, 0.000000, 
117.439491, 0.000000, 
118.346481, 0.000000, 
120.407219, 0.000000, 
122.174080, 0.000000, 
122.445541, 0.000000, 
122.505020, 0.000000, 
122.522247, 0.000000, 
122.924469, 0.000000, 
123.541664, 0.000000, 
125.366165, 0.000000, 
126.889664, 0.000000, 
127.265320, 0.000000, 
127.646660, 0.000000, 
128.181580, 0.000000, 
128.207718, 0.000000, 
128.976944, 0.000000, 
129.686035, 0.000000, 
131.567429, 0.000000, 
133.508453, 0.000000, 
134.696335, 0.000000, 
136.177399, 0.000000, 
136.226364, 0.000000, 
136.768112, 0.000000, 
138.255478, 0.000000, 
138.962402, 0.000000, 
139.030609, 0.000000, 
139.288910, 0.000000, 
139.992493, 0.000000, 
140.765579, 0.000000, 
143.461502, 0.000000, 
145.236526, 0.000000, 
146.339478, 0.000000, 
148.680237, 0.000000, 
150.826324, 0.000000, 
150.941193, 0.000000, 
153.536102, 0.000000, 
154.309967, 0.000000, 
154.663818, 0.000000, 
155.854538, 0.000000, 
159.576416, 0.000000, 
161.922821, 0.000000, 
163.595566, 0.000000, 
164.710968, 0.000000, 
165.462646, 0.000000, 
165.718918, 0.000000, 
166.389801, 0.000000, 
167.228195, 0.000000, 
168.683578, 0.000000, 
169.522888, 0.000000, 
169.909302, 0.000000, 
170.265549, 0.000000, 
170.920319, 0.000000, 
171.080032, 0.000000, 
175.448090, 0.000000, 
177.527100, 0.000000, 
178.724228, 0.000000, 
179.271667, 0.000000, 
180.411865, 0.000000, 
180.447800, 0.000000, 
180.814011, 0.000000, 
181.844589, 0.000000, 
184.383820, 0.000000, 
186.498352, 0.000000, 
187.531540, 0.000000, 
188.052902, 0.000000, 
188.636032, 0.000000, 
190.034882, 0.000000, 
190.036728, 0.000000, 
190.514069, 0.000000, 
190.709900, 0.000000, 
190.791702, 0.000000, 
191.694626, 0.000000, 
193.512665, 0.000000, 
195.902039, 0.000000, 
196.567261, 0.000000, 
196.603882, 0.000000, 
197.902695, 0.000000, 
198.495743, 0.000000, 
199.426437, 0.000000, 
199.594513, 0.000000, 
