0.688998, 0.000000, 
2.396449, 0.000000, 
3.810584, 0.000000, 
5.011075, 0.000000, 
5.137121, 0.000000, 
5.234468, 0.000000, 
6.537528, 0.000000, 
6.906705, 0.000000, 
7.408981, 0.000000, 
7.770299, 0.000000, 
10.572869, 0.000000, 
11.118817, 0.000000, 
11.353836, 0.000000, 
15.219333, 0.000000, 
15.958289, 0.000000, 
18.229239, 0.000000, 
19.281042, 0.000000, 
20.816206, 0.000000, 
20.822502, 0.000000, 
20.838125, 0.000000, 
25.118120, 0.000000, 
26.979336, 0.000000, 
27.957903, 0.000000, 
28.203762, 0.000000, 
29.351278, 0.000000, 
29.680891, 0.000000, 
30.490906, 0.000000, 
30.981295, 0.000000, 
31.128922, 0.000000, 
32.393429, 0.000000, 
35.628994, 0.000000, 
37.264091, 0.000000, 
37.895218, 0.000000, 
38.950718, 0.000000, 
40.297150, 0.000000, 
41.026237, 0.000000, 
41.924133, 0.000000, 
42.228645, 0.000000, 
43.653885, 0.000000, 
43.759102, 0.000000, 
44.785488, 0.000000, 
44.894581, 0.000000, 
45.776436, 0.000000, 
46.151478, 0.000000, 
47.381001, 0.000000, 
49.041813, 0.000000, 
49.503632, 0.000000, 
50.162312, 0.000000, 
51.301842, 0.000000, 
52.624710, 0.000000, 
53.170712, 0.000000, 
54.816856, 0.000000, 
55.273502, 0.000000, 
56.527702, 0.000000, 
57.252617, 0.000000, 
58.078136, 0.000000, 
58.340889, 0.000000, 
58.676548, 0.000000, 
58.948654, 0.000000, 
59.311459, 0.000000, 
59.389019, 0.000000, 
59.701099, 0.000000, 
60.156712, 0.000000, 
63.381313, 0.000000, 
63.570377, 0.000000, 
66.070602, 0.000000, 
66.903984, 0.000000, 
67.111397, 0.000000, 
67.137352, 0.000000, 
67.431801, 0.000000, 
69.604454, 0.000000, 
69.675819, 0.000000, 
70.224785, 0.000000, 
70.272308, 0.000000, 
72.190308, 0.000000, 
74.780373, 0.000000, 
75.112679, 0.000000, 
75.372757, 0.000000, 
76.228706, 0.000000, 
79.988106, 0.000000, 
80.354156, 0.000000, 
80.628159, 0.000000, 
80.865669, 0.000000, 
81.416695, 0.000000, 
81.453568, 0.000000, 
81.616280, 0.000000, 
83.492729, 0.000000, 
83.972137, 0.000000, 
84.068062, 0.000000, 
84.491875, 0.000000, 
84.870705, 0.000000, 
85.097137, 0.000000, 
85.668411, 0.000000, 
85.863129, 0.000000, 
86.941483, 0.000000, 
87.362877, 0.000000, 
87.496376, 0.000000, 
94.000107, 0.000000, 
96.516510, 0.000000, 
96.897690, 0.000000, 
97.307930, 0.000000, 
99.619560, 0.000000, 
102.083900, 0.000000, 
103.786743, 0.000000, 
104.496086, 0.000000, 
106.830437, 0.000000, 
108.713768, 0.000000, 
109.109123, 0.000000, 
109.193443, 0.000000, 
110.155861, 0.000000, 
110.235474, 0.000000, 
110.407494, 0.000000, 
110.585434, 0.000000, 
110.664261, 0.000000, 
111.070427, 0.000000, 
111.519020, 0.000000, 
112.327515, 0.000000, 
114.067093, 0.000000, 
114.515877, 0.000000, 
114.525200, 0.000000, 
114.710220, 0.000000, 
114.943077, 0.000000, 
115.711075, 0.000000, 
117.078018, 0.000000, 
118.417412, 0.000000, 
118.886559, 0.000000, 
119.429672, 0.000000, 
124.413765, 0.000000, 
125.114647, 0.000000, 
125.859726, 0.000000, 
126.070793, 0.000000, 
126.103149, 0.000000, 
130.045929, 0.000000, 
131.574051, 0.000000, 
132.247574, 0.000000, 
132.509796, 0.000000, 
133.293198, 0.000000, 
134.826401, 0.000000, 
135.300476, 0.000000, 
135.638626, 0.000000, 
136.059296, 0.000000, 
137.333893, 0.000000, 
137.914993, 0.000000, 
138.116028, 0.000000, 
138.365417, 0.000000, 
138.461914, 0.000000, 
139.490494, 0.000000, 
142.193527, 0.000000, 
142.946884, 0.000000, 
144.638885, 0.000000, 
144.950806, 0.000000, 
145.219254, 0.000000, 
147.233215, 0.000000, 
147.630646, 0.000000, 
148.024231, 0.000000, 
150.033264, 0.000000, 
151.618866, 0.000000, 
152.998505, 0.000000, 
154.057098, 0.000000, 
154.817581, 0.000000, 
156.367828, 0.000000, 
156.969482, 0.000000, 
157.222229, 0.000000, 
161.820068, 0.000000, 
164.268082, 0.000000, 
164.319763, 0.000000, 
164.453125, 0.000000, 
164.901596, 0.000000, 
168.047089, 0.000000, 
168.587463, 0.000000, 
168.968018, 0.000000, 
169.337540, 0.000000, 
169.667267, 0.000000, 
169.689194, 0.000000, 
170.055374, 0.000000, 
173.496429, 0.000000, 
175.252731, 0.000000, 
175.632050, 0.000000, 
178.270035, 0.000000, 
178.366196, 0.000000, 
179.544342, 0.000000, 
180.468735, 0.000000, 
181.823135, 0.000000, 
185.198563, 0.000000, 
185.916122, 0.000000, 
186.784058, 0.000000, 
187.010025, 0.000000, 
187.073914, 0.000000, 
188.756271, 0.000000, 
188.836960, 0.000000, 
190.738632, 0.000000, 
191.834824, 0.000000, 
193.121140, 0.000000, 
195.814667, 0.000000, 
197.085037, 0.000000, 
198.100983, 0.000000, 
198.654053, 0.000000, 
199.034363, 0.000000, 
199.895523, 0.000000, 
199.981750, 0.000000, 
