1.874916, 0.000000, 
4.621766, 0.000000, 
5.105162, 0.000000, 
6.577398, 0.000000, 
6.726540, 0.000000, 
8.312238, 0.000000, 
10.242196, 0.000000, 
10.268440, 0.000000, 
10.516010, 0.000000, 
10.771507, 0.000000, 
10.994871, 0.000000, 
12.487740, 0.000000, 
12.574196, 0.000000, 
13.569780, 0.000000, 
14.428862, 0.000000, 
15.273629, 0.000000, 
15.903083, 0.000000, 
16.972746, 0.000000, 
17.886627, 0.000000, 
18.074703, 0.000000, 
18.138243, 0.000000, 
18.429174, 0.000000, 
19.837599, 0.000000, 
20.435484, 0.000000, 
21.268185, 0.000000, 
22.008585, 0.000000, 
22.788177, 0.000000, 
22.951872, 0.000000, 
23.322208, 0.000000, 
24.841633, 0.000000, 
24.865971, 0.000000, 
25.366545, 0.000000, 
25.648687, 0.000000, 
31.514183, 0.000000, 
32.260929, 0.000000, 
32.420048, 0.000000, 
33.270222, 0.000000, 
33.311787, 0.000000, 
33.382915, 0.000000, 
34.006767, 0.000000, 
34.471645, 0.000000, 
35.304554, 0.000000, 
35.867863, 0.000000, 
36.206665, 0.000000, 
36.314137, 0.000000, 
38.137650, 0.000000, 
39.944733, 0.000000, 
40.735012, 0.000000, 
41.700119, 0.000000, 
42.195194, 0.000000, 
42.397327, 0.000000, 
44.372929, 0.000000, 
45.442806, 0.000000, 
46.270077, 0.000000, 
46.937168, 0.000000, 
47.705753, 0.000000, 
48.768425, 0.000000, 
50.437164, 0.000000, 
50.537777, 0.000000, 
51.127506, 0.000000, 
51.815990, 0.000000, 
52.027905, 0.000000, 
52.192291, 0.000000, 
52.448807, 0.000000, 
53.178478, 0.000000, 
54.878170, 0.000000, 
56.021191, 0.000000, 
57.632915, 0.000000, 
57.674213, 0.000000, 
60.372540, 0.000000, 
62.752403, 0.000000, 
64.059700, 0.000000, 
65.403496, 0.000000, 
68.309532, 0.000000, 
69.897438, 0.000000, 
70.066078, 0.000000, 
71.331223, 0.000000, 
71.839500, 0.000000, 
75.044586, 0.000000, 
75.166603, 0.000000, 
75.174751, 0.000000, 
76.926643, 0.000000, 
81.961166, 0.000000, 
85.558968, 0.000000, 
88.972343, 0.000000, 
89.452751, 0.000000, 
90.241898, 0.000000, 
91.051155, 0.000000, 
91.524437, 0.000000, 
91.641327, 0.000000, 
91.652573, 0.000000, 
94.354546, 0.000000, 
95.682526, 0.000000, 
96.192299, 0.000000, 
96.204369, 0.000000, 
96.476318, 0.000000, 
96.734398, 0.000000, 
97.740395, 0.000000, 
100.499886, 0.000000, 
101.017830, 0.000000, 
101.533066, 0.000000, 
102.021332, 0.000000, 
102.602509, 0.000000, 
103.097633, 0.000000, 
103.524933, 0.000000, 
103.960701, 0.000000, 
103.974670, 0.000000, 
104.934814, 0.000000, 
105.421066, 0.000000, 
106.947174, 0.000000, 
107.490105, 0.000000, 
108.291786, 0.000000, 
108.797462, 0.000000, 
109.000175, 0.000000, 
109.214180, 0.000000, 
111.022919, 0.000000, 
111.806000, 0.000000, 
112.526657, 0.000000, 
112.528687, 0.000000, 
113.019394, 0.000000, 
114.653526, 0.000000, 
114.786705, 0.000000, 
115.441330, 0.000000, 
116.680290, 0.000000, 
117.209999, 0.000000, 
117.371384, 0.000000, 
119.457321, 0.000000, 
119.868080, 0.000000, 
121.540955, 0.000000, 
129.415359, 0.000000, 
130.550156, 0.000000, 
131.365417, 0.000000, 
132.115891, 0.000000, 
133.166473, 0.000000, 
134.084381, 0.000000, 
134.175079, 0.000000, 
135.236069, 0.000000, 
137.026917, 0.000000, 
137.607574, 0.000000, 
137.921158, 0.000000, 
137.966583, 0.000000, 
139.130295, 0.000000, 
139.788986, 0.000000, 
140.447632, 0.000000, 
144.616470, 0.000000, 
144.756714, 0.000000, 
145.978607, 0.000000, 
146.395142, 0.000000, 
146.399490, 0.000000, 
146.486496, 0.000000, 
148.384399, 0.000000, 
150.169235, 0.000000, 
150.784225, 0.000000, 
151.745499, 0.000000, 
156.286346, 0.000000, 
158.260345, 0.000000, 
159.335159, 0.000000, 
160.151413, 0.000000, 
160.505997, 0.000000, 
160.587921, 0.000000, 
160.894928, 0.000000, 
161.136353, 0.000000, 
162.639343, 0.000000, 
163.261566, 0.000000, 
163.350433, 0.000000, 
164.747864, 0.000000, 
167.472717, 0.000000, 
168.056992, 0.000000, 
168.440811, 0.000000, 
170.571091, 0.000000, 
171.188965, 0.000000, 
172.520706, 0.000000, 
173.708710, 0.000000, 
174.018036, 0.000000, 
175.323242, 0.000000, 
175.711517, 0.000000, 
175.867905, 0.000000, 
177.194122, 0.000000, 
177.405212, 0.000000, 
177.470337, 0.000000, 
179.892578, 0.000000, 
180.634949, 0.000000, 
180.880997, 0.000000, 
181.518600, 0.000000, 
184.278976, 0.000000, 
184.794724, 0.000000, 
185.023865, 0.000000, 
185.058151, 0.000000, 
185.331985, 0.000000, 
186.637497, 0.000000, 
188.986008, 0.000000, 
189.222794, 0.000000, 
190.263351, 0.000000, 
190.640198, 0.000000, 
190.979507, 0.000000, 
192.546432, 0.000000, 
193.330170, 0.000000, 
193.945862, 0.000000, 
194.822235, 0.000000, 
198.040619, 0.000000, 
