1.081033, 0.000000, 
1.852301, 0.000000, 
6.803143, 0.000000, 
8.079939, 0.000000, 
10.759684, 0.000000, 
11.225190, 0.000000, 
14.255450, 0.000000, 
14.790607, 0.000000, 
14.905269, 0.000000, 
15.987319, 0.000000, 
17.889278, 0.000000, 
18.734921, 0.000000, 
19.171196, 0.000000, 
20.242102, 0.000000, 
21.879433, 0.000000, 
24.576494, 0.000000, 
25.132816, 0.000000, 
27.790367, 0.000000, 
29.920244, 0.000000, 
30.023876, 0.000000, 
31.152678, 0.000000, 
33.109760, 0.000000, 
34.217644, 0.000000, 
35.092224, 0.000000, 
35.302353, 0.000000, 
36.566128, 0.000000, 
36.854275, 0.000000, 
36.910198, 0.000000, 
38.457592, 0.000000, 
38.923656, 0.000000, 
40.706802, 0.000000, 
41.370827, 0.000000, 
44.344116, 0.000000, 
45.100674, 0.000000, 
45.632332, 0.000000, 
46.028637, 0.000000, 
50.422016, 0.000000, 
52.011299, 0.000000, 
52.492462, 0.000000, 
54.606716, 0.000000, 
54.700455, 0.000000, 
55.041790, 0.000000, 
56.514656, 0.000000, 
57.492706, 0.000000, 
60.615883, 0.000000, 
60.730350, 0.000000, 
62.531265, 0.000000, 
63.364845, 0.000000, 
64.026474, 0.000000, 
65.277168, 0.000000, 
66.576637, 0.000000, 
66.736923, 0.000000, 
66.752586, 0.000000, 
67.360542, 0.000000, 
67.894890, 0.000000, 
68.583153, 0.000000, 
68.713089, 0.000000, 
69.360107, 0.000000, 
69.412346, 0.000000, 
69.547256, 0.000000, 
71.581657, 0.000000, 
73.520317, 0.000000, 
73.687569, 0.000000, 
73.956955, 0.000000, 
75.610809, 0.000000, 
75.767662, 0.000000, 
78.772148, 0.000000, 
79.230667, 0.000000, 
79.506607, 0.000000, 
81.607170, 0.000000, 
82.355049, 0.000000, 
82.990448, 0.000000, 
84.369247, 0.000000, 
85.261574, 0.000000, 
85.548454, 0.000000, 
85.843086, 0.000000, 
87.229958, 0.000000, 
87.902710, 0.000000, 
87.949257, 0.000000, 
87.975662, 0.000000, 
88.014351, 0.000000, 
88.758850, 0.000000, 
91.279800, 0.000000, 
91.903564, 0.000000, 
95.133293, 0.000000, 
96.115410, 0.000000, 
96.169014, 0.000000, 
97.070732, 0.000000, 
97.518753, 0.000000, 
98.100891, 0.000000, 
98.217934, 0.000000, 
99.367813, 0.000000, 
99.949486, 0.000000, 
100.438332, 0.000000, 
100.791557, 0.000000, 
104.866264, 0.000000, 
105.146454, 0.000000, 
107.709885, 0.000000, 
107.993668, 0.000000, 
108.374748, 0.000000, 
108.559692, 0.000000, 
108.688416, 0.000000, 
111.146759, 0.000000, 
111.733414, 0.000000, 
112.650871, 0.000000, 
113.094475, 0.000000, 
113.431221, 0.000000, 
113.909981, 0.000000, 
115.126915, 0.000000, 
115.535866, 0.000000, 
117.062233, 0.000000, 
117.286438, 0.000000, 
118.605812, 0.000000, 
118.987679, 0.000000, 
119.364868, 0.000000, 
119.461197, 0.000000, 
120.341896, 0.000000, 
122.808937, 0.000000, 
122.842216, 0.000000, 
123.149681, 0.000000, 
125.294243, 0.000000, 
125.750359, 0.000000, 
125.832542, 0.000000, 
128.879868, 0.000000, 
129.732758, 0.000000, 
129.911163, 0.000000, 
130.520767, 0.000000, 
131.632614, 0.000000, 
132.797531, 0.000000, 
133.892212, 0.000000, 
134.698624, 0.000000, 
135.803696, 0.000000, 
135.830048, 0.000000, 
136.189804, 0.000000, 
136.239288, 0.000000, 
136.797623, 0.000000, 
137.202515, 0.000000, 
138.035645, 0.000000, 
139.006622, 0.000000, 
139.041565, 0.000000, 
140.158066, 0.000000, 
141.271088, 0.000000, 
142.010925, 0.000000, 
142.081726, 0.000000, 
145.273590, 0.000000, 
146.259247, 0.000000, 
149.301743, 0.000000, 
149.710266, 0.000000, 
149.742310, 0.000000, 
150.159378, 0.000000, 
152.691406, 0.000000, 
153.184067, 0.000000, 
156.775253, 0.000000, 
156.949890, 0.000000, 
157.562668, 0.000000, 
158.791824, 0.000000, 
159.057693, 0.000000, 
160.342300, 0.000000, 
161.811356, 0.000000, 
162.355682, 0.000000, 
163.594543, 0.000000, 
164.274414, 0.000000, 
164.441605, 0.000000, 
167.291824, 0.000000, 
167.800079, 0.000000, 
169.470444, 0.000000, 
170.599609, 0.000000, 
171.972412, 0.000000, 
172.081802, 0.000000, 
172.314575, 0.000000, 
172.485870, 0.000000, 
173.357422, 0.000000, 
173.916000, 0.000000, 
174.850983, 0.000000, 
175.776749, 0.000000, 
175.890427, 0.000000, 
176.247665, 0.000000, 
176.600983, 0.000000, 
176.854401, 0.000000, 
177.478928, 0.000000, 
178.449402, 0.000000, 
179.341843, 0.000000, 
179.450104, 0.000000, 
180.321777, 0.000000, 
182.438553, 0.000000, 
183.255463, 0.000000, 
184.020584, 0.000000, 
184.909470, 0.000000, 
185.155685, 0.000000, 
186.284821, 0.000000, 
188.107574, 0.000000, 
188.828522, 0.000000, 
190.154663, 0.000000, 
191.438873, 0.000000, 
191.717743, 0.000000, 
192.771484, 0.000000, 
194.914169, 0.000000, 
196.378571, 0.000000, 
196.493469, 0.000000, 
197.909912, 0.000000, 
