1.455263, 0.000000, 
1.960361, 0.000000, 
2.209597, 0.000000, 
2.263580, 0.000000, 
2.915783, 0.000000, 
3.327674, 0.000000, 
3.944791, 0.000000, 
4.180445, 0.000000, 
5.994898, 0.000000, 
6.127295, 0.000000, 
6.784862, 0.000000, 
7.405922, 0.000000, 
7.821731, 0.000000, 
8.962347, 0.000000, 
8.986748, 0.000000, 
9.168120, 0.000000, 
9.596382, 0.000000, 
9.927430, 0.000000, 
10.537806, 0.000000, 
11.462127, 0.000000, 
11.852134, 0.000000, 
12.815289, 0.000000, 
13.003261, 0.000000, 
13.868310, 0.000000, 
14.054665, 0.000000, 
14.944441, 0.000000, 
15.116977, 0.000000, 
22.703276, 0.000000, 
23.900568, 0.000000, 
24.263140, 0.000000, 
24.821451, 0.000000, 
25.028950, 0.000000, 
27.700583, 0.000000, 
27.747803, 0.000000, 
28.732210, 0.000000, 
28.901369, 0.000000, 
28.965307, 0.000000, 
29.160048, 0.000000, 
29.583408, 0.000000, 
29.666214, 0.000000, 
29.695156, 0.000000, 
31.592964, 0.000000, 
32.176865, 0.000000, 
32.251011, 0.000000, 
32.302940, 0.000000, 
33.046955, 0.000000, 
34.268982, 0.000000, 
34.426502, 0.000000, 
34.729076, 0.000000, 
35.757057, 0.000000, 
37.038151, 0.000000, 
37.403976, 0.000000, 
37.570774, 0.000000, 
38.009556, 0.000000, 
40.014965, 0.000000, 
45.401165, 0.000000, 
46.701317, 0.000000, 
47.043427, 0.000000, 
47.177135, 0.000000, 
48.694923, 0.000000, 
49.229652, 0.000000, 
49.318314, 0.000000, 
49.980148, 0.000000, 
53.118671, 0.000000, 
54.498627, 0.000000, 
56.223450, 0.000000, 
56.240902, 0.000000, 
56.770370, 0.000000, 
59.110687, 0.000000, 
59.363533, 0.000000, 
60.360565, 0.000000, 
60.589405, 0.000000, 
61.851620, 0.000000, 
65.882942, 0.000000, 
66.234077, 0.000000, 
66.538979, 0.000000, 
66.675049, 0.000000, 
67.088707, 0.000000, 
67.233482, 0.000000, 
67.340134, 0.000000, 
67.680290, 0.000000, 
68.120239, 0.000000, 
70.177032, 0.000000, 
72.442467, 0.000000, 
74.041466, 0.000000, 
74.788956, 0.000000, 
74.807953, 0.000000, 
74.893570, 0.000000, 
80.375137, 0.000000, 
81.588531, 0.000000, 
82.621223, 0.000000, 
83.736580, 0.000000, 
85.054649, 0.000000, 
85.377136, 0.000000, 
86.132339, 0.000000, 
86.394592, 0.000000, 
88.472992, 0.000000, 
90.442795, 0.000000, 
90.983704, 0.000000, 
94.603188, 0.000000, 
96.672592, 0.000000, 
97.377708, 0.000000, 
99.646309, 0.000000, 
100.278839, 0.000000, 
100.460869, 0.000000, 
100.513527, 0.000000, 
100.640350, 0.000000, 
101.198624, 0.000000, 
105.060661, 0.000000, 
105.151741, 0.000000, 
106.748047, 0.000000, 
108.990593, 0.000000, 
109.521561, 0.000000, 
110.618126, 0.000000, 
112.135139, 0.000000, 
112.616791, 0.000000, 
113.825638, 0.000000, 
113.831184, 0.000000, 
114.321709, 0.000000, 
116.585487, 0.000000, 
118.206146, 0.000000, 
119.657379, 0.000000, 
119.919281, 0.000000, 
121.329941, 0.000000, 
121.952759, 0.000000, 
122.092987, 0.000000, 
122.136559, 0.000000, 
125.598625, 0.000000, 
127.107773, 0.000000, 
127.493637, 0.000000, 
130.151993, 0.000000, 
131.086060, 0.000000, 
131.209305, 0.000000, 
131.681137, 0.000000, 
131.706543, 0.000000, 
133.259079, 0.000000, 
133.432144, 0.000000, 
134.449661, 0.000000, 
134.924179, 0.000000, 
137.855759, 0.000000, 
137.949356, 0.000000, 
138.513885, 0.000000, 
140.482788, 0.000000, 
142.013046, 0.000000, 
144.414749, 0.000000, 
145.016891, 0.000000, 
145.986099, 0.000000, 
147.193237, 0.000000, 
148.027344, 0.000000, 
148.627563, 0.000000, 
149.947433, 0.000000, 
152.267960, 0.000000, 
153.082108, 0.000000, 
153.388702, 0.000000, 
155.538300, 0.000000, 
157.339783, 0.000000, 
157.985748, 0.000000, 
159.706924, 0.000000, 
160.118347, 0.000000, 
160.523911, 0.000000, 
160.693497, 0.000000, 
161.281296, 0.000000, 
161.830719, 0.000000, 
161.905655, 0.000000, 
162.055588, 0.000000, 
162.191559, 0.000000, 
163.552917, 0.000000, 
163.925812, 0.000000, 
164.124054, 0.000000, 
164.885300, 0.000000, 
165.538177, 0.000000, 
165.806442, 0.000000, 
166.221375, 0.000000, 
166.439468, 0.000000, 
167.914444, 0.000000, 
168.694641, 0.000000, 
169.225708, 0.000000, 
169.622101, 0.000000, 
170.663376, 0.000000, 
173.218552, 0.000000, 
174.122681, 0.000000, 
174.469330, 0.000000, 
178.662354, 0.000000, 
180.764572, 0.000000, 
181.390762, 0.000000, 
182.275177, 0.000000, 
182.999832, 0.000000, 
185.153839, 0.000000, 
185.315140, 0.000000, 
189.729492, 0.000000, 
194.290314, 0.000000, 
195.682251, 0.000000, 
196.375504, 0.000000, 
198.007065, 0.000000, 
198.077454, 0.000000, 
198.171432, 0.000000, 
198.310837, 0.000000, 
198.944687, 0.000000, 
199.450287, 0.000000, 
199.607529, 0.000000, 
