0.954582, 0.000000, 
1.752728, 0.000000, 
2.777355, 0.000000, 
3.229554, 0.000000, 
4.801031, 0.000000, 
4.894176, 0.000000, 
5.197583, 0.000000, 
7.271643, 0.000000, 
8.261457, 0.000000, 
9.485973, 0.000000, 
9.522431, 0.000000, 
10.654251, 0.000000, 
11.595806, 0.000000, 
13.295927, 0.000000, 
13.968824, 0.000000, 
15.614819, 0.000000, 
18.122549, 0.000000, 
18.141830, 0.000000, 
19.243919, 0.000000, 
19.450527, 0.000000, 
23.290287, 0.000000, 
24.945673, 0.000000, 
24.991680, 0.000000, 
25.646301, 0.000000, 
26.500685, 0.000000, 
30.318258, 0.000000, 
30.789551, 0.000000, 
32.418098, 0.000000, 
32.517265, 0.000000, 
38.264259, 0.000000, 
39.035797, 0.000000, 
40.330700, 0.000000, 
43.482681, 0.000000, 
43.523048, 0.000000, 
44.595711, 0.000000, 
45.364246, 0.000000, 
45.374046, 0.000000, 
48.699570, 0.000000, 
49.681103, 0.000000, 
50.812218, 0.000000, 
51.017536, 0.000000, 
52.077637, 0.000000, 
52.126080, 0.000000, 
54.558807, 0.000000, 
54.694592, 0.000000, 
55.908638, 0.000000, 
56.327942, 0.000000, 
57.086658, 0.000000, 
57.380550, 0.000000, 
58.775368, 0.000000, 
59.105625, 0.000000, 
60.585838, 0.000000, 
60.642715, 0.000000, 
60.895348, 0.000000, 
61.455055, 0.000000, 
62.156307, 0.000000, 
62.456955, 0.000000, 
63.266235, 0.000000, 
63.393105, 0.000000, 
66.254471, 0.000000, 
67.250664, 0.000000, 
68.446724, 0.000000, 
68.840912, 0.000000, 
69.388115, 0.000000, 
69.702911, 0.000000, 
70.304405, 0.000000, 
70.837883, 0.000000, 
71.866730, 0.000000, 
72.977257, 0.000000, 
76.375244, 0.000000, 
77.116882, 0.000000, 
78.557220, 0.000000, 
82.296906, 0.000000, 
82.654091, 0.000000, 
83.316673, 0.000000, 
83.981796, 0.000000, 
85.241135, 0.000000, 
85.297844, 0.000000, 
86.743469, 0.000000, 
88.492508, 0.000000, 
92.629204, 0.000000, 
93.055878, 0.000000, 
96.809174, 0.000000, 
97.188255, 0.000000, 
98.125252, 0.000000, 
99.050766, 0.000000, 
102.391441, 0.000000, 
104.605507, 0.000000, 
104.617729, 0.000000, 
104.714951, 0.000000, 
105.017647, 0.000000, 
106.119843, 0.000000, 
106.248741, 0.000000, 
106.964905, 0.000000, 
107.310745, 0.000000, 
107.576256, 0.000000, 
107.755226, 0.000000, 
109.514236, 0.000000, 
109.581505, 0.000000, 
109.707130, 0.000000, 
111.042984, 0.000000, 
112.527008, 0.000000, 
113.907867, 0.000000, 
113.925758, 0.000000, 
115.316711, 0.000000, 
115.659317, 0.000000, 
116.239761, 0.000000, 
116.252312, 0.000000, 
118.302391, 0.000000, 
119.484642, 0.000000, 
119.527954, 0.000000, 
119.594025, 0.000000, 
119.647591, 0.000000, 
121.772606, 0.000000, 
123.569145, 0.000000, 
124.385506, 0.000000, 
126.188599, 0.000000, 
126.768982, 0.000000, 
130.356659, 0.000000, 
130.984818, 0.000000, 
131.450226, 0.000000, 
134.619110, 0.000000, 
134.794876, 0.000000, 
135.315674, 0.000000, 
135.405273, 0.000000, 
136.310425, 0.000000, 
138.729111, 0.000000, 
139.598862, 0.000000, 
139.836594, 0.000000, 
141.301575, 0.000000, 
141.491470, 0.000000, 
142.111618, 0.000000, 
143.655518, 0.000000, 
144.913437, 0.000000, 
145.250870, 0.000000, 
146.429871, 0.000000, 
146.965851, 0.000000, 
147.368423, 0.000000, 
148.150497, 0.000000, 
149.429474, 0.000000, 
150.051407, 0.000000, 
151.082352, 0.000000, 
151.996292, 0.000000, 
153.021149, 0.000000, 
153.104263, 0.000000, 
153.337067, 0.000000, 
153.796524, 0.000000, 
154.638565, 0.000000, 
155.498886, 0.000000, 
155.641190, 0.000000, 
156.461441, 0.000000, 
156.779358, 0.000000, 
157.324829, 0.000000, 
157.698074, 0.000000, 
158.361206, 0.000000, 
162.030655, 0.000000, 
163.538803, 0.000000, 
163.625122, 0.000000, 
164.234299, 0.000000, 
165.480057, 0.000000, 
165.918259, 0.000000, 
167.982376, 0.000000, 
169.014145, 0.000000, 
169.085129, 0.000000, 
169.210251, 0.000000, 
169.694351, 0.000000, 
170.780899, 0.000000, 
170.907181, 0.000000, 
171.004379, 0.000000, 
172.719818, 0.000000, 
174.238647, 0.000000, 
176.684494, 0.000000, 
179.223190, 0.000000, 
179.507660, 0.000000, 
181.012054, 0.000000, 
181.796860, 0.000000, 
182.368134, 0.000000, 
182.497421, 0.000000, 
182.886841, 0.000000, 
185.483490, 0.000000, 
185.801300, 0.000000, 
186.296158, 0.000000, 
186.814789, 0.000000, 
187.504669, 0.000000, 
187.604553, 0.000000, 
189.411087, 0.000000, 
190.146088, 0.000000, 
191.106262, 0.000000, 
191.590469, 0.000000, 
191.716354, 0.000000, 
193.992386, 0.000000, 
194.541794, 0.000000, 
196.607239, 0.000000, 
196.652847, 0.000000, 
196.692429, 0.000000, 
196.943436, 0.000000, 
197.322418, 0.000000, 
198.796036, 0.000000, 
199.394608, 0.000000, 
199.912872, 0.000000, 
