0.183476, 0.000000, 
1.585112, 0.000000, 
3.332723, 0.000000, 
4.562912, 0.000000, 
5.450613, 0.000000, 
7.919550, 0.000000, 
7.936553, 0.000000, 
9.067597, 0.000000, 
12.649296, 0.000000, 
12.660650, 0.000000, 
16.517296, 0.000000, 
16.579336, 0.000000, 
17.298458, 0.000000, 
17.776278, 0.000000, 
18.187908, 0.000000, 
20.204494, 0.000000, 
20.537973, 0.000000, 
20.880747, 0.000000, 
21.439270, 0.000000, 
22.040379, 0.000000, 
22.577787, 0.000000, 
24.859522, 0.000000, 
25.470980, 0.000000, 
25.934662, 0.000000, 
27.211548, 0.000000, 
27.237406, 0.000000, 
27.407049, 0.000000, 
29.232414, 0.000000, 
29.264898, 0.000000, 
29.377686, 0.000000, 
30.729336, 0.000000, 
31.099407, 0.000000, 
31.833139, 0.000000, 
32.293884, 0.000000, 
32.666218, 0.000000, 
32.890247, 0.000000, 
32.984070, 0.000000, 
33.398521, 0.000000, 
33.463409, 0.000000, 
34.839256, 0.000000, 
35.101086, 0.000000, 
35.573334, 0.000000, 
35.723427, 0.000000, 
36.242970, 0.000000, 
37.186630, 0.000000, 
38.066124, 0.000000, 
38.730167, 0.000000, 
38.965244, 0.000000, 
39.204136, 0.000000, 
41.517265, 0.000000, 
41.609142, 0.000000, 
42.647335, 0.000000, 
43.502991, 0.000000, 
45.274334, 0.000000, 
45.479630, 0.000000, 
46.206863, 0.000000, 
47.405067, 0.000000, 
48.008415, 0.000000, 
49.340939, 0.000000, 
50.678902, 0.000000, 
50.872761, 0.000000, 
51.363743, 0.000000, 
53.777576, 0.000000, 
54.312946, 0.000000, 
55.016716, 0.000000, 
55.485752, 0.000000, 
55.572372, 0.000000, 
55.780849, 0.000000, 
55.794476, 0.000000, 
55.953026, 0.000000, 
56.337738, 0.000000, 
60.251465, 0.000000, 
60.587624, 0.000000, 
60.854126, 0.000000, 
60.892361, 0.000000, 
61.408146, 0.000000, 
62.441116, 0.000000, 
63.894009, 0.000000, 
64.789589, 0.000000, 
65.251541, 0.000000, 
66.144699, 0.000000, 
66.315338, 0.000000, 
68.128555, 0.000000, 
71.533127, 0.000000, 
73.270973, 0.000000, 
73.767914, 0.000000, 
73.935493, 0.000000, 
75.198578, 0.000000, 
75.510727, 0.000000, 
77.623344, 0.000000, 
78.138840, 0.000000, 
78.202629, 0.000000, 
78.864311, 0.000000, 
80.385628, 0.000000, 
80.522316, 0.000000, 
80.554787, 0.000000, 
81.239563, 0.000000, 
81.581093, 0.000000, 
82.893509, 0.000000, 
83.822998, 0.000000, 
84.138863, 0.000000, 
87.276375, 0.000000, 
88.699875, 0.000000, 
89.239143, 0.000000, 
90.075981, 0.000000, 
93.034248, 0.000000, 
93.097954, 0.000000, 
94.523392, 0.000000, 
95.231384, 0.000000, 
95.777344, 0.000000, 
96.415596, 0.000000, 
97.190399, 0.000000, 
97.983871, 0.000000, 
98.115730, 0.000000, 
98.587830, 0.000000, 
98.732590, 0.000000, 
99.432030, 0.000000, 
101.157951, 0.000000, 
102.259201, 0.000000, 
102.683167, 0.000000, 
102.989761, 0.000000, 
105.446861, 0.000000, 
106.498154, 0.000000, 
107.100426, 0.000000, 
108.741707, 0.000000, 
109.143211, 0.000000, 
111.710815, 0.000000, 
111.735069, 0.000000, 
111.793221, 0.000000, 
113.946472, 0.000000, 
114.315872, 0.000000, 
114.321548, 0.000000, 
117.509567, 0.000000, 
118.643143, 0.000000, 
118.994209, 0.000000, 
119.006241, 0.000000, 
120.449158, 0.000000, 
121.692421, 0.000000, 
122.777916, 0.000000, 
122.895760, 0.000000, 
126.002594, 0.000000, 
126.713036, 0.000000, 
128.542664, 0.000000, 
132.011536, 0.000000, 
136.194885, 0.000000, 
137.307968, 0.000000, 
138.980286, 0.000000, 
138.996078, 0.000000, 
140.381409, 0.000000, 
143.117065, 0.000000, 
144.127701, 0.000000, 
145.126694, 0.000000, 
146.385452, 0.000000, 
146.798553, 0.000000, 
148.157578, 0.000000, 
148.234192, 0.000000, 
148.857346, 0.000000, 
150.382782, 0.000000, 
151.016937, 0.000000, 
152.029831, 0.000000, 
152.693832, 0.000000, 
153.460876, 0.000000, 
155.564178, 0.000000, 
158.047928, 0.000000, 
158.216873, 0.000000, 
160.238037, 0.000000, 
160.516479, 0.000000, 
161.063126, 0.000000, 
161.092712, 0.000000, 
161.145645, 0.000000, 
161.351837, 0.000000, 
163.192398, 0.000000, 
165.294632, 0.000000, 
166.296356, 0.000000, 
166.751892, 0.000000, 
167.538589, 0.000000, 
168.328354, 0.000000, 
169.098465, 0.000000, 
170.115051, 0.000000, 
174.668274, 0.000000, 
175.065018, 0.000000, 
175.873474, 0.000000, 
178.604980, 0.000000, 
180.065109, 0.000000, 
180.441498, 0.000000, 
183.150696, 0.000000, 
184.741989, 0.000000, 
186.350067, 0.000000, 
187.515503, 0.000000, 
188.662231, 0.000000, 
189.280289, 0.000000, 
192.625534, 0.000000, 
193.021927, 0.000000, 
194.064087, 0.000000, 
194.488708, 0.000000, 
194.747345, 0.000000, 
195.441269, 0.000000, 
197.493500, 0.000000, 
197.933701, 0.000000, 
199.864532, 0.000000, 
