0.352418, 0.000000, 
0.541241, 0.000000, 
0.665473, 0.000000, 
0.893154, 0.000000, 
1.797051, 0.000000, 
2.673396, 0.000000, 
5.541098, 0.000000, 
7.640134, 0.000000, 
7.659022, 0.000000, 
8.065166, 0.000000, 
8.406578, 0.000000, 
9.542994, 0.000000, 
9.838424, 0.000000, 
10.271113, 0.000000, 
13.074861, 0.000000, 
13.621287, 0.000000, 
13.727716, 0.000000, 
15.906654, 0.000000, 
16.447584, 0.000000, 
16.960670, 0.000000, 
17.057690, 0.000000, 
17.401489, 0.000000, 
17.467693, 0.000000, 
18.141171, 0.000000, 
18.497890, 0.000000, 
23.499971, 0.000000, 
23.705107, 0.000000, 
24.821793, 0.000000, 
26.765697, 0.000000, 
26.976419, 0.000000, 
28.211329, 0.000000, 
29.032726, 0.000000, 
30.456568, 0.000000, 
30.941824, 0.000000, 
31.686615, 0.000000, 
34.265400, 0.000000, 
34.865898, 0.000000, 
36.142082, 0.000000, 
37.068890, 0.000000, 
37.231792, 0.000000, 
37.809616, 0.000000, 
39.738735, 0.000000, 
39.939827, 0.000000, 
43.764313, 0.000000, 
43.768593, 0.000000, 
44.100475, 0.000000, 
45.299335, 0.000000, 
45.350685, 0.000000, 
45.861176, 0.000000, 
50.562679, 0.000000, 
51.612171, 0.000000, 
52.520657, 0.000000, 
54.114578, 0.000000, 
55.700020, 0.000000, 
57.885983, 0.000000, 
57.983303, 0.000000, 
58.079857, 0.000000, 
58.161373, 0.000000, 
58.174191, 0.000000, 
59.665886, 0.000000, 
61.081337, 0.000000, 
66.139397, 0.000000, 
67.739624, 0.000000, 
68.946472, 0.000000, 
69.727005, 0.000000, 
70.311508, 0.000000, 
72.541527, 0.000000, 
73.075600, 0.000000, 
73.590530, 0.000000, 
75.182571, 0.000000, 
75.528984, 0.000000, 
76.787148, 0.000000, 
76.847237, 0.000000, 
79.237099, 0.000000, 
80.354164, 0.000000, 
82.870384, 0.000000, 
82.937042, 0.000000, 
84.008522, 0.000000, 
84.478912, 0.000000, 
85.785057, 0.000000, 
86.793533, 0.000000, 
87.223396, 0.000000, 
87.732651, 0.000000, 
87.997612, 0.000000, 
88.269058, 0.000000, 
88.871574, 0.000000, 
90.718735, 0.000000, 
92.299316, 0.000000, 
93.415993, 0.000000, 
93.470131, 0.000000, 
93.845398, 0.000000, 
95.948105, 0.000000, 
97.002548, 0.000000, 
97.852242, 0.000000, 
98.330368, 0.000000, 
99.288879, 0.000000, 
101.094971, 0.000000, 
101.976791, 0.000000, 
102.107338, 0.000000, 
102.709167, 0.000000, 
102.882576, 0.000000, 
105.928467, 0.000000, 
107.412689, 0.000000, 
107.647247, 0.000000, 
108.544067, 0.000000, 
108.903587, 0.000000, 
109.064072, 0.000000, 
109.282997, 0.000000, 
109.365257, 0.000000, 
109.456009, 0.000000, 
109.596954, 0.000000, 
111.470055, 0.000000, 
112.632774, 0.000000, 
112.880676, 0.000000, 
112.951385, 0.000000, 
113.343613, 0.000000, 
113.941116, 0.000000, 
114.469734, 0.000000, 
116.248474, 0.000000, 
116.330002, 0.000000, 
116.828491, 0.000000, 
117.143974, 0.000000, 
117.833344, 0.000000, 
117.946548, 0.000000, 
120.515335, 0.000000, 
121.490143, 0.000000, 
121.618011, 0.000000, 
126.631554, 0.000000, 
127.261444, 0.000000, 
127.476173, 0.000000, 
127.824097, 0.000000, 
128.260574, 0.000000, 
128.368530, 0.000000, 
128.465622, 0.000000, 
131.298477, 0.000000, 
133.978943, 0.000000, 
135.252060, 0.000000, 
135.447861, 0.000000, 
136.534790, 0.000000, 
136.868256, 0.000000, 
137.348007, 0.000000, 
142.218735, 0.000000, 
142.457062, 0.000000, 
145.040497, 0.000000, 
146.984665, 0.000000, 
148.325012, 0.000000, 
149.116379, 0.000000, 
151.686264, 0.000000, 
151.799408, 0.000000, 
152.635208, 0.000000, 
153.831161, 0.000000, 
154.138870, 0.000000, 
155.510147, 0.000000, 
156.571167, 0.000000, 
156.848755, 0.000000, 
157.339462, 0.000000, 
159.400772, 0.000000, 
160.490646, 0.000000, 
160.655838, 0.000000, 
161.478775, 0.000000, 
162.898773, 0.000000, 
162.979904, 0.000000, 
163.702408, 0.000000, 
165.956268, 0.000000, 
167.164566, 0.000000, 
169.583939, 0.000000, 
169.718918, 0.000000, 
170.097992, 0.000000, 
170.871429, 0.000000, 
171.530991, 0.000000, 
172.005310, 0.000000, 
172.640701, 0.000000, 
173.835754, 0.000000, 
174.154663, 0.000000, 
176.163666, 0.000000, 
176.393539, 0.000000, 
176.504608, 0.000000, 
176.593597, 0.000000, 
176.782120, 0.000000, 
177.391602, 0.000000, 
177.861832, 0.000000, 
181.888367, 0.000000, 
183.476624, 0.000000, 
183.524567, 0.000000, 
186.619965, 0.000000, 
186.894257, 0.000000, 
188.423859, 0.000000, 
188.608215, 0.000000, 
188.615326, 0.000000, 
190.851379, 0.000000, 
191.788681, 0.000000, 
193.693558, 0.000000, 
194.857208, 0.000000, 
194.969467, 0.000000, 
195.067932, 0.000000, 
195.370361, 0.000000, 
196.216827, 0.000000, 
198.276443, 0.000000, 
199.457718, 0.000000, 
199.670517, 0.000000, 
