0.668131, 0.000000, 
1.241975, 0.000000, 
1.806886, 0.000000, 
2.683914, 0.000000, 
2.803630, 0.000000, 
3.999320, 0.000000, 
4.617737, 0.000000, 
5.997855, 0.000000, 
6.210078, 0.000000, 
6.472507, 0.000000, 
8.255664, 0.000000, 
9.344458, 0.000000, 
9.383067, 0.000000, 
9.538146, 0.000000, 
9.643405, 0.000000, 
9.907364, 0.000000, 
11.105573, 0.000000, 
11.610888, 0.000000, 
12.887037, 0.000000, 
13.411392, 0.000000, 
14.032122, 0.000000, 
14.526434, 0.000000, 
14.870917, 0.000000, 
15.332621, 0.000000, 
17.197737, 0.000000, 
18.193169, 0.000000, 
19.355591, 0.000000, 
19.697266, 0.000000, 
20.548374, 0.000000, 
21.897453, 0.000000, 
25.489790, 0.000000, 
26.541170, 0.000000, 
26.871136, 0.000000, 
27.153849, 0.000000, 
27.934153, 0.000000, 
27.957417, 0.000000, 
28.400623, 0.000000, 
28.905102, 0.000000, 
31.117928, 0.000000, 
31.392534, 0.000000, 
31.471933, 0.000000, 
32.573975, 0.000000, 
32.853317, 0.000000, 
35.454521, 0.000000, 
35.841923, 0.000000, 
36.145298, 0.000000, 
37.855064, 0.000000, 
39.373150, 0.000000, 
41.663818, 0.000000, 
42.366261, 0.000000, 
43.389088, 0.000000, 
43.463806, 0.000000, 
44.077805, 0.000000, 
46.300682, 0.000000, 
46.913483, 0.000000, 
46.979008, 0.000000, 
48.170723, 0.000000, 
48.704670, 0.000000, 
48.929214, 0.000000, 
49.789673, 0.000000, 
51.774235, 0.000000, 
54.587826, 0.000000, 
57.197983, 0.000000, 
57.745998, 0.000000, 
59.295689, 0.000000, 
59.423569, 0.000000, 
60.304443, 0.000000, 
61.010101, 0.000000, 
62.551147, 0.000000, 
64.078133, 0.000000, 
65.059616, 0.000000, 
66.889511, 0.000000, 
68.149330, 0.000000, 
70.274315, 0.000000, 
71.924515, 0.000000, 
71.995049, 0.000000, 
74.143295, 0.000000, 
75.232895, 0.000000, 
75.294182, 0.000000, 
75.448235, 0.000000, 
75.898285, 0.000000, 
77.016212, 0.000000, 
77.363693, 0.000000, 
77.377518, 0.000000, 
77.454323, 0.000000, 
77.590271, 0.000000, 
78.113014, 0.000000, 
79.073555, 0.000000, 
79.521324, 0.000000, 
81.580986, 0.000000, 
81.919395, 0.000000, 
83.925964, 0.000000, 
84.780647, 0.000000, 
87.681801, 0.000000, 
87.843834, 0.000000, 
88.943314, 0.000000, 
91.232315, 0.000000, 
91.653564, 0.000000, 
94.894081, 0.000000, 
94.930359, 0.000000, 
98.390594, 0.000000, 
98.561157, 0.000000, 
98.621819, 0.000000, 
98.828278, 0.000000, 
101.125938, 0.000000, 
101.131409, 0.000000, 
104.869644, 0.000000, 
104.984924, 0.000000, 
106.460228, 0.000000, 
106.609055, 0.000000, 
107.048790, 0.000000, 
107.362427, 0.000000, 
108.610619, 0.000000, 
110.906441, 0.000000, 
111.416115, 0.000000, 
111.900070, 0.000000, 
115.791359, 0.000000, 
115.867516, 0.000000, 
118.526932, 0.000000, 
119.032608, 0.000000, 
119.183250, 0.000000, 
119.228600, 0.000000, 
120.854691, 0.000000, 
121.011467, 0.000000, 
122.477005, 0.000000, 
123.904243, 0.000000, 
126.357719, 0.000000, 
127.405411, 0.000000, 
130.277512, 0.000000, 
132.142059, 0.000000, 
132.170853, 0.000000, 
132.312134, 0.000000, 
134.419052, 0.000000, 
135.465607, 0.000000, 
135.769272, 0.000000, 
135.820984, 0.000000, 
136.477966, 0.000000, 
136.842331, 0.000000, 
136.860703, 0.000000, 
137.093948, 0.000000, 
137.503754, 0.000000, 
138.747726, 0.000000, 
139.127350, 0.000000, 
141.202469, 0.000000, 
143.851868, 0.000000, 
144.731079, 0.000000, 
146.527405, 0.000000, 
147.599701, 0.000000, 
148.201172, 0.000000, 
148.630356, 0.000000, 
149.071106, 0.000000, 
149.715317, 0.000000, 
154.068817, 0.000000, 
154.959839, 0.000000, 
156.269592, 0.000000, 
156.885712, 0.000000, 
156.942490, 0.000000, 
157.331802, 0.000000, 
157.854446, 0.000000, 
158.274002, 0.000000, 
158.801086, 0.000000, 
159.308014, 0.000000, 
159.419647, 0.000000, 
161.394089, 0.000000, 
161.519882, 0.000000, 
162.356293, 0.000000, 
163.137756, 0.000000, 
163.515778, 0.000000, 
164.579208, 0.000000, 
165.291107, 0.000000, 
169.099442, 0.000000, 
169.328262, 0.000000, 
169.442627, 0.000000, 
170.541031, 0.000000, 
171.830002, 0.000000, 
172.569427, 0.000000, 
173.825882, 0.000000, 
173.976669, 0.000000, 
175.069046, 0.000000, 
175.556000, 0.000000, 
177.492096, 0.000000, 
180.278976, 0.000000, 
180.281204, 0.000000, 
180.986664, 0.000000, 
182.055511, 0.000000, 
182.942764, 0.000000, 
183.436096, 0.000000, 
184.384033, 0.000000, 
184.510651, 0.000000, 
186.474442, 0.000000, 
186.837250, 0.000000, 
189.060974, 0.000000, 
189.317520, 0.000000, 
191.294952, 0.000000, 
192.420792, 0.000000, 
192.677139, 0.000000, 
195.257263, 0.000000, 
196.589691, 0.000000, 
198.031693, 0.000000, 
199.219025, 0.000000, 
