4.751795, 0.000000, 
8.702331, 0.000000, 
12.005718, 0.000000, 
12.447160, 0.000000, 
12.888208, 0.000000, 
12.966057, 0.000000, 
15.431162, 0.000000, 
16.233776, 0.000000, 
18.508093, 0.000000, 
18.590864, 0.000000, 
19.748243, 0.000000, 
20.116867, 0.000000, 
20.298401, 0.000000, 
20.929445, 0.000000, 
22.049191, 0.000000, 
22.186739, 0.000000, 
22.742224, 0.000000, 
24.106207, 0.000000, 
26.105204, 0.000000, 
26.165421, 0.000000, 
28.760889, 0.000000, 
31.146898, 0.000000, 
31.652521, 0.000000, 
32.936172, 0.000000, 
33.663445, 0.000000, 
35.106739, 0.000000, 
35.786667, 0.000000, 
37.105083, 0.000000, 
38.337654, 0.000000, 
39.124283, 0.000000, 
39.166813, 0.000000, 
39.443054, 0.000000, 
45.787277, 0.000000, 
46.131870, 0.000000, 
47.442619, 0.000000, 
48.503014, 0.000000, 
50.208878, 0.000000, 
50.645264, 0.000000, 
52.167728, 0.000000, 
52.557262, 0.000000, 
53.910320, 0.000000, 
54.029022, 0.000000, 
56.544426, 0.000000, 
57.701363, 0.000000, 
57.984535, 0.000000, 
58.751575, 0.000000, 
59.946945, 0.000000, 
60.321667, 0.000000, 
60.889915, 0.000000, 
61.784195, 0.000000, 
61.844910, 0.000000, 
62.123482, 0.000000, 
63.153015, 0.000000, 
63.614792, 0.000000, 
63.883209, 0.000000, 
64.182533, 0.000000, 
65.969727, 0.000000, 
66.636482, 0.000000, 
66.968597, 0.000000, 
68.466545, 0.000000, 
69.161285, 0.000000, 
70.080521, 0.000000, 
73.484467, 0.000000, 
74.524132, 0.000000, 
75.299721, 0.000000, 
77.738251, 0.000000, 
77.747505, 0.000000, 
79.279343, 0.000000, 
80.226326, 0.000000, 
82.629585, 0.000000, 
85.726982, 0.000000, 
88.189949, 0.000000, 
88.274979, 0.000000, 
88.816788, 0.000000, 
89.163940, 0.000000, 
90.946983, 0.000000, 
91.821587, 0.000000, 
94.069168, 0.000000, 
94.141914, 0.000000, 
94.229408, 0.000000, 
94.609024, 0.000000, 
94.650703, 0.000000, 
95.574860, 0.000000, 
97.545006, 0.000000, 
97.710915, 0.000000, 
98.244202, 0.000000, 
99.025063, 0.000000, 
99.643799, 0.000000, 
101.557816, 0.000000, 
101.836044, 0.000000, 
104.113625, 0.000000, 
104.591675, 0.000000, 
105.803719, 0.000000, 
105.915062, 0.000000, 
106.443565, 0.000000, 
108.154037, 0.000000, 
109.358498, 0.000000, 
109.618248, 0.000000, 
109.804695, 0.000000, 
109.816765, 0.000000, 
113.051109, 0.000000, 
114.446785, 0.000000, 
116.378372, 0.000000, 
116.546303, 0.000000, 
117.929413, 0.000000, 
117.953911, 0.000000, 
118.829262, 0.000000, 
120.373116, 0.000000, 
121.309952, 0.000000, 
123.090088, 0.000000, 
123.518349, 0.000000, 
124.196327, 0.000000, 
125.499153, 0.000000, 
126.373024, 0.000000, 
127.034286, 0.000000, 
127.492889, 0.000000, 
127.623169, 0.000000, 
127.697762, 0.000000, 
127.771927, 0.000000, 
128.248917, 0.000000, 
129.467896, 0.000000, 
130.888382, 0.000000, 
131.623932, 0.000000, 
132.114792, 0.000000, 
132.528183, 0.000000, 
132.610123, 0.000000, 
133.425644, 0.000000, 
134.893707, 0.000000, 
135.453140, 0.000000, 
135.916397, 0.000000, 
136.593231, 0.000000, 
137.289917, 0.000000, 
138.373779, 0.000000, 
139.282059, 0.000000, 
139.370117, 0.000000, 
140.877121, 0.000000, 
143.494003, 0.000000, 
144.664780, 0.000000, 
144.790298, 0.000000, 
144.987900, 0.000000, 
145.037613, 0.000000, 
145.607666, 0.000000, 
147.477402, 0.000000, 
147.987381, 0.000000, 
150.227844, 0.000000, 
152.266541, 0.000000, 
152.745789, 0.000000, 
154.616364, 0.000000, 
155.977325, 0.000000, 
156.560272, 0.000000, 
158.015381, 0.000000, 
158.538803, 0.000000, 
160.808929, 0.000000, 
160.987274, 0.000000, 
161.028595, 0.000000, 
161.138275, 0.000000, 
161.186447, 0.000000, 
162.193268, 0.000000, 
164.352402, 0.000000, 
164.883102, 0.000000, 
165.032013, 0.000000, 
166.881577, 0.000000, 
167.933960, 0.000000, 
169.477005, 0.000000, 
169.762573, 0.000000, 
171.207016, 0.000000, 
171.804016, 0.000000, 
172.760437, 0.000000, 
172.890869, 0.000000, 
173.315094, 0.000000, 
173.747299, 0.000000, 
176.405075, 0.000000, 
176.940674, 0.000000, 
178.238541, 0.000000, 
179.550873, 0.000000, 
182.232742, 0.000000, 
183.448944, 0.000000, 
184.538345, 0.000000, 
184.653549, 0.000000, 
185.324509, 0.000000, 
186.291016, 0.000000, 
186.296844, 0.000000, 
186.576614, 0.000000, 
187.124954, 0.000000, 
187.516647, 0.000000, 
189.246185, 0.000000, 
189.794037, 0.000000, 
190.339188, 0.000000, 
190.913391, 0.000000, 
191.765381, 0.000000, 
192.229202, 0.000000, 
192.460663, 0.000000, 
194.934952, 0.000000, 
195.378784, 0.000000, 
195.514175, 0.000000, 
197.029129, 0.000000, 
197.578766, 0.000000, 
198.551498, 0.000000, 
199.628036, 0.000000, 
199.792877, 0.000000, 
