0.610482, 0.000000, 
2.226871, 0.000000, 
3.629324, 0.000000, 
4.117676, 0.000000, 
6.112768, 0.000000, 
6.780001, 0.000000, 
8.481586, 0.000000, 
9.037648, 0.000000, 
9.145491, 0.000000, 
10.989023, 0.000000, 
11.648005, 0.000000, 
11.812665, 0.000000, 
12.060687, 0.000000, 
12.723804, 0.000000, 
14.197017, 0.000000, 
15.052015, 0.000000, 
17.124407, 0.000000, 
17.223509, 0.000000, 
17.526693, 0.000000, 
17.934141, 0.000000, 
18.051386, 0.000000, 
18.214613, 0.000000, 
18.256058, 0.000000, 
18.437386, 0.000000, 
19.284922, 0.000000, 
19.328751, 0.000000, 
20.295666, 0.000000, 
21.806374, 0.000000, 
21.950214, 0.000000, 
22.183321, 0.000000, 
22.747192, 0.000000, 
22.974373, 0.000000, 
25.479874, 0.000000, 
26.736824, 0.000000, 
27.402939, 0.000000, 
30.913754, 0.000000, 
30.921083, 0.000000, 
31.234484, 0.000000, 
31.952742, 0.000000, 
34.252449, 0.000000, 
34.409805, 0.000000, 
35.531792, 0.000000, 
35.635231, 0.000000, 
38.152103, 0.000000, 
38.682941, 0.000000, 
44.116028, 0.000000, 
44.218609, 0.000000, 
44.304302, 0.000000, 
44.425766, 0.000000, 
46.712421, 0.000000, 
47.409805, 0.000000, 
48.448406, 0.000000, 
50.610031, 0.000000, 
53.993301, 0.000000, 
54.020302, 0.000000, 
55.040939, 0.000000, 
57.104126, 0.000000, 
58.443443, 0.000000, 
58.706581, 0.000000, 
58.723927, 0.000000, 
58.958466, 0.000000, 
59.174389, 0.000000, 
59.991158, 0.000000, 
60.141670, 0.000000, 
60.780376, 0.000000, 
63.138866, 0.000000, 
64.631554, 0.000000, 
65.053680, 0.000000, 
65.627228, 0.000000, 
65.971886, 0.000000, 
66.278969, 0.000000, 
67.990921, 0.000000, 
68.255959, 0.000000, 
68.933937, 0.000000, 
69.036316, 0.000000, 
69.345650, 0.000000, 
71.123795, 0.000000, 
72.173820, 0.000000, 
74.214874, 0.000000, 
74.400520, 0.000000, 
74.558075, 0.000000, 
75.335274, 0.000000, 
75.655190, 0.000000, 
76.255867, 0.000000, 
76.732582, 0.000000, 
79.335938, 0.000000, 
80.399590, 0.000000, 
80.810928, 0.000000, 
81.192436, 0.000000, 
84.120125, 0.000000, 
84.273048, 0.000000, 
84.696358, 0.000000, 
84.837944, 0.000000, 
85.357002, 0.000000, 
90.553146, 0.000000, 
90.999176, 0.000000, 
92.879395, 0.000000, 
97.880035, 0.000000, 
98.056320, 0.000000, 
98.791603, 0.000000, 
100.006325, 0.000000, 
100.260887, 0.000000, 
100.835991, 0.000000, 
101.124176, 0.000000, 
101.151863, 0.000000, 
101.812996, 0.000000, 
101.913269, 0.000000, 
102.922012, 0.000000, 
105.018013, 0.000000, 
105.125916, 0.000000, 
108.398788, 0.000000, 
110.700203, 0.000000, 
110.745193, 0.000000, 
112.227501, 0.000000, 
112.660988, 0.000000, 
113.415543, 0.000000, 
114.115593, 0.000000, 
115.175552, 0.000000, 
115.887741, 0.000000, 
117.480965, 0.000000, 
117.552177, 0.000000, 
117.821274, 0.000000, 
118.005402, 0.000000, 
120.076668, 0.000000, 
121.004501, 0.000000, 
122.269287, 0.000000, 
124.882217, 0.000000, 
125.120377, 0.000000, 
125.438225, 0.000000, 
125.804550, 0.000000, 
126.065781, 0.000000, 
126.242592, 0.000000, 
126.639198, 0.000000, 
127.301392, 0.000000, 
129.751450, 0.000000, 
131.867569, 0.000000, 
133.755081, 0.000000, 
134.546082, 0.000000, 
135.659332, 0.000000, 
135.977768, 0.000000, 
137.208694, 0.000000, 
138.058273, 0.000000, 
138.603195, 0.000000, 
143.256638, 0.000000, 
143.435547, 0.000000, 
144.671280, 0.000000, 
145.775391, 0.000000, 
147.416092, 0.000000, 
150.350601, 0.000000, 
151.310257, 0.000000, 
152.010452, 0.000000, 
152.354126, 0.000000, 
153.058411, 0.000000, 
153.251968, 0.000000, 
154.059799, 0.000000, 
154.712250, 0.000000, 
155.951309, 0.000000, 
157.237717, 0.000000, 
158.269226, 0.000000, 
158.880142, 0.000000, 
160.210312, 0.000000, 
160.689590, 0.000000, 
161.334457, 0.000000, 
161.984268, 0.000000, 
163.352783, 0.000000, 
163.520645, 0.000000, 
168.308075, 0.000000, 
168.700363, 0.000000, 
170.657455, 0.000000, 
171.904480, 0.000000, 
173.491928, 0.000000, 
174.500809, 0.000000, 
174.925262, 0.000000, 
176.112106, 0.000000, 
177.904572, 0.000000, 
178.661545, 0.000000, 
178.749649, 0.000000, 
182.323792, 0.000000, 
182.392075, 0.000000, 
182.445496, 0.000000, 
182.491104, 0.000000, 
183.056595, 0.000000, 
183.135498, 0.000000, 
183.459518, 0.000000, 
183.913422, 0.000000, 
184.355377, 0.000000, 
185.419312, 0.000000, 
187.588928, 0.000000, 
188.294647, 0.000000, 
189.177704, 0.000000, 
189.402771, 0.000000, 
190.754807, 0.000000, 
191.082001, 0.000000, 
192.841217, 0.000000, 
193.819916, 0.000000, 
195.138306, 0.000000, 
195.626373, 0.000000, 
198.370346, 0.000000, 
198.714752, 0.000000, 
199.464401, 0.000000, 
