2.302470, 0.000000, 
2.557936, 0.000000, 
2.683336, 0.000000, 
2.757869, 0.000000, 
3.912133, 0.000000, 
10.321239, 0.000000, 
10.627741, 0.000000, 
12.052391, 0.000000, 
14.356701, 0.000000, 
14.391566, 0.000000, 
14.407211, 0.000000, 
14.413405, 0.000000, 
14.519196, 0.000000, 
16.008066, 0.000000, 
16.347530, 0.000000, 
16.545582, 0.000000, 
16.854502, 0.000000, 
17.065054, 0.000000, 
18.207691, 0.000000, 
19.077591, 0.000000, 
19.520988, 0.000000, 
20.457472, 0.000000, 
21.372946, 0.000000, 
21.477970, 0.000000, 
24.429955, 0.000000, 
24.664150, 0.000000, 
25.082121, 0.000000, 
25.229988, 0.000000, 
26.908007, 0.000000, 
29.748146, 0.000000, 
30.055552, 0.000000, 
32.225330, 0.000000, 
33.195511, 0.000000, 
33.220371, 0.000000, 
33.420246, 0.000000, 
34.432606, 0.000000, 
36.350868, 0.000000, 
36.610294, 0.000000, 
36.688480, 0.000000, 
36.707901, 0.000000, 
38.204109, 0.000000, 
38.634357, 0.000000, 
39.260769, 0.000000, 
40.698917, 0.000000, 
42.293755, 0.000000, 
42.408272, 0.000000, 
42.870140, 0.000000, 
45.349773, 0.000000, 
46.084213, 0.000000, 
47.634827, 0.000000, 
48.117908, 0.000000, 
48.179363, 0.000000, 
48.761845, 0.000000, 
49.099625, 0.000000, 
49.578518, 0.000000, 
49.691376, 0.000000, 
50.155067, 0.000000, 
51.614902, 0.000000, 
51.784237, 0.000000, 
52.515659, 0.000000, 
52.625599, 0.000000, 
53.181072, 0.000000, 
53.766689, 0.000000, 
54.157242, 0.000000, 
54.684551, 0.000000, 
55.069355, 0.000000, 
55.087730, 0.000000, 
57.360733, 0.000000, 
57.527660, 0.000000, 
58.970863, 0.000000, 
59.526047, 0.000000, 
61.341698, 0.000000, 
62.366314, 0.000000, 
64.543869, 0.000000, 
65.367027, 0.000000, 
65.482170, 0.000000, 
65.703453, 0.000000, 
65.776833, 0.000000, 
67.599617, 0.000000, 
69.604126, 0.000000, 
71.526329, 0.000000, 
71.554047, 0.000000, 
73.218628, 0.000000, 
73.458885, 0.000000, 
75.522552, 0.000000, 
75.777046, 0.000000, 
75.813690, 0.000000, 
75.928398, 0.000000, 
76.781746, 0.000000, 
79.468102, 0.000000, 
79.655220, 0.000000, 
79.748718, 0.000000, 
79.970871, 0.000000, 
80.088272, 0.000000, 
80.630959, 0.000000, 
80.966934, 0.000000, 
81.354164, 0.000000, 
82.803558, 0.000000, 
85.423485, 0.000000, 
87.215111, 0.000000, 
87.565887, 0.000000, 
88.550468, 0.000000, 
90.968681, 0.000000, 
93.613823, 0.000000, 
93.708923, 0.000000, 
94.542145, 0.000000, 
95.312210, 0.000000, 
95.660767, 0.000000, 
97.264275, 0.000000, 
99.545471, 0.000000, 
99.619148, 0.000000, 
100.359039, 0.000000, 
100.476265, 0.000000, 
101.424042, 0.000000, 
103.194931, 0.000000, 
106.082886, 0.000000, 
106.369591, 0.000000, 
106.399406, 0.000000, 
106.758148, 0.000000, 
106.813988, 0.000000, 
107.166473, 0.000000, 
110.568871, 0.000000, 
110.674873, 0.000000, 
111.578156, 0.000000, 
112.014343, 0.000000, 
113.051086, 0.000000, 
113.533867, 0.000000, 
114.786575, 0.000000, 
114.829277, 0.000000, 
115.712135, 0.000000, 
117.382149, 0.000000, 
118.831879, 0.000000, 
119.267014, 0.000000, 
123.080177, 0.000000, 
124.724121, 0.000000, 
130.514816, 0.000000, 
131.015579, 0.000000, 
133.248596, 0.000000, 
133.754135, 0.000000, 
134.707458, 0.000000, 
135.145218, 0.000000, 
135.447357, 0.000000, 
135.576096, 0.000000, 
135.829102, 0.000000, 
135.852814, 0.000000, 
136.466660, 0.000000, 
136.936340, 0.000000, 
137.244888, 0.000000, 
137.632919, 0.000000, 
137.821884, 0.000000, 
138.020248, 0.000000, 
138.095901, 0.000000, 
138.983536, 0.000000, 
140.126404, 0.000000, 
141.199554, 0.000000, 
142.399323, 0.000000, 
142.950119, 0.000000, 
144.236694, 0.000000, 
147.598923, 0.000000, 
148.277176, 0.000000, 
149.922073, 0.000000, 
150.598541, 0.000000, 
151.230881, 0.000000, 
154.274826, 0.000000, 
157.737198, 0.000000, 
159.498947, 0.000000, 
159.978470, 0.000000, 
161.481552, 0.000000, 
163.105072, 0.000000, 
166.199173, 0.000000, 
166.745773, 0.000000, 
166.858871, 0.000000, 
167.878174, 0.000000, 
168.544815, 0.000000, 
170.252472, 0.000000, 
173.409943, 0.000000, 
173.576080, 0.000000, 
176.382233, 0.000000, 
177.346069, 0.000000, 
177.667633, 0.000000, 
179.483398, 0.000000, 
180.612488, 0.000000, 
180.909164, 0.000000, 
182.447113, 0.000000, 
182.501099, 0.000000, 
182.505981, 0.000000, 
183.143280, 0.000000, 
185.240280, 0.000000, 
187.209885, 0.000000, 
188.564148, 0.000000, 
188.648590, 0.000000, 
188.733978, 0.000000, 
191.054184, 0.000000, 
192.357773, 0.000000, 
192.755203, 0.000000, 
193.666733, 0.000000, 
193.990723, 0.000000, 
197.336624, 0.000000, 
198.951721, 0.000000, 
199.363358, 0.000000, 
