1.872643, 0.000000, 
2.528453, 0.000000, 
3.976056, 0.000000, 
6.414781, 0.000000, 
6.605189, 0.000000, 
8.100903, 0.000000, 
10.651545, 0.000000, 
11.321343, 0.000000, 
11.690986, 0.000000, 
14.092669, 0.000000, 
14.605396, 0.000000, 
16.110626, 0.000000, 
16.497730, 0.000000, 
17.506763, 0.000000, 
19.419559, 0.000000, 
20.618052, 0.000000, 
20.888611, 0.000000, 
21.396049, 0.000000, 
21.435356, 0.000000, 
21.944710, 0.000000, 
22.329031, 0.000000, 
25.908720, 0.000000, 
27.598810, 0.000000, 
29.981348, 0.000000, 
30.034803, 0.000000, 
30.346165, 0.000000, 
30.470516, 0.000000, 
30.587784, 0.000000, 
32.546001, 0.000000, 
33.334469, 0.000000, 
33.407196, 0.000000, 
33.631493, 0.000000, 
34.326683, 0.000000, 
34.946720, 0.000000, 
35.009846, 0.000000, 
35.234848, 0.000000, 
35.746387, 0.000000, 
35.829338, 0.000000, 
36.282867, 0.000000, 
37.240471, 0.000000, 
37.820312, 0.000000, 
39.291565, 0.000000, 
39.562653, 0.000000, 
40.710480, 0.000000, 
44.014736, 0.000000, 
44.083916, 0.000000, 
45.352528, 0.000000, 
45.926361, 0.000000, 
46.737434, 0.000000, 
47.665955, 0.000000, 
51.994953, 0.000000, 
52.563644, 0.000000, 
53.794498, 0.000000, 
53.813931, 0.000000, 
54.802471, 0.000000, 
55.377094, 0.000000, 
55.804562, 0.000000, 
56.632259, 0.000000, 
56.746914, 0.000000, 
58.843361, 0.000000, 
58.878967, 0.000000, 
59.023563, 0.000000, 
59.674706, 0.000000, 
59.702480, 0.000000, 
61.160805, 0.000000, 
61.888565, 0.000000, 
62.886414, 0.000000, 
63.402973, 0.000000, 
63.533760, 0.000000, 
64.969772, 0.000000, 
65.212158, 0.000000, 
69.104622, 0.000000, 
69.975517, 0.000000, 
72.161896, 0.000000, 
73.708565, 0.000000, 
73.763199, 0.000000, 
75.872177, 0.000000, 
76.890556, 0.000000, 
79.473495, 0.000000, 
82.973938, 0.000000, 
84.414726, 0.000000, 
87.138901, 0.000000, 
87.463249, 0.000000, 
90.470978, 0.000000, 
91.030983, 0.000000, 
91.933411, 0.000000, 
92.366943, 0.000000, 
93.251617, 0.000000, 
94.380257, 0.000000, 
96.463242, 0.000000, 
97.020523, 0.000000, 
97.144608, 0.000000, 
98.138031, 0.000000, 
98.494835, 0.000000, 
99.507874, 0.000000, 
101.057243, 0.000000, 
101.182808, 0.000000, 
101.559341, 0.000000, 
102.140747, 0.000000, 
102.299332, 0.000000, 
102.670593, 0.000000, 
102.845863, 0.000000, 
102.970802, 0.000000, 
104.106697, 0.000000, 
104.385773, 0.000000, 
106.147346, 0.000000, 
107.568939, 0.000000, 
109.308128, 0.000000, 
110.250107, 0.000000, 
110.367981, 0.000000, 
110.475967, 0.000000, 
110.778763, 0.000000, 
111.379166, 0.000000, 
111.883087, 0.000000, 
113.205513, 0.000000, 
113.737213, 0.000000, 
114.511734, 0.000000, 
114.617821, 0.000000, 
114.847916, 0.000000, 
115.382744, 0.000000, 
117.774742, 0.000000, 
117.906548, 0.000000, 
117.907661, 0.000000, 
118.903275, 0.000000, 
119.866692, 0.000000, 
120.148605, 0.000000, 
124.107323, 0.000000, 
124.958954, 0.000000, 
125.476562, 0.000000, 
127.350502, 0.000000, 
128.561356, 0.000000, 
128.630951, 0.000000, 
130.400223, 0.000000, 
130.437546, 0.000000, 
130.805252, 0.000000, 
139.537781, 0.000000, 
140.163589, 0.000000, 
141.436188, 0.000000, 
142.200470, 0.000000, 
142.479843, 0.000000, 
142.664780, 0.000000, 
142.999573, 0.000000, 
143.629608, 0.000000, 
145.177429, 0.000000, 
145.245651, 0.000000, 
146.137405, 0.000000, 
147.935837, 0.000000, 
148.281876, 0.000000, 
149.145645, 0.000000, 
150.182159, 0.000000, 
150.339737, 0.000000, 
151.800446, 0.000000, 
152.434113, 0.000000, 
153.295425, 0.000000, 
154.297684, 0.000000, 
155.004700, 0.000000, 
157.258972, 0.000000, 
157.315292, 0.000000, 
157.831100, 0.000000, 
160.811844, 0.000000, 
161.369583, 0.000000, 
162.230103, 0.000000, 
162.347443, 0.000000, 
162.602905, 0.000000, 
168.546524, 0.000000, 
170.141602, 0.000000, 
171.674316, 0.000000, 
172.156754, 0.000000, 
172.706726, 0.000000, 
174.964508, 0.000000, 
175.532394, 0.000000, 
176.794174, 0.000000, 
178.820786, 0.000000, 
178.854996, 0.000000, 
179.529968, 0.000000, 
182.182495, 0.000000, 
182.696167, 0.000000, 
182.862045, 0.000000, 
183.460373, 0.000000, 
184.086685, 0.000000, 
184.492569, 0.000000, 
184.679840, 0.000000, 
185.226883, 0.000000, 
185.305496, 0.000000, 
185.776367, 0.000000, 
186.814590, 0.000000, 
186.988220, 0.000000, 
187.129745, 0.000000, 
189.431747, 0.000000, 
189.641464, 0.000000, 
190.194672, 0.000000, 
190.939560, 0.000000, 
191.398529, 0.000000, 
192.352432, 0.000000, 
192.840698, 0.000000, 
195.723236, 0.000000, 
196.238846, 0.000000, 
199.062057, 0.000000, 
199.289108, 0.000000, 
199.347977, 0.000000, 
