0.036057, 0.000000, 
2.317941, 0.000000, 
3.584383, 0.000000, 
4.507916, 0.000000, 
5.672998, 0.000000, 
5.862527, 0.000000, 
8.131692, 0.000000, 
11.036118, 0.000000, 
11.566443, 0.000000, 
11.671402, 0.000000, 
12.024486, 0.000000, 
12.188049, 0.000000, 
12.653303, 0.000000, 
14.055293, 0.000000, 
14.544741, 0.000000, 
17.577579, 0.000000, 
18.514545, 0.000000, 
19.240595, 0.000000, 
19.470427, 0.000000, 
21.916611, 0.000000, 
22.149103, 0.000000, 
23.715044, 0.000000, 
26.372555, 0.000000, 
27.701485, 0.000000, 
28.573647, 0.000000, 
28.626963, 0.000000, 
29.006521, 0.000000, 
30.931683, 0.000000, 
31.699850, 0.000000, 
31.806988, 0.000000, 
31.854086, 0.000000, 
32.777882, 0.000000, 
33.219105, 0.000000, 
34.599274, 0.000000, 
35.578148, 0.000000, 
35.857220, 0.000000, 
39.390518, 0.000000, 
39.435974, 0.000000, 
39.971039, 0.000000, 
42.134029, 0.000000, 
42.502438, 0.000000, 
44.550098, 0.000000, 
45.260929, 0.000000, 
46.150707, 0.000000, 
47.413673, 0.000000, 
47.920174, 0.000000, 
48.917496, 0.000000, 
49.437443, 0.000000, 
49.463722, 0.000000, 
50.103893, 0.000000, 
50.391972, 0.000000, 
51.626778, 0.000000, 
52.712158, 0.000000, 
52.923542, 0.000000, 
53.111778, 0.000000, 
53.530632, 0.000000, 
58.991776, 0.000000, 
60.422695, 0.000000, 
61.230080, 0.000000, 
61.558811, 0.000000, 
63.772476, 0.000000, 
64.627487, 0.000000, 
64.635811, 0.000000, 
67.003845, 0.000000, 
68.298065, 0.000000, 
68.368958, 0.000000, 
68.995079, 0.000000, 
70.759026, 0.000000, 
73.718391, 0.000000, 
74.261589, 0.000000, 
74.279938, 0.000000, 
74.284103, 0.000000, 
74.435112, 0.000000, 
75.410255, 0.000000, 
75.784927, 0.000000, 
76.348412, 0.000000, 
78.110550, 0.000000, 
79.329124, 0.000000, 
79.378212, 0.000000, 
79.983826, 0.000000, 
81.264740, 0.000000, 
82.282478, 0.000000, 
82.617027, 0.000000, 
82.811188, 0.000000, 
83.901573, 0.000000, 
84.188293, 0.000000, 
84.788200, 0.000000, 
85.521675, 0.000000, 
87.047295, 0.000000, 
87.165207, 0.000000, 
89.729652, 0.000000, 
90.469475, 0.000000, 
91.149185, 0.000000, 
91.207870, 0.000000, 
91.273933, 0.000000, 
91.500786, 0.000000, 
92.004166, 0.000000, 
92.931450, 0.000000, 
94.454269, 0.000000, 
94.837242, 0.000000, 
95.271515, 0.000000, 
97.428520, 0.000000, 
103.073158, 0.000000, 
104.028084, 0.000000, 
105.104538, 0.000000, 
107.802277, 0.000000, 
108.991119, 0.000000, 
109.966309, 0.000000, 
110.505531, 0.000000, 
111.141975, 0.000000, 
111.503883, 0.000000, 
111.958153, 0.000000, 
112.206871, 0.000000, 
113.375893, 0.000000, 
113.839745, 0.000000, 
114.383163, 0.000000, 
114.971024, 0.000000, 
115.091820, 0.000000, 
115.756210, 0.000000, 
117.009415, 0.000000, 
117.956558, 0.000000, 
118.933960, 0.000000, 
119.416100, 0.000000, 
119.545456, 0.000000, 
119.816139, 0.000000, 
121.424927, 0.000000, 
123.514290, 0.000000, 
124.072708, 0.000000, 
126.447060, 0.000000, 
128.016205, 0.000000, 
129.776001, 0.000000, 
130.228485, 0.000000, 
130.736679, 0.000000, 
131.788422, 0.000000, 
131.919418, 0.000000, 
132.091751, 0.000000, 
132.333435, 0.000000, 
132.878998, 0.000000, 
133.767487, 0.000000, 
134.165314, 0.000000, 
134.320602, 0.000000, 
138.000793, 0.000000, 
138.972260, 0.000000, 
140.961014, 0.000000, 
141.711670, 0.000000, 
141.857941, 0.000000, 
142.768860, 0.000000, 
143.656937, 0.000000, 
144.729752, 0.000000, 
146.173996, 0.000000, 
147.024506, 0.000000, 
147.533752, 0.000000, 
149.636993, 0.000000, 
149.809509, 0.000000, 
150.369736, 0.000000, 
153.502441, 0.000000, 
155.317947, 0.000000, 
156.510147, 0.000000, 
158.050186, 0.000000, 
160.149185, 0.000000, 
160.384201, 0.000000, 
160.573151, 0.000000, 
164.061768, 0.000000, 
165.433823, 0.000000, 
169.521179, 0.000000, 
170.011627, 0.000000, 
171.947052, 0.000000, 
172.406067, 0.000000, 
173.155777, 0.000000, 
173.652115, 0.000000, 
175.633896, 0.000000, 
175.897568, 0.000000, 
176.743347, 0.000000, 
177.758408, 0.000000, 
177.941177, 0.000000, 
178.729279, 0.000000, 
180.785400, 0.000000, 
181.928848, 0.000000, 
182.084976, 0.000000, 
182.264053, 0.000000, 
183.231110, 0.000000, 
183.462952, 0.000000, 
185.647537, 0.000000, 
185.967148, 0.000000, 
187.915451, 0.000000, 
189.100616, 0.000000, 
189.716339, 0.000000, 
190.361389, 0.000000, 
191.530502, 0.000000, 
192.290543, 0.000000, 
192.905151, 0.000000, 
193.374176, 0.000000, 
194.086166, 0.000000, 
194.378784, 0.000000, 
194.806900, 0.000000, 
195.035645, 0.000000, 
197.412613, 0.000000, 
197.495102, 0.000000, 
197.496292, 0.000000, 
199.798096, 0.000000, 
