1.284093, 0.000000, 
1.463029, 0.000000, 
2.846041, 0.000000, 
3.448865, 0.000000, 
3.573223, 0.000000, 
3.788293, 0.000000, 
5.702258, 0.000000, 
5.843751, 0.000000, 
7.810917, 0.000000, 
8.060056, 0.000000, 
8.535741, 0.000000, 
9.304892, 0.000000, 
10.610236, 0.000000, 
13.219714, 0.000000, 
13.452897, 0.000000, 
13.472860, 0.000000, 
13.813713, 0.000000, 
14.094261, 0.000000, 
14.492233, 0.000000, 
14.609179, 0.000000, 
15.542283, 0.000000, 
15.578066, 0.000000, 
15.635437, 0.000000, 
15.954178, 0.000000, 
16.683596, 0.000000, 
18.935503, 0.000000, 
20.185040, 0.000000, 
21.899782, 0.000000, 
23.325628, 0.000000, 
23.952223, 0.000000, 
24.035223, 0.000000, 
24.166927, 0.000000, 
25.417358, 0.000000, 
27.879734, 0.000000, 
28.812849, 0.000000, 
36.697128, 0.000000, 
37.738518, 0.000000, 
38.830700, 0.000000, 
39.489796, 0.000000, 
41.334270, 0.000000, 
42.960705, 0.000000, 
43.221321, 0.000000, 
43.371052, 0.000000, 
45.943207, 0.000000, 
47.059971, 0.000000, 
47.676586, 0.000000, 
48.067009, 0.000000, 
49.215282, 0.000000, 
50.142326, 0.000000, 
50.623837, 0.000000, 
51.331577, 0.000000, 
51.355736, 0.000000, 
55.539543, 0.000000, 
55.916958, 0.000000, 
58.077991, 0.000000, 
58.586590, 0.000000, 
58.963081, 0.000000, 
60.005112, 0.000000, 
60.779907, 0.000000, 
61.440445, 0.000000, 
61.747810, 0.000000, 
62.658100, 0.000000, 
65.864807, 0.000000, 
66.848450, 0.000000, 
69.068840, 0.000000, 
71.056282, 0.000000, 
71.120163, 0.000000, 
71.333130, 0.000000, 
71.415863, 0.000000, 
71.743378, 0.000000, 
72.799484, 0.000000, 
73.804512, 0.000000, 
74.372795, 0.000000, 
74.693230, 0.000000, 
77.497337, 0.000000, 
79.009979, 0.000000, 
81.530945, 0.000000, 
82.250610, 0.000000, 
82.335587, 0.000000, 
82.822472, 0.000000, 
83.420853, 0.000000, 
83.928642, 0.000000, 
84.304321, 0.000000, 
85.255836, 0.000000, 
88.114563, 0.000000, 
89.757385, 0.000000, 
91.303444, 0.000000, 
91.794785, 0.000000, 
92.177200, 0.000000, 
92.951584, 0.000000, 
93.891289, 0.000000, 
94.135124, 0.000000, 
95.376808, 0.000000, 
95.928703, 0.000000, 
96.305748, 0.000000, 
99.745972, 0.000000, 
99.800789, 0.000000, 
100.092407, 0.000000, 
100.162109, 0.000000, 
100.430000, 0.000000, 
100.546204, 0.000000, 
100.619202, 0.000000, 
102.685272, 0.000000, 
102.887070, 0.000000, 
103.271935, 0.000000, 
104.672089, 0.000000, 
106.931183, 0.000000, 
109.612366, 0.000000, 
109.985229, 0.000000, 
111.428185, 0.000000, 
111.503845, 0.000000, 
111.744995, 0.000000, 
112.245811, 0.000000, 
112.260956, 0.000000, 
112.315056, 0.000000, 
112.424927, 0.000000, 
113.696251, 0.000000, 
114.367920, 0.000000, 
114.873947, 0.000000, 
116.105560, 0.000000, 
117.146477, 0.000000, 
117.716927, 0.000000, 
117.921112, 0.000000, 
118.060005, 0.000000, 
118.245438, 0.000000, 
124.033653, 0.000000, 
124.157928, 0.000000, 
124.879318, 0.000000, 
125.902245, 0.000000, 
128.868347, 0.000000, 
129.243164, 0.000000, 
130.154236, 0.000000, 
131.185623, 0.000000, 
131.555740, 0.000000, 
131.777115, 0.000000, 
134.146301, 0.000000, 
134.528900, 0.000000, 
136.680145, 0.000000, 
138.281113, 0.000000, 
138.282944, 0.000000, 
138.467636, 0.000000, 
138.510681, 0.000000, 
139.365005, 0.000000, 
139.664337, 0.000000, 
140.201141, 0.000000, 
141.425110, 0.000000, 
143.409531, 0.000000, 
144.875992, 0.000000, 
145.865936, 0.000000, 
146.499420, 0.000000, 
148.317398, 0.000000, 
148.833649, 0.000000, 
149.288879, 0.000000, 
151.989944, 0.000000, 
153.886871, 0.000000, 
156.599945, 0.000000, 
160.300415, 0.000000, 
161.301239, 0.000000, 
163.378586, 0.000000, 
164.020248, 0.000000, 
164.201538, 0.000000, 
164.657776, 0.000000, 
165.534515, 0.000000, 
166.459152, 0.000000, 
167.292267, 0.000000, 
168.065964, 0.000000, 
168.451599, 0.000000, 
169.056000, 0.000000, 
169.685822, 0.000000, 
172.281570, 0.000000, 
172.546982, 0.000000, 
172.730453, 0.000000, 
174.411270, 0.000000, 
180.537216, 0.000000, 
182.029129, 0.000000, 
183.015228, 0.000000, 
185.385468, 0.000000, 
185.931946, 0.000000, 
187.086365, 0.000000, 
187.622101, 0.000000, 
188.085800, 0.000000, 
188.328491, 0.000000, 
189.399033, 0.000000, 
190.154709, 0.000000, 
190.274826, 0.000000, 
190.342529, 0.000000, 
191.431992, 0.000000, 
192.423309, 0.000000, 
194.246506, 0.000000, 
194.362137, 0.000000, 
195.567505, 0.000000, 
196.402939, 0.000000, 
196.659637, 0.000000, 
196.860107, 0.000000, 
196.976547, 0.000000, 
197.135300, 0.000000, 
197.914383, 0.000000, 
197.956055, 0.000000, 
198.016541, 0.000000, 
199.353027, 0.000000, 
