0.887370, 0.000000, 
2.358474, 0.000000, 
2.526492, 0.000000, 
3.127267, 0.000000, 
6.322017, 0.000000, 
6.512924, 0.000000, 
8.606440, 0.000000, 
9.516346, 0.000000, 
13.213091, 0.000000, 
16.461149, 0.000000, 
17.627153, 0.000000, 
19.919521, 0.000000, 
23.617004, 0.000000, 
25.486137, 0.000000, 
28.322441, 0.000000, 
28.366064, 0.000000, 
28.480122, 0.000000, 
28.493313, 0.000000, 
29.752417, 0.000000, 
34.067024, 0.000000, 
34.829037, 0.000000, 
37.021370, 0.000000, 
38.734646, 0.000000, 
38.995533, 0.000000, 
42.495529, 0.000000, 
43.940056, 0.000000, 
44.284443, 0.000000, 
47.224396, 0.000000, 
47.474281, 0.000000, 
48.398830, 0.000000, 
50.725632, 0.000000, 
51.288166, 0.000000, 
52.082039, 0.000000, 
53.267323, 0.000000, 
53.368134, 0.000000, 
53.530975, 0.000000, 
56.224968, 0.000000, 
59.255642, 0.000000, 
59.280846, 0.000000, 
59.803814, 0.000000, 
60.208088, 0.000000, 
60.494480, 0.000000, 
61.379128, 0.000000, 
62.002525, 0.000000, 
62.496574, 0.000000, 
64.692665, 0.000000, 
64.693863, 0.000000, 
64.912064, 0.000000, 
66.691277, 0.000000, 
71.773155, 0.000000, 
72.695366, 0.000000, 
72.942291, 0.000000, 
73.992874, 0.000000, 
74.373665, 0.000000, 
74.882874, 0.000000, 
75.358971, 0.000000, 
75.863327, 0.000000, 
75.924171, 0.000000, 
76.121910, 0.000000, 
77.049545, 0.000000, 
77.334915, 0.000000, 
78.962273, 0.000000, 
79.835976, 0.000000, 
80.256859, 0.000000, 
80.291664, 0.000000, 
80.987808, 0.000000, 
81.223915, 0.000000, 
81.271523, 0.000000, 
81.709633, 0.000000, 
82.130821, 0.000000, 
82.557892, 0.000000, 
82.565491, 0.000000, 
82.818100, 0.000000, 
83.628853, 0.000000, 
84.540344, 0.000000, 
84.737923, 0.000000, 
86.188652, 0.000000, 
88.465897, 0.000000, 
89.229279, 0.000000, 
89.325035, 0.000000, 
89.678894, 0.000000, 
90.905891, 0.000000, 
94.501846, 0.000000, 
95.214211, 0.000000, 
95.428207, 0.000000, 
95.528030, 0.000000, 
98.701767, 0.000000, 
98.729439, 0.000000, 
100.037659, 0.000000, 
101.263145, 0.000000, 
101.859093, 0.000000, 
102.343155, 0.000000, 
102.344452, 0.000000, 
102.597130, 0.000000, 
103.390335, 0.000000, 
103.895111, 0.000000, 
104.127541, 0.000000, 
105.796455, 0.000000, 
107.048897, 0.000000, 
107.091629, 0.000000, 
107.406731, 0.000000, 
107.720207, 0.000000, 
108.163666, 0.000000, 
108.826477, 0.000000, 
109.051735, 0.000000, 
109.277313, 0.000000, 
109.564674, 0.000000, 
109.976540, 0.000000, 
110.239044, 0.000000, 
110.702988, 0.000000, 
111.839493, 0.000000, 
113.581894, 0.000000, 
114.353493, 0.000000, 
115.216599, 0.000000, 
116.434540, 0.000000, 
117.359604, 0.000000, 
118.053993, 0.000000, 
118.114098, 0.000000, 
118.504524, 0.000000, 
118.741417, 0.000000, 
119.494148, 0.000000, 
119.746078, 0.000000, 
121.251839, 0.000000, 
121.983002, 0.000000, 
122.970039, 0.000000, 
123.415436, 0.000000, 
123.523628, 0.000000, 
126.220871, 0.000000, 
126.684097, 0.000000, 
127.503716, 0.000000, 
128.210556, 0.000000, 
128.419006, 0.000000, 
130.399490, 0.000000, 
130.402008, 0.000000, 
131.583191, 0.000000, 
132.410965, 0.000000, 
132.918137, 0.000000, 
133.048218, 0.000000, 
134.329910, 0.000000, 
135.064651, 0.000000, 
135.459625, 0.000000, 
138.095062, 0.000000, 
138.786819, 0.000000, 
141.519928, 0.000000, 
142.187256, 0.000000, 
143.048615, 0.000000, 
146.014832, 0.000000, 
147.766678, 0.000000, 
147.863647, 0.000000, 
148.762787, 0.000000, 
151.164429, 0.000000, 
151.929932, 0.000000, 
153.995193, 0.000000, 
154.498840, 0.000000, 
156.468460, 0.000000, 
157.745422, 0.000000, 
160.899094, 0.000000, 
161.614319, 0.000000, 
162.052521, 0.000000, 
162.612289, 0.000000, 
163.773163, 0.000000, 
164.448807, 0.000000, 
164.712173, 0.000000, 
164.955826, 0.000000, 
165.663330, 0.000000, 
165.799942, 0.000000, 
168.087845, 0.000000, 
168.536194, 0.000000, 
168.721680, 0.000000, 
169.850464, 0.000000, 
170.293732, 0.000000, 
173.938126, 0.000000, 
175.032501, 0.000000, 
175.685242, 0.000000, 
179.189072, 0.000000, 
179.431000, 0.000000, 
179.933304, 0.000000, 
180.998993, 0.000000, 
181.062653, 0.000000, 
181.917175, 0.000000, 
182.894196, 0.000000, 
183.394089, 0.000000, 
183.565155, 0.000000, 
184.102386, 0.000000, 
184.619919, 0.000000, 
186.915619, 0.000000, 
188.855301, 0.000000, 
189.100983, 0.000000, 
189.958160, 0.000000, 
190.039658, 0.000000, 
190.184280, 0.000000, 
190.496857, 0.000000, 
190.680222, 0.000000, 
192.061493, 0.000000, 
192.265320, 0.000000, 
194.084442, 0.000000, 
194.597183, 0.000000, 
195.651031, 0.000000, 
196.585938, 0.000000, 
199.462097, 0.000000, 
