0.236318, 0.000000, 
0.451255, 0.000000, 
2.393200, 0.000000, 
3.244950, 0.000000, 
3.376556, 0.000000, 
3.654853, 0.000000, 
5.041114, 0.000000, 
6.615588, 0.000000, 
7.507467, 0.000000, 
7.963490, 0.000000, 
9.364507, 0.000000, 
12.291924, 0.000000, 
12.360328, 0.000000, 
13.202343, 0.000000, 
13.328224, 0.000000, 
13.634233, 0.000000, 
13.677953, 0.000000, 
15.404675, 0.000000, 
16.529697, 0.000000, 
16.570351, 0.000000, 
16.912786, 0.000000, 
19.651390, 0.000000, 
19.858490, 0.000000, 
23.944141, 0.000000, 
24.509377, 0.000000, 
25.639906, 0.000000, 
25.653118, 0.000000, 
25.859072, 0.000000, 
26.574459, 0.000000, 
26.733173, 0.000000, 
30.224800, 0.000000, 
31.077139, 0.000000, 
31.287045, 0.000000, 
31.451792, 0.000000, 
32.703915, 0.000000, 
32.989109, 0.000000, 
34.638615, 0.000000, 
35.353138, 0.000000, 
36.571522, 0.000000, 
36.599762, 0.000000, 
37.584450, 0.000000, 
42.301903, 0.000000, 
42.852486, 0.000000, 
43.202232, 0.000000, 
44.307877, 0.000000, 
45.797295, 0.000000, 
46.167961, 0.000000, 
48.507996, 0.000000, 
49.079178, 0.000000, 
49.163036, 0.000000, 
49.402210, 0.000000, 
49.452721, 0.000000, 
49.551727, 0.000000, 
53.877243, 0.000000, 
55.027363, 0.000000, 
55.095219, 0.000000, 
56.403427, 0.000000, 
56.645901, 0.000000, 
57.270470, 0.000000, 
58.245663, 0.000000, 
58.249397, 0.000000, 
59.105862, 0.000000, 
60.457981, 0.000000, 
61.635117, 0.000000, 
62.435688, 0.000000, 
63.314972, 0.000000, 
63.437149, 0.000000, 
65.596664, 0.000000, 
65.765114, 0.000000, 
69.999977, 0.000000, 
70.734596, 0.000000, 
71.462677, 0.000000, 
72.603439, 0.000000, 
72.931892, 0.000000, 
73.145821, 0.000000, 
73.413322, 0.000000, 
73.479149, 0.000000, 
73.777367, 0.000000, 
74.577255, 0.000000, 
74.899727, 0.000000, 
76.984390, 0.000000, 
79.928459, 0.000000, 
82.807434, 0.000000, 
83.000977, 0.000000, 
85.361771, 0.000000, 
87.015495, 0.000000, 
87.956863, 0.000000, 
88.750000, 0.000000, 
89.218742, 0.000000, 
89.603279, 0.000000, 
90.976212, 0.000000, 
91.905724, 0.000000, 
92.235878, 0.000000, 
92.530373, 0.000000, 
93.572456, 0.000000, 
94.614273, 0.000000, 
95.328644, 0.000000, 
95.717697, 0.000000, 
95.724731, 0.000000, 
97.485725, 0.000000, 
98.191551, 0.000000, 
99.378960, 0.000000, 
100.106995, 0.000000, 
100.436996, 0.000000, 
102.017372, 0.000000, 
103.247551, 0.000000, 
104.184700, 0.000000, 
105.441643, 0.000000, 
107.015427, 0.000000, 
108.107323, 0.000000, 
109.423851, 0.000000, 
111.292313, 0.000000, 
114.514626, 0.000000, 
115.131943, 0.000000, 
116.770775, 0.000000, 
119.120903, 0.000000, 
119.445068, 0.000000, 
121.915443, 0.000000, 
122.687256, 0.000000, 
123.182426, 0.000000, 
123.877449, 0.000000, 
124.758888, 0.000000, 
124.965271, 0.000000, 
125.292732, 0.000000, 
127.226807, 0.000000, 
127.500755, 0.000000, 
128.144928, 0.000000, 
128.574936, 0.000000, 
129.040115, 0.000000, 
131.941452, 0.000000, 
133.622864, 0.000000, 
133.942932, 0.000000, 
134.944214, 0.000000, 
135.965942, 0.000000, 
136.385941, 0.000000, 
137.377060, 0.000000, 
137.441467, 0.000000, 
140.488998, 0.000000, 
140.918289, 0.000000, 
141.858521, 0.000000, 
142.393387, 0.000000, 
145.018494, 0.000000, 
147.966522, 0.000000, 
148.996536, 0.000000, 
150.547760, 0.000000, 
151.358505, 0.000000, 
152.730637, 0.000000, 
154.266815, 0.000000, 
155.108002, 0.000000, 
155.949661, 0.000000, 
157.023605, 0.000000, 
157.823547, 0.000000, 
158.028778, 0.000000, 
160.036209, 0.000000, 
163.051071, 0.000000, 
163.370270, 0.000000, 
164.120422, 0.000000, 
165.352295, 0.000000, 
166.751297, 0.000000, 
166.757874, 0.000000, 
166.837830, 0.000000, 
166.929565, 0.000000, 
167.791824, 0.000000, 
168.111938, 0.000000, 
168.975525, 0.000000, 
170.871826, 0.000000, 
173.487518, 0.000000, 
174.558090, 0.000000, 
176.033401, 0.000000, 
176.381287, 0.000000, 
176.493546, 0.000000, 
179.381653, 0.000000, 
181.249283, 0.000000, 
181.678421, 0.000000, 
182.362717, 0.000000, 
182.761765, 0.000000, 
183.220261, 0.000000, 
186.471924, 0.000000, 
188.795914, 0.000000, 
189.783279, 0.000000, 
189.906097, 0.000000, 
190.165161, 0.000000, 
190.399704, 0.000000, 
190.539001, 0.000000, 
190.761841, 0.000000, 
190.823975, 0.000000, 
191.634201, 0.000000, 
191.706543, 0.000000, 
192.405792, 0.000000, 
195.056808, 0.000000, 
195.089569, 0.000000, 
195.356277, 0.000000, 
195.600845, 0.000000, 
196.945602, 0.000000, 
197.579193, 0.000000, 
197.723770, 0.000000, 
198.874802, 0.000000, 
199.209045, 0.000000, 
199.337601, 0.000000, 
199.710495, 0.000000, 
