1.748774, 0.000000, 
2.435079, 0.000000, 
2.500981, 0.000000, 
2.641502, 0.000000, 
3.084538, 0.000000, 
4.056291, 0.000000, 
4.075891, 0.000000, 
4.796426, 0.000000, 
4.996556, 0.000000, 
5.046108, 0.000000, 
5.890299, 0.000000, 
7.397977, 0.000000, 
10.051040, 0.000000, 
13.055175, 0.000000, 
14.681755, 0.000000, 
15.425163, 0.000000, 
16.218431, 0.000000, 
17.331280, 0.000000, 
17.401800, 0.000000, 
20.300184, 0.000000, 
22.890167, 0.000000, 
24.191547, 0.000000, 
24.491579, 0.000000, 
25.945986, 0.000000, 
26.024172, 0.000000, 
28.103558, 0.000000, 
28.499485, 0.000000, 
30.995417, 0.000000, 
31.832685, 0.000000, 
32.779938, 0.000000, 
33.881275, 0.000000, 
35.020126, 0.000000, 
35.693657, 0.000000, 
36.135914, 0.000000, 
36.258419, 0.000000, 
37.196671, 0.000000, 
37.870247, 0.000000, 
37.973721, 0.000000, 
39.949268, 0.000000, 
40.055321, 0.000000, 
40.140614, 0.000000, 
41.644447, 0.000000, 
42.366375, 0.000000, 
42.661480, 0.000000, 
42.997986, 0.000000, 
45.048126, 0.000000, 
45.354420, 0.000000, 
45.393280, 0.000000, 
45.449585, 0.000000, 
46.406342, 0.000000, 
46.509148, 0.000000, 
47.671417, 0.000000, 
47.985603, 0.000000, 
48.112026, 0.000000, 
48.465343, 0.000000, 
49.900066, 0.000000, 
50.392143, 0.000000, 
50.860748, 0.000000, 
51.184113, 0.000000, 
51.936634, 0.000000, 
53.970409, 0.000000, 
55.145794, 0.000000, 
55.335640, 0.000000, 
56.590237, 0.000000, 
56.601570, 0.000000, 
58.143196, 0.000000, 
59.014805, 0.000000, 
60.217640, 0.000000, 
60.504967, 0.000000, 
62.036373, 0.000000, 
62.610863, 0.000000, 
68.086464, 0.000000, 
68.603439, 0.000000, 
69.361473, 0.000000, 
70.163025, 0.000000, 
70.546242, 0.000000, 
72.199455, 0.000000, 
73.116791, 0.000000, 
73.643875, 0.000000, 
73.720238, 0.000000, 
74.968559, 0.000000, 
75.465202, 0.000000, 
76.776695, 0.000000, 
80.024788, 0.000000, 
80.564476, 0.000000, 
81.388268, 0.000000, 
82.238205, 0.000000, 
82.325623, 0.000000, 
82.770485, 0.000000, 
83.824600, 0.000000, 
84.703468, 0.000000, 
84.738670, 0.000000, 
85.368401, 0.000000, 
86.046227, 0.000000, 
86.246819, 0.000000, 
87.858940, 0.000000, 
89.205467, 0.000000, 
89.217682, 0.000000, 
89.369942, 0.000000, 
90.322502, 0.000000, 
91.028526, 0.000000, 
92.551064, 0.000000, 
94.332726, 0.000000, 
94.936821, 0.000000, 
99.348152, 0.000000, 
100.054222, 0.000000, 
100.067497, 0.000000, 
102.911255, 0.000000, 
103.831635, 0.000000, 
104.017479, 0.000000, 
104.203918, 0.000000, 
104.812828, 0.000000, 
105.121399, 0.000000, 
105.237106, 0.000000, 
106.573410, 0.000000, 
106.903854, 0.000000, 
107.729774, 0.000000, 
107.739105, 0.000000, 
108.635498, 0.000000, 
108.738892, 0.000000, 
110.730453, 0.000000, 
114.401985, 0.000000, 
117.476326, 0.000000, 
117.913910, 0.000000, 
118.473259, 0.000000, 
118.528900, 0.000000, 
120.279121, 0.000000, 
120.530968, 0.000000, 
122.483078, 0.000000, 
123.683563, 0.000000, 
123.966248, 0.000000, 
125.380875, 0.000000, 
126.020248, 0.000000, 
126.527023, 0.000000, 
126.889145, 0.000000, 
128.582565, 0.000000, 
130.516968, 0.000000, 
131.989395, 0.000000, 
134.758102, 0.000000, 
135.069595, 0.000000, 
137.442810, 0.000000, 
138.577728, 0.000000, 
143.373993, 0.000000, 
144.155685, 0.000000, 
146.692963, 0.000000, 
147.886887, 0.000000, 
148.372604, 0.000000, 
148.396362, 0.000000, 
148.445206, 0.000000, 
148.901077, 0.000000, 
149.942490, 0.000000, 
150.345810, 0.000000, 
151.252579, 0.000000, 
151.920242, 0.000000, 
151.986374, 0.000000, 
152.595535, 0.000000, 
152.717667, 0.000000, 
153.240768, 0.000000, 
153.514465, 0.000000, 
154.487228, 0.000000, 
154.913666, 0.000000, 
157.086243, 0.000000, 
158.974976, 0.000000, 
159.356003, 0.000000, 
161.540131, 0.000000, 
163.311310, 0.000000, 
164.028809, 0.000000, 
166.901657, 0.000000, 
167.479980, 0.000000, 
168.010910, 0.000000, 
168.026108, 0.000000, 
171.283691, 0.000000, 
171.544113, 0.000000, 
173.019821, 0.000000, 
173.283936, 0.000000, 
174.038330, 0.000000, 
174.612427, 0.000000, 
174.873779, 0.000000, 
176.074448, 0.000000, 
176.915863, 0.000000, 
178.714493, 0.000000, 
180.200363, 0.000000, 
181.904022, 0.000000, 
182.050919, 0.000000, 
184.012100, 0.000000, 
184.952225, 0.000000, 
185.204697, 0.000000, 
185.673950, 0.000000, 
186.300049, 0.000000, 
190.574127, 0.000000, 
191.615005, 0.000000, 
193.085037, 0.000000, 
193.572723, 0.000000, 
193.683746, 0.000000, 
194.652679, 0.000000, 
197.018784, 0.000000, 
197.835388, 0.000000, 
198.064850, 0.000000, 
199.303802, 0.000000, 
199.803955, 0.000000, 
