1.235692, 0.000000, 
2.816417, 0.000000, 
5.104526, 0.000000, 
7.573689, 0.000000, 
8.658039, 0.000000, 
11.272222, 0.000000, 
11.337051, 0.000000, 
11.499475, 0.000000, 
12.636829, 0.000000, 
12.932949, 0.000000, 
13.023625, 0.000000, 
14.115128, 0.000000, 
16.391516, 0.000000, 
17.437979, 0.000000, 
18.086355, 0.000000, 
19.990780, 0.000000, 
20.891266, 0.000000, 
20.932396, 0.000000, 
21.917286, 0.000000, 
23.486958, 0.000000, 
24.342501, 0.000000, 
25.023066, 0.000000, 
25.817282, 0.000000, 
27.814163, 0.000000, 
30.880787, 0.000000, 
32.130314, 0.000000, 
32.312111, 0.000000, 
33.196865, 0.000000, 
35.418209, 0.000000, 
36.129131, 0.000000, 
38.992596, 0.000000, 
39.888557, 0.000000, 
39.923298, 0.000000, 
41.681107, 0.000000, 
42.149929, 0.000000, 
42.191406, 0.000000, 
43.347393, 0.000000, 
44.137909, 0.000000, 
44.494907, 0.000000, 
45.395691, 0.000000, 
46.182652, 0.000000, 
46.427025, 0.000000, 
51.937347, 0.000000, 
52.065765, 0.000000, 
52.469700, 0.000000, 
52.697113, 0.000000, 
53.471344, 0.000000, 
53.530308, 0.000000, 
55.173763, 0.000000, 
55.698505, 0.000000, 
56.169079, 0.000000, 
59.315620, 0.000000, 
59.719170, 0.000000, 
59.730785, 0.000000, 
61.138966, 0.000000, 
62.520298, 0.000000, 
63.815384, 0.000000, 
64.098930, 0.000000, 
64.518372, 0.000000, 
65.326157, 0.000000, 
65.379265, 0.000000, 
66.770798, 0.000000, 
68.739647, 0.000000, 
69.154465, 0.000000, 
69.311806, 0.000000, 
70.675865, 0.000000, 
71.116600, 0.000000, 
71.326721, 0.000000, 
72.583160, 0.000000, 
73.428886, 0.000000, 
73.981911, 0.000000, 
75.343132, 0.000000, 
75.947601, 0.000000, 
76.956940, 0.000000, 
77.643059, 0.000000, 
78.239799, 0.000000, 
78.436028, 0.000000, 
80.046890, 0.000000, 
81.434006, 0.000000, 
81.894615, 0.000000, 
82.696579, 0.000000, 
83.533966, 0.000000, 
83.635849, 0.000000, 
84.284866, 0.000000, 
84.473434, 0.000000, 
85.534744, 0.000000, 
86.723587, 0.000000, 
87.437042, 0.000000, 
87.659691, 0.000000, 
87.906410, 0.000000, 
89.018661, 0.000000, 
89.093582, 0.000000, 
90.915443, 0.000000, 
91.327332, 0.000000, 
93.297218, 0.000000, 
93.988609, 0.000000, 
94.069031, 0.000000, 
94.102776, 0.000000, 
94.143135, 0.000000, 
97.629074, 0.000000, 
99.806259, 0.000000, 
100.435532, 0.000000, 
100.812607, 0.000000, 
101.378670, 0.000000, 
102.018753, 0.000000, 
102.374138, 0.000000, 
102.727470, 0.000000, 
103.222183, 0.000000, 
103.863319, 0.000000, 
104.759216, 0.000000, 
106.294319, 0.000000, 
107.441628, 0.000000, 
107.822685, 0.000000, 
107.869789, 0.000000, 
107.980461, 0.000000, 
109.320259, 0.000000, 
109.869530, 0.000000, 
111.786446, 0.000000, 
111.810898, 0.000000, 
113.326454, 0.000000, 
116.340675, 0.000000, 
116.490829, 0.000000, 
119.501244, 0.000000, 
119.968376, 0.000000, 
121.038651, 0.000000, 
122.138847, 0.000000, 
122.305046, 0.000000, 
122.770576, 0.000000, 
123.029022, 0.000000, 
124.797836, 0.000000, 
125.925865, 0.000000, 
126.273201, 0.000000, 
127.290634, 0.000000, 
128.385895, 0.000000, 
128.713013, 0.000000, 
130.136902, 0.000000, 
130.785706, 0.000000, 
131.655991, 0.000000, 
132.995941, 0.000000, 
133.820419, 0.000000, 
135.000870, 0.000000, 
135.116470, 0.000000, 
135.400864, 0.000000, 
136.082199, 0.000000, 
138.216034, 0.000000, 
139.967514, 0.000000, 
140.642166, 0.000000, 
142.270279, 0.000000, 
143.824188, 0.000000, 
144.250931, 0.000000, 
144.718903, 0.000000, 
144.782379, 0.000000, 
146.008759, 0.000000, 
147.476013, 0.000000, 
147.735336, 0.000000, 
148.902390, 0.000000, 
149.455780, 0.000000, 
150.550369, 0.000000, 
150.656906, 0.000000, 
152.992661, 0.000000, 
160.240158, 0.000000, 
162.430008, 0.000000, 
162.807831, 0.000000, 
163.710587, 0.000000, 
163.956329, 0.000000, 
164.027435, 0.000000, 
164.730270, 0.000000, 
166.592651, 0.000000, 
167.490967, 0.000000, 
168.621613, 0.000000, 
169.061157, 0.000000, 
170.752502, 0.000000, 
173.854095, 0.000000, 
177.552536, 0.000000, 
180.022308, 0.000000, 
182.012207, 0.000000, 
182.441116, 0.000000, 
183.365463, 0.000000, 
183.757065, 0.000000, 
184.422943, 0.000000, 
185.112762, 0.000000, 
185.198288, 0.000000, 
185.869171, 0.000000, 
185.953217, 0.000000, 
188.224106, 0.000000, 
190.288849, 0.000000, 
191.407455, 0.000000, 
191.641479, 0.000000, 
191.671951, 0.000000, 
191.961243, 0.000000, 
193.513123, 0.000000, 
194.289841, 0.000000, 
194.977890, 0.000000, 
194.987762, 0.000000, 
196.320023, 0.000000, 
196.892059, 0.000000, 
197.260941, 0.000000, 
198.172485, 0.000000, 
198.429611, 0.000000, 
199.484665, 0.000000, 
