0.906853, 0.000000, 
1.175642, 0.000000, 
1.563604, 0.000000, 
2.035453, 0.000000, 
3.010599, 0.000000, 
3.534553, 0.000000, 
3.900486, 0.000000, 
5.236079, 0.000000, 
5.557312, 0.000000, 
5.567054, 0.000000, 
8.010116, 0.000000, 
8.169329, 0.000000, 
8.422509, 0.000000, 
8.799935, 0.000000, 
9.931026, 0.000000, 
12.261062, 0.000000, 
14.308982, 0.000000, 
14.360702, 0.000000, 
14.737754, 0.000000, 
16.259590, 0.000000, 
17.351297, 0.000000, 
21.983393, 0.000000, 
23.138779, 0.000000, 
25.236296, 0.000000, 
26.768673, 0.000000, 
27.726749, 0.000000, 
27.819773, 0.000000, 
28.723362, 0.000000, 
29.388000, 0.000000, 
29.581736, 0.000000, 
30.000090, 0.000000, 
32.607819, 0.000000, 
33.291782, 0.000000, 
34.147865, 0.000000, 
34.968159, 0.000000, 
36.311779, 0.000000, 
40.549038, 0.000000, 
40.663338, 0.000000, 
40.839203, 0.000000, 
40.918823, 0.000000, 
42.097767, 0.000000, 
46.028481, 0.000000, 
46.592697, 0.000000, 
46.807743, 0.000000, 
46.874657, 0.000000, 
48.265751, 0.000000, 
49.559326, 0.000000, 
49.799709, 0.000000, 
49.832779, 0.000000, 
49.909470, 0.000000, 
49.954308, 0.000000, 
50.051422, 0.000000, 
51.063316, 0.000000, 
52.823708, 0.000000, 
53.505444, 0.000000, 
56.235966, 0.000000, 
58.256863, 0.000000, 
58.629368, 0.000000, 
58.646664, 0.000000, 
59.114285, 0.000000, 
60.304607, 0.000000, 
62.569477, 0.000000, 
63.809628, 0.000000, 
64.310539, 0.000000, 
64.318840, 0.000000, 
64.643661, 0.000000, 
64.648735, 0.000000, 
65.908371, 0.000000, 
67.192337, 0.000000, 
70.828300, 0.000000, 
72.506348, 0.000000, 
73.745193, 0.000000, 
73.954796, 0.000000, 
74.900162, 0.000000, 
76.862892, 0.000000, 
77.029999, 0.000000, 
77.224960, 0.000000, 
77.874466, 0.000000, 
78.012131, 0.000000, 
78.109749, 0.000000, 
78.153175, 0.000000, 
78.432228, 0.000000, 
79.253906, 0.000000, 
79.996056, 0.000000, 
80.060280, 0.000000, 
80.528351, 0.000000, 
80.955849, 0.000000, 
81.704720, 0.000000, 
85.380959, 0.000000, 
87.132607, 0.000000, 
87.319321, 0.000000, 
89.443100, 0.000000, 
90.720810, 0.000000, 
91.793633, 0.000000, 
92.204674, 0.000000, 
93.040184, 0.000000, 
94.999435, 0.000000, 
95.318153, 0.000000, 
95.638329, 0.000000, 
95.814194, 0.000000, 
96.103889, 0.000000, 
96.117172, 0.000000, 
96.380730, 0.000000, 
96.665482, 0.000000, 
96.911270, 0.000000, 
97.313667, 0.000000, 
97.974564, 0.000000, 
98.640457, 0.000000, 
98.850708, 0.000000, 
99.629387, 0.000000, 
102.218727, 0.000000, 
103.706367, 0.000000, 
103.920692, 0.000000, 
104.003113, 0.000000, 
104.343704, 0.000000, 
104.345856, 0.000000, 
106.983551, 0.000000, 
108.027092, 0.000000, 
108.846741, 0.000000, 
110.809242, 0.000000, 
111.471809, 0.000000, 
112.597008, 0.000000, 
114.085869, 0.000000, 
114.607124, 0.000000, 
116.081894, 0.000000, 
116.562706, 0.000000, 
116.563553, 0.000000, 
116.762199, 0.000000, 
118.888168, 0.000000, 
119.400131, 0.000000, 
119.456139, 0.000000, 
122.300148, 0.000000, 
123.803429, 0.000000, 
123.851097, 0.000000, 
123.985779, 0.000000, 
124.854271, 0.000000, 
127.067680, 0.000000, 
128.094223, 0.000000, 
131.430130, 0.000000, 
131.688263, 0.000000, 
133.694595, 0.000000, 
136.774872, 0.000000, 
139.967087, 0.000000, 
140.349701, 0.000000, 
143.057251, 0.000000, 
143.496826, 0.000000, 
143.635895, 0.000000, 
144.413956, 0.000000, 
146.952042, 0.000000, 
147.009155, 0.000000, 
147.768036, 0.000000, 
149.334198, 0.000000, 
149.551483, 0.000000, 
149.648087, 0.000000, 
150.894241, 0.000000, 
153.652771, 0.000000, 
155.470520, 0.000000, 
155.731934, 0.000000, 
156.907715, 0.000000, 
157.725067, 0.000000, 
158.003082, 0.000000, 
159.305969, 0.000000, 
160.872910, 0.000000, 
160.932877, 0.000000, 
161.563736, 0.000000, 
161.573288, 0.000000, 
163.215271, 0.000000, 
163.499405, 0.000000, 
163.615250, 0.000000, 
163.867249, 0.000000, 
163.870560, 0.000000, 
164.276230, 0.000000, 
164.302032, 0.000000, 
164.991318, 0.000000, 
165.520935, 0.000000, 
165.537125, 0.000000, 
168.034988, 0.000000, 
168.240845, 0.000000, 
169.463898, 0.000000, 
170.895004, 0.000000, 
173.217972, 0.000000, 
174.024902, 0.000000, 
175.709137, 0.000000, 
178.622650, 0.000000, 
180.168594, 0.000000, 
182.023392, 0.000000, 
182.043472, 0.000000, 
183.129120, 0.000000, 
185.180344, 0.000000, 
185.292587, 0.000000, 
185.503220, 0.000000, 
188.887070, 0.000000, 
191.109360, 0.000000, 
192.339539, 0.000000, 
192.585770, 0.000000, 
193.574478, 0.000000, 
194.350342, 0.000000, 
194.655121, 0.000000, 
195.070419, 0.000000, 
196.446259, 0.000000, 
