0.100561, 0.000000, 
1.342766, 0.000000, 
1.605196, 0.000000, 
2.150602, 0.000000, 
2.334384, 0.000000, 
3.613995, 0.000000, 
3.724421, 0.000000, 
5.365103, 0.000000, 
5.932436, 0.000000, 
6.081501, 0.000000, 
6.211484, 0.000000, 
7.035588, 0.000000, 
8.144886, 0.000000, 
8.265241, 0.000000, 
8.721295, 0.000000, 
8.900296, 0.000000, 
9.340781, 0.000000, 
9.586241, 0.000000, 
11.446961, 0.000000, 
11.710711, 0.000000, 
21.364695, 0.000000, 
23.536995, 0.000000, 
23.794382, 0.000000, 
24.142052, 0.000000, 
24.600559, 0.000000, 
26.998772, 0.000000, 
27.281155, 0.000000, 
27.803186, 0.000000, 
31.537098, 0.000000, 
31.548277, 0.000000, 
33.373913, 0.000000, 
34.617054, 0.000000, 
35.336555, 0.000000, 
37.501217, 0.000000, 
38.337658, 0.000000, 
40.626869, 0.000000, 
40.734020, 0.000000, 
41.441467, 0.000000, 
42.580555, 0.000000, 
43.798668, 0.000000, 
44.331577, 0.000000, 
44.359539, 0.000000, 
44.795872, 0.000000, 
45.125183, 0.000000, 
45.161373, 0.000000, 
47.426403, 0.000000, 
47.715221, 0.000000, 
49.084400, 0.000000, 
51.151955, 0.000000, 
51.157562, 0.000000, 
51.466743, 0.000000, 
52.723877, 0.000000, 
52.796013, 0.000000, 
55.140003, 0.000000, 
55.561638, 0.000000, 
56.372517, 0.000000, 
57.708614, 0.000000, 
57.845463, 0.000000, 
57.922134, 0.000000, 
58.607498, 0.000000, 
59.023666, 0.000000, 
59.433685, 0.000000, 
59.879597, 0.000000, 
60.051132, 0.000000, 
60.573086, 0.000000, 
62.464550, 0.000000, 
62.898972, 0.000000, 
63.926765, 0.000000, 
65.340950, 0.000000, 
66.095215, 0.000000, 
67.739388, 0.000000, 
67.763054, 0.000000, 
68.403885, 0.000000, 
68.940285, 0.000000, 
69.070992, 0.000000, 
70.481918, 0.000000, 
70.514511, 0.000000, 
72.516258, 0.000000, 
74.816017, 0.000000, 
74.825752, 0.000000, 
75.256859, 0.000000, 
76.239494, 0.000000, 
77.466835, 0.000000, 
77.519737, 0.000000, 
78.326355, 0.000000, 
78.888947, 0.000000, 
79.192749, 0.000000, 
80.942398, 0.000000, 
82.008652, 0.000000, 
82.471634, 0.000000, 
83.939751, 0.000000, 
84.574173, 0.000000, 
85.006516, 0.000000, 
85.044807, 0.000000, 
87.172318, 0.000000, 
87.236748, 0.000000, 
87.494743, 0.000000, 
87.521606, 0.000000, 
87.692902, 0.000000, 
89.037163, 0.000000, 
90.348053, 0.000000, 
97.173874, 0.000000, 
97.586258, 0.000000, 
101.907494, 0.000000, 
102.305527, 0.000000, 
103.449829, 0.000000, 
105.450180, 0.000000, 
106.108269, 0.000000, 
107.093971, 0.000000, 
109.912262, 0.000000, 
110.631157, 0.000000, 
111.288895, 0.000000, 
112.897583, 0.000000, 
113.197868, 0.000000, 
113.363098, 0.000000, 
113.541916, 0.000000, 
115.235031, 0.000000, 
119.096794, 0.000000, 
119.100624, 0.000000, 
119.346649, 0.000000, 
119.616425, 0.000000, 
119.762398, 0.000000, 
119.937057, 0.000000, 
120.419029, 0.000000, 
120.425858, 0.000000, 
121.268295, 0.000000, 
122.008133, 0.000000, 
124.853714, 0.000000, 
125.077156, 0.000000, 
125.121964, 0.000000, 
125.401527, 0.000000, 
125.859055, 0.000000, 
127.256561, 0.000000, 
130.453049, 0.000000, 
132.040436, 0.000000, 
132.074310, 0.000000, 
136.664536, 0.000000, 
137.352051, 0.000000, 
137.963242, 0.000000, 
138.591782, 0.000000, 
138.682037, 0.000000, 
140.066742, 0.000000, 
140.416092, 0.000000, 
140.442810, 0.000000, 
140.852066, 0.000000, 
140.957901, 0.000000, 
142.455353, 0.000000, 
142.952606, 0.000000, 
144.179855, 0.000000, 
144.904282, 0.000000, 
145.287979, 0.000000, 
148.589111, 0.000000, 
148.902878, 0.000000, 
149.426682, 0.000000, 
149.821808, 0.000000, 
150.558044, 0.000000, 
151.072144, 0.000000, 
152.993683, 0.000000, 
153.257919, 0.000000, 
153.664520, 0.000000, 
156.988602, 0.000000, 
157.007599, 0.000000, 
157.187210, 0.000000, 
157.588776, 0.000000, 
159.434631, 0.000000, 
159.808319, 0.000000, 
160.739288, 0.000000, 
161.262848, 0.000000, 
164.743790, 0.000000, 
166.749908, 0.000000, 
168.146591, 0.000000, 
169.881516, 0.000000, 
170.459641, 0.000000, 
172.389130, 0.000000, 
173.423813, 0.000000, 
173.708130, 0.000000, 
174.026016, 0.000000, 
174.337967, 0.000000, 
174.788300, 0.000000, 
175.396088, 0.000000, 
175.831589, 0.000000, 
177.542114, 0.000000, 
180.253250, 0.000000, 
182.401657, 0.000000, 
182.658127, 0.000000, 
184.064163, 0.000000, 
184.108765, 0.000000, 
184.195068, 0.000000, 
187.063187, 0.000000, 
191.638046, 0.000000, 
191.797745, 0.000000, 
194.210724, 0.000000, 
194.558487, 0.000000, 
194.635696, 0.000000, 
194.977417, 0.000000, 
195.495773, 0.000000, 
196.800613, 0.000000, 
198.347198, 0.000000, 
198.841766, 0.000000, 
199.167160, 0.000000, 
