0.317537, 0.000000, 
0.863047, 0.000000, 
1.698707, 0.000000, 
2.166020, 0.000000, 
2.878917, 0.000000, 
3.397829, 0.000000, 
4.456365, 0.000000, 
4.680651, 0.000000, 
5.492973, 0.000000, 
5.496519, 0.000000, 
8.409356, 0.000000, 
8.412707, 0.000000, 
9.944802, 0.000000, 
10.401907, 0.000000, 
14.294373, 0.000000, 
15.461223, 0.000000, 
16.265772, 0.000000, 
17.061996, 0.000000, 
18.610189, 0.000000, 
21.399776, 0.000000, 
23.748806, 0.000000, 
23.840446, 0.000000, 
25.360256, 0.000000, 
25.977953, 0.000000, 
26.654308, 0.000000, 
29.562868, 0.000000, 
30.869280, 0.000000, 
32.613792, 0.000000, 
33.277100, 0.000000, 
33.367302, 0.000000, 
33.655521, 0.000000, 
34.765041, 0.000000, 
35.191051, 0.000000, 
37.004250, 0.000000, 
37.251236, 0.000000, 
38.567177, 0.000000, 
38.606152, 0.000000, 
39.000423, 0.000000, 
39.078133, 0.000000, 
41.989769, 0.000000, 
44.387741, 0.000000, 
45.603737, 0.000000, 
48.448799, 0.000000, 
50.301941, 0.000000, 
53.824959, 0.000000, 
54.627743, 0.000000, 
54.914761, 0.000000, 
58.042450, 0.000000, 
58.126030, 0.000000, 
58.292324, 0.000000, 
58.363613, 0.000000, 
59.124020, 0.000000, 
61.230923, 0.000000, 
63.575584, 0.000000, 
63.657902, 0.000000, 
63.761093, 0.000000, 
66.717987, 0.000000, 
67.044518, 0.000000, 
67.216591, 0.000000, 
69.487839, 0.000000, 
69.728127, 0.000000, 
70.904518, 0.000000, 
71.377419, 0.000000, 
72.262398, 0.000000, 
72.628426, 0.000000, 
74.336472, 0.000000, 
74.784897, 0.000000, 
75.108376, 0.000000, 
76.422829, 0.000000, 
77.371880, 0.000000, 
79.617722, 0.000000, 
81.396027, 0.000000, 
83.291321, 0.000000, 
83.330620, 0.000000, 
84.636368, 0.000000, 
85.425911, 0.000000, 
86.274361, 0.000000, 
86.547211, 0.000000, 
86.660255, 0.000000, 
87.046272, 0.000000, 
88.872879, 0.000000, 
89.368835, 0.000000, 
91.000336, 0.000000, 
91.713104, 0.000000, 
93.884003, 0.000000, 
94.099869, 0.000000, 
95.415070, 0.000000, 
97.537552, 0.000000, 
99.819656, 0.000000, 
100.033737, 0.000000, 
100.174309, 0.000000, 
101.308540, 0.000000, 
101.363472, 0.000000, 
102.360748, 0.000000, 
103.097107, 0.000000, 
108.659988, 0.000000, 
110.427780, 0.000000, 
110.706841, 0.000000, 
111.163330, 0.000000, 
113.127831, 0.000000, 
114.100281, 0.000000, 
116.429512, 0.000000, 
116.987953, 0.000000, 
119.266006, 0.000000, 
120.537521, 0.000000, 
122.224579, 0.000000, 
122.300446, 0.000000, 
123.710609, 0.000000, 
125.277100, 0.000000, 
127.920914, 0.000000, 
128.177994, 0.000000, 
128.830399, 0.000000, 
129.101746, 0.000000, 
129.332794, 0.000000, 
130.003738, 0.000000, 
131.036972, 0.000000, 
131.361618, 0.000000, 
131.984482, 0.000000, 
132.234451, 0.000000, 
133.864380, 0.000000, 
134.155380, 0.000000, 
134.205475, 0.000000, 
134.479523, 0.000000, 
135.955414, 0.000000, 
137.398300, 0.000000, 
138.594177, 0.000000, 
139.612839, 0.000000, 
139.700043, 0.000000, 
140.365555, 0.000000, 
140.681671, 0.000000, 
140.742111, 0.000000, 
141.487625, 0.000000, 
141.853516, 0.000000, 
142.184753, 0.000000, 
145.157318, 0.000000, 
146.214630, 0.000000, 
146.356262, 0.000000, 
149.597656, 0.000000, 
150.083069, 0.000000, 
150.437714, 0.000000, 
151.314041, 0.000000, 
151.407272, 0.000000, 
151.648331, 0.000000, 
152.852859, 0.000000, 
153.032166, 0.000000, 
154.321487, 0.000000, 
154.446686, 0.000000, 
154.451187, 0.000000, 
155.405624, 0.000000, 
156.201309, 0.000000, 
158.583954, 0.000000, 
160.007629, 0.000000, 
160.911148, 0.000000, 
161.276260, 0.000000, 
162.682495, 0.000000, 
166.470688, 0.000000, 
167.151581, 0.000000, 
167.652267, 0.000000, 
167.748032, 0.000000, 
168.098907, 0.000000, 
168.144440, 0.000000, 
168.448303, 0.000000, 
169.135910, 0.000000, 
170.036667, 0.000000, 
171.855026, 0.000000, 
172.833099, 0.000000, 
173.242630, 0.000000, 
175.121048, 0.000000, 
176.624039, 0.000000, 
176.975983, 0.000000, 
178.674835, 0.000000, 
179.104813, 0.000000, 
179.224518, 0.000000, 
180.225067, 0.000000, 
180.995651, 0.000000, 
181.837006, 0.000000, 
181.854996, 0.000000, 
182.236069, 0.000000, 
182.309570, 0.000000, 
182.617035, 0.000000, 
182.726898, 0.000000, 
186.156372, 0.000000, 
186.417755, 0.000000, 
186.891464, 0.000000, 
187.381516, 0.000000, 
188.511688, 0.000000, 
189.691071, 0.000000, 
189.954315, 0.000000, 
190.136154, 0.000000, 
190.300598, 0.000000, 
190.911148, 0.000000, 
190.944016, 0.000000, 
191.736084, 0.000000, 
193.317749, 0.000000, 
193.368530, 0.000000, 
194.303665, 0.000000, 
195.192001, 0.000000, 
198.610184, 0.000000, 
199.035553, 0.000000, 
199.374252, 0.000000, 
