5.956702, 0.000000, 
8.059492, 0.000000, 
8.646457, 0.000000, 
9.706045, 0.000000, 
9.783468, 0.000000, 
10.701892, 0.000000, 
12.587925, 0.000000, 
13.598055, 0.000000, 
13.887047, 0.000000, 
13.957407, 0.000000, 
14.365478, 0.000000, 
14.985565, 0.000000, 
15.284024, 0.000000, 
15.368599, 0.000000, 
15.710858, 0.000000, 
15.767094, 0.000000, 
17.837828, 0.000000, 
21.200220, 0.000000, 
23.667971, 0.000000, 
23.681965, 0.000000, 
24.963455, 0.000000, 
25.634336, 0.000000, 
27.039865, 0.000000, 
27.129702, 0.000000, 
30.290173, 0.000000, 
30.736864, 0.000000, 
31.724394, 0.000000, 
33.654922, 0.000000, 
35.203465, 0.000000, 
36.460117, 0.000000, 
39.046185, 0.000000, 
39.877235, 0.000000, 
40.200615, 0.000000, 
40.381008, 0.000000, 
40.621029, 0.000000, 
41.778820, 0.000000, 
42.474499, 0.000000, 
43.148483, 0.000000, 
44.281178, 0.000000, 
45.056248, 0.000000, 
45.416656, 0.000000, 
46.390179, 0.000000, 
46.417786, 0.000000, 
49.480572, 0.000000, 
50.071072, 0.000000, 
50.297264, 0.000000, 
50.312340, 0.000000, 
50.491840, 0.000000, 
50.828888, 0.000000, 
50.924141, 0.000000, 
51.439758, 0.000000, 
51.767929, 0.000000, 
52.872810, 0.000000, 
54.000847, 0.000000, 
54.948460, 0.000000, 
55.051109, 0.000000, 
57.096581, 0.000000, 
57.584023, 0.000000, 
59.008183, 0.000000, 
61.725826, 0.000000, 
63.900581, 0.000000, 
65.088913, 0.000000, 
66.573097, 0.000000, 
67.305168, 0.000000, 
67.426514, 0.000000, 
67.876762, 0.000000, 
68.702644, 0.000000, 
72.578308, 0.000000, 
72.706757, 0.000000, 
75.405701, 0.000000, 
77.610214, 0.000000, 
79.471313, 0.000000, 
81.169022, 0.000000, 
82.308815, 0.000000, 
85.424683, 0.000000, 
85.698883, 0.000000, 
86.123962, 0.000000, 
87.905472, 0.000000, 
88.100868, 0.000000, 
88.395325, 0.000000, 
88.489563, 0.000000, 
88.513725, 0.000000, 
89.164696, 0.000000, 
89.232544, 0.000000, 
89.422493, 0.000000, 
91.709114, 0.000000, 
92.381004, 0.000000, 
92.721596, 0.000000, 
93.184113, 0.000000, 
93.482979, 0.000000, 
93.900620, 0.000000, 
94.380348, 0.000000, 
95.230652, 0.000000, 
95.250122, 0.000000, 
95.647682, 0.000000, 
96.008522, 0.000000, 
97.111343, 0.000000, 
97.685738, 0.000000, 
98.755486, 0.000000, 
99.145210, 0.000000, 
99.969490, 0.000000, 
101.303741, 0.000000, 
101.894821, 0.000000, 
102.023781, 0.000000, 
103.792686, 0.000000, 
104.279160, 0.000000, 
104.781029, 0.000000, 
105.653275, 0.000000, 
105.748924, 0.000000, 
106.652420, 0.000000, 
108.056015, 0.000000, 
108.558022, 0.000000, 
109.040398, 0.000000, 
110.719734, 0.000000, 
111.295082, 0.000000, 
111.565392, 0.000000, 
113.989899, 0.000000, 
114.082245, 0.000000, 
114.375717, 0.000000, 
115.199478, 0.000000, 
117.248497, 0.000000, 
117.420547, 0.000000, 
117.464455, 0.000000, 
119.695160, 0.000000, 
121.056046, 0.000000, 
123.181564, 0.000000, 
123.537186, 0.000000, 
126.294708, 0.000000, 
126.770996, 0.000000, 
127.124947, 0.000000, 
127.552010, 0.000000, 
128.181351, 0.000000, 
128.340302, 0.000000, 
129.312012, 0.000000, 
132.579468, 0.000000, 
134.086121, 0.000000, 
134.982910, 0.000000, 
135.475922, 0.000000, 
137.215866, 0.000000, 
138.239624, 0.000000, 
139.194992, 0.000000, 
139.198318, 0.000000, 
139.483536, 0.000000, 
141.246445, 0.000000, 
142.841019, 0.000000, 
143.508575, 0.000000, 
143.814240, 0.000000, 
144.227951, 0.000000, 
144.885208, 0.000000, 
145.366470, 0.000000, 
148.827438, 0.000000, 
152.617462, 0.000000, 
152.629181, 0.000000, 
153.223450, 0.000000, 
153.511795, 0.000000, 
156.716125, 0.000000, 
157.489670, 0.000000, 
157.803497, 0.000000, 
159.172882, 0.000000, 
161.309921, 0.000000, 
161.994110, 0.000000, 
162.687393, 0.000000, 
163.155930, 0.000000, 
166.336700, 0.000000, 
168.894684, 0.000000, 
169.299896, 0.000000, 
171.057831, 0.000000, 
171.216034, 0.000000, 
172.862961, 0.000000, 
173.694504, 0.000000, 
173.893845, 0.000000, 
176.568573, 0.000000, 
177.632217, 0.000000, 
177.668839, 0.000000, 
179.841782, 0.000000, 
180.430649, 0.000000, 
180.510315, 0.000000, 
183.398468, 0.000000, 
184.036896, 0.000000, 
184.613434, 0.000000, 
186.762375, 0.000000, 
187.177750, 0.000000, 
188.160736, 0.000000, 
189.192688, 0.000000, 
190.052429, 0.000000, 
190.293701, 0.000000, 
191.350021, 0.000000, 
192.399628, 0.000000, 
194.503632, 0.000000, 
194.664932, 0.000000, 
195.644028, 0.000000, 
195.777618, 0.000000, 
196.429260, 0.000000, 
196.461411, 0.000000, 
197.383972, 0.000000, 
197.401871, 0.000000, 
197.778000, 0.000000, 
198.160385, 0.000000, 
198.528503, 0.000000, 
199.216034, 0.000000, 
