2.293496, 0.000000, 
3.837926, 0.000000, 
4.517157, 0.000000, 
5.146223, 0.000000, 
5.844851, 0.000000, 
6.190738, 0.000000, 
6.380831, 0.000000, 
6.857128, 0.000000, 
7.675292, 0.000000, 
7.963108, 0.000000, 
8.418178, 0.000000, 
9.669580, 0.000000, 
10.122119, 0.000000, 
10.811509, 0.000000, 
10.870086, 0.000000, 
11.594944, 0.000000, 
12.481936, 0.000000, 
12.848376, 0.000000, 
14.169683, 0.000000, 
16.927069, 0.000000, 
17.948923, 0.000000, 
19.067177, 0.000000, 
19.730791, 0.000000, 
20.582193, 0.000000, 
20.619314, 0.000000, 
21.233662, 0.000000, 
21.948891, 0.000000, 
22.522549, 0.000000, 
22.535828, 0.000000, 
23.996307, 0.000000, 
26.759014, 0.000000, 
26.956766, 0.000000, 
27.248522, 0.000000, 
27.920290, 0.000000, 
28.212797, 0.000000, 
29.639879, 0.000000, 
31.016109, 0.000000, 
31.636583, 0.000000, 
33.675110, 0.000000, 
33.851505, 0.000000, 
34.373787, 0.000000, 
34.880154, 0.000000, 
37.628094, 0.000000, 
39.648727, 0.000000, 
40.023697, 0.000000, 
40.297405, 0.000000, 
40.506653, 0.000000, 
41.667118, 0.000000, 
41.876087, 0.000000, 
42.104286, 0.000000, 
43.325806, 0.000000, 
44.833298, 0.000000, 
46.137383, 0.000000, 
46.561691, 0.000000, 
46.649849, 0.000000, 
47.186787, 0.000000, 
48.494614, 0.000000, 
48.863579, 0.000000, 
49.049355, 0.000000, 
50.156219, 0.000000, 
51.152157, 0.000000, 
51.774063, 0.000000, 
51.793392, 0.000000, 
51.808914, 0.000000, 
53.999912, 0.000000, 
55.556427, 0.000000, 
56.326969, 0.000000, 
57.207943, 0.000000, 
58.434006, 0.000000, 
59.033318, 0.000000, 
59.079800, 0.000000, 
60.547726, 0.000000, 
60.953278, 0.000000, 
61.348358, 0.000000, 
61.650146, 0.000000, 
61.722439, 0.000000, 
62.133598, 0.000000, 
62.872364, 0.000000, 
64.088158, 0.000000, 
64.274757, 0.000000, 
64.420410, 0.000000, 
69.835487, 0.000000, 
70.566940, 0.000000, 
72.063698, 0.000000, 
72.494652, 0.000000, 
77.779411, 0.000000, 
79.944397, 0.000000, 
81.897736, 0.000000, 
84.507164, 0.000000, 
84.875496, 0.000000, 
85.413086, 0.000000, 
85.476799, 0.000000, 
85.481194, 0.000000, 
85.900764, 0.000000, 
87.602188, 0.000000, 
89.464745, 0.000000, 
90.306267, 0.000000, 
94.374092, 0.000000, 
94.593529, 0.000000, 
94.595291, 0.000000, 
95.571053, 0.000000, 
96.615654, 0.000000, 
97.010620, 0.000000, 
99.142685, 0.000000, 
100.425148, 0.000000, 
100.592567, 0.000000, 
103.322136, 0.000000, 
103.336777, 0.000000, 
106.758926, 0.000000, 
108.090324, 0.000000, 
109.365631, 0.000000, 
110.143639, 0.000000, 
110.310715, 0.000000, 
111.179802, 0.000000, 
111.249283, 0.000000, 
111.501945, 0.000000, 
111.808578, 0.000000, 
111.859032, 0.000000, 
112.241158, 0.000000, 
112.585220, 0.000000, 
112.976990, 0.000000, 
114.869286, 0.000000, 
117.797325, 0.000000, 
117.931152, 0.000000, 
120.606598, 0.000000, 
120.971092, 0.000000, 
122.050735, 0.000000, 
123.330040, 0.000000, 
124.088699, 0.000000, 
125.445488, 0.000000, 
126.847893, 0.000000, 
129.646957, 0.000000, 
129.966537, 0.000000, 
131.408829, 0.000000, 
132.049500, 0.000000, 
132.362320, 0.000000, 
135.694397, 0.000000, 
136.754700, 0.000000, 
137.793747, 0.000000, 
138.358292, 0.000000, 
139.858902, 0.000000, 
140.897461, 0.000000, 
142.344513, 0.000000, 
142.710617, 0.000000, 
142.842911, 0.000000, 
143.891724, 0.000000, 
144.052155, 0.000000, 
145.020142, 0.000000, 
145.461746, 0.000000, 
146.017426, 0.000000, 
148.278091, 0.000000, 
149.019272, 0.000000, 
149.206589, 0.000000, 
149.809418, 0.000000, 
150.713913, 0.000000, 
151.466125, 0.000000, 
152.344406, 0.000000, 
154.955643, 0.000000, 
155.984375, 0.000000, 
159.875519, 0.000000, 
163.619308, 0.000000, 
167.097229, 0.000000, 
169.326981, 0.000000, 
170.377243, 0.000000, 
171.144730, 0.000000, 
173.005020, 0.000000, 
173.638702, 0.000000, 
174.339386, 0.000000, 
175.287247, 0.000000, 
175.558182, 0.000000, 
175.558823, 0.000000, 
177.546371, 0.000000, 
178.582504, 0.000000, 
179.460999, 0.000000, 
181.659164, 0.000000, 
182.423508, 0.000000, 
184.159012, 0.000000, 
184.501099, 0.000000, 
184.696732, 0.000000, 
185.223465, 0.000000, 
185.494095, 0.000000, 
186.620255, 0.000000, 
187.389664, 0.000000, 
189.611420, 0.000000, 
191.367065, 0.000000, 
191.929016, 0.000000, 
193.358353, 0.000000, 
195.144058, 0.000000, 
195.303772, 0.000000, 
195.374435, 0.000000, 
195.463257, 0.000000, 
195.560150, 0.000000, 
196.572174, 0.000000, 
196.810226, 0.000000, 
197.189453, 0.000000, 
197.384125, 0.000000, 
198.003098, 0.000000, 
198.522339, 0.000000, 
198.603439, 0.000000, 
199.171478, 0.000000, 
