0.487087, 0.000000, 
0.591183, 0.000000, 
2.388255, 0.000000, 
2.451252, 0.000000, 
3.042934, 0.000000, 
4.896746, 0.000000, 
5.456340, 0.000000, 
6.205926, 0.000000, 
6.524515, 0.000000, 
8.019766, 0.000000, 
8.811645, 0.000000, 
8.913023, 0.000000, 
9.252508, 0.000000, 
11.807551, 0.000000, 
12.397128, 0.000000, 
13.549014, 0.000000, 
14.165034, 0.000000, 
16.255241, 0.000000, 
16.377928, 0.000000, 
16.892282, 0.000000, 
17.768085, 0.000000, 
17.783064, 0.000000, 
19.588354, 0.000000, 
21.192738, 0.000000, 
21.582382, 0.000000, 
22.354952, 0.000000, 
22.435780, 0.000000, 
22.971741, 0.000000, 
23.028391, 0.000000, 
25.647152, 0.000000, 
27.063139, 0.000000, 
27.520416, 0.000000, 
28.473619, 0.000000, 
28.737238, 0.000000, 
28.992519, 0.000000, 
29.949493, 0.000000, 
30.521969, 0.000000, 
30.749071, 0.000000, 
35.158882, 0.000000, 
35.911221, 0.000000, 
36.019325, 0.000000, 
37.433414, 0.000000, 
39.541817, 0.000000, 
40.202206, 0.000000, 
40.255436, 0.000000, 
41.160862, 0.000000, 
46.086071, 0.000000, 
51.143364, 0.000000, 
53.169941, 0.000000, 
54.730309, 0.000000, 
54.987282, 0.000000, 
56.084320, 0.000000, 
56.352219, 0.000000, 
57.784275, 0.000000, 
58.501408, 0.000000, 
58.789295, 0.000000, 
60.865276, 0.000000, 
61.977386, 0.000000, 
62.986603, 0.000000, 
63.240688, 0.000000, 
63.691284, 0.000000, 
65.159790, 0.000000, 
67.441360, 0.000000, 
68.818680, 0.000000, 
70.494972, 0.000000, 
71.182701, 0.000000, 
73.937256, 0.000000, 
75.100937, 0.000000, 
76.222290, 0.000000, 
79.157028, 0.000000, 
80.331261, 0.000000, 
80.645714, 0.000000, 
80.686104, 0.000000, 
80.807190, 0.000000, 
80.981972, 0.000000, 
81.031364, 0.000000, 
81.296066, 0.000000, 
81.358047, 0.000000, 
82.027870, 0.000000, 
82.336105, 0.000000, 
83.530045, 0.000000, 
83.973183, 0.000000, 
84.522743, 0.000000, 
87.827667, 0.000000, 
90.185608, 0.000000, 
90.483170, 0.000000, 
91.645271, 0.000000, 
92.662117, 0.000000, 
94.568588, 0.000000, 
94.908676, 0.000000, 
96.044006, 0.000000, 
99.388016, 0.000000, 
99.951096, 0.000000, 
100.143532, 0.000000, 
100.338348, 0.000000, 
101.147034, 0.000000, 
101.452141, 0.000000, 
102.314270, 0.000000, 
103.249054, 0.000000, 
104.185188, 0.000000, 
106.246193, 0.000000, 
109.128677, 0.000000, 
109.566254, 0.000000, 
111.122093, 0.000000, 
111.912804, 0.000000, 
113.336052, 0.000000, 
114.717560, 0.000000, 
114.960884, 0.000000, 
115.064194, 0.000000, 
115.383888, 0.000000, 
115.922508, 0.000000, 
116.870705, 0.000000, 
121.206566, 0.000000, 
122.066422, 0.000000, 
122.986588, 0.000000, 
124.554276, 0.000000, 
126.201553, 0.000000, 
126.646332, 0.000000, 
126.711647, 0.000000, 
127.384483, 0.000000, 
127.773712, 0.000000, 
127.839043, 0.000000, 
128.105103, 0.000000, 
129.532700, 0.000000, 
129.664978, 0.000000, 
129.781097, 0.000000, 
130.387512, 0.000000, 
131.695084, 0.000000, 
132.390030, 0.000000, 
133.605087, 0.000000, 
134.375275, 0.000000, 
134.377304, 0.000000, 
135.434219, 0.000000, 
137.869064, 0.000000, 
138.685928, 0.000000, 
139.101837, 0.000000, 
139.458862, 0.000000, 
141.140320, 0.000000, 
144.616074, 0.000000, 
144.649307, 0.000000, 
145.425262, 0.000000, 
145.707687, 0.000000, 
145.938080, 0.000000, 
147.316177, 0.000000, 
147.351822, 0.000000, 
148.056259, 0.000000, 
148.439590, 0.000000, 
148.510788, 0.000000, 
149.932404, 0.000000, 
151.600967, 0.000000, 
153.043198, 0.000000, 
153.081131, 0.000000, 
153.816238, 0.000000, 
154.252136, 0.000000, 
154.758499, 0.000000, 
155.279846, 0.000000, 
155.432587, 0.000000, 
155.989990, 0.000000, 
157.361603, 0.000000, 
159.823639, 0.000000, 
160.235794, 0.000000, 
161.778564, 0.000000, 
161.833084, 0.000000, 
162.735611, 0.000000, 
162.999573, 0.000000, 
166.766907, 0.000000, 
167.222977, 0.000000, 
169.089828, 0.000000, 
169.401917, 0.000000, 
172.252197, 0.000000, 
172.440659, 0.000000, 
173.196579, 0.000000, 
173.732605, 0.000000, 
173.948929, 0.000000, 
174.850677, 0.000000, 
174.920868, 0.000000, 
175.375397, 0.000000, 
175.807480, 0.000000, 
176.304062, 0.000000, 
178.153656, 0.000000, 
178.386261, 0.000000, 
178.512375, 0.000000, 
179.057510, 0.000000, 
180.134842, 0.000000, 
180.593109, 0.000000, 
181.143127, 0.000000, 
181.667770, 0.000000, 
182.197266, 0.000000, 
182.223663, 0.000000, 
185.142181, 0.000000, 
185.307266, 0.000000, 
185.519485, 0.000000, 
186.552933, 0.000000, 
188.042908, 0.000000, 
188.790451, 0.000000, 
190.376297, 0.000000, 
190.453903, 0.000000, 
193.160721, 0.000000, 
198.088074, 0.000000, 
198.775711, 0.000000, 
