0.696405, 0.000000, 
0.970886, 0.000000, 
1.402841, 0.000000, 
2.609679, 0.000000, 
2.918136, 0.000000, 
3.506350, 0.000000, 
3.777723, 0.000000, 
4.217104, 0.000000, 
6.087664, 0.000000, 
6.510846, 0.000000, 
7.327983, 0.000000, 
8.462983, 0.000000, 
8.829313, 0.000000, 
9.584366, 0.000000, 
9.735033, 0.000000, 
10.313538, 0.000000, 
10.516438, 0.000000, 
11.058333, 0.000000, 
11.064782, 0.000000, 
12.651280, 0.000000, 
13.667560, 0.000000, 
13.824212, 0.000000, 
13.995426, 0.000000, 
14.629138, 0.000000, 
14.693048, 0.000000, 
15.642845, 0.000000, 
15.875585, 0.000000, 
17.023058, 0.000000, 
17.320347, 0.000000, 
17.528044, 0.000000, 
18.600182, 0.000000, 
21.578495, 0.000000, 
23.069382, 0.000000, 
23.386786, 0.000000, 
23.797081, 0.000000, 
26.190699, 0.000000, 
26.664654, 0.000000, 
26.843119, 0.000000, 
27.959249, 0.000000, 
27.993380, 0.000000, 
29.540987, 0.000000, 
29.754473, 0.000000, 
33.640354, 0.000000, 
34.572826, 0.000000, 
35.042538, 0.000000, 
35.780159, 0.000000, 
36.638866, 0.000000, 
37.115875, 0.000000, 
39.595173, 0.000000, 
39.670086, 0.000000, 
40.566895, 0.000000, 
41.350616, 0.000000, 
42.787907, 0.000000, 
42.807899, 0.000000, 
45.909496, 0.000000, 
45.917404, 0.000000, 
47.976334, 0.000000, 
48.479591, 0.000000, 
50.250996, 0.000000, 
50.819141, 0.000000, 
51.448986, 0.000000, 
51.517502, 0.000000, 
53.183872, 0.000000, 
55.388565, 0.000000, 
56.175179, 0.000000, 
58.709251, 0.000000, 
59.053776, 0.000000, 
59.162914, 0.000000, 
59.724884, 0.000000, 
60.845737, 0.000000, 
62.580055, 0.000000, 
63.260216, 0.000000, 
65.540688, 0.000000, 
65.594559, 0.000000, 
66.122879, 0.000000, 
66.256271, 0.000000, 
66.774719, 0.000000, 
66.880295, 0.000000, 
68.771286, 0.000000, 
69.492767, 0.000000, 
70.636154, 0.000000, 
70.639923, 0.000000, 
71.385628, 0.000000, 
72.301201, 0.000000, 
72.518768, 0.000000, 
74.183334, 0.000000, 
76.274994, 0.000000, 
76.473610, 0.000000, 
78.232582, 0.000000, 
78.549431, 0.000000, 
79.073250, 0.000000, 
80.688263, 0.000000, 
82.133789, 0.000000, 
83.082443, 0.000000, 
83.999146, 0.000000, 
84.941216, 0.000000, 
85.464943, 0.000000, 
87.981705, 0.000000, 
89.065613, 0.000000, 
89.313217, 0.000000, 
89.745010, 0.000000, 
90.984894, 0.000000, 
93.083626, 0.000000, 
94.637245, 0.000000, 
95.666222, 0.000000, 
98.979614, 0.000000, 
103.372749, 0.000000, 
104.268654, 0.000000, 
104.323975, 0.000000, 
104.371361, 0.000000, 
105.290901, 0.000000, 
105.650330, 0.000000, 
105.892387, 0.000000, 
106.398216, 0.000000, 
107.528465, 0.000000, 
110.711861, 0.000000, 
112.678490, 0.000000, 
112.887627, 0.000000, 
115.246170, 0.000000, 
115.582771, 0.000000, 
115.776764, 0.000000, 
117.730263, 0.000000, 
117.770927, 0.000000, 
118.823212, 0.000000, 
120.232948, 0.000000, 
120.243172, 0.000000, 
121.018158, 0.000000, 
121.464287, 0.000000, 
121.724098, 0.000000, 
123.925430, 0.000000, 
127.778603, 0.000000, 
128.381302, 0.000000, 
128.871002, 0.000000, 
129.155914, 0.000000, 
130.844498, 0.000000, 
131.582077, 0.000000, 
132.794662, 0.000000, 
132.833389, 0.000000, 
132.863815, 0.000000, 
133.305939, 0.000000, 
134.279419, 0.000000, 
137.734802, 0.000000, 
137.992447, 0.000000, 
139.462555, 0.000000, 
139.570847, 0.000000, 
139.881973, 0.000000, 
140.217453, 0.000000, 
142.475082, 0.000000, 
142.643402, 0.000000, 
143.238434, 0.000000, 
145.273544, 0.000000, 
145.497910, 0.000000, 
148.592300, 0.000000, 
149.304504, 0.000000, 
150.468857, 0.000000, 
150.551056, 0.000000, 
151.928864, 0.000000, 
153.207962, 0.000000, 
156.084961, 0.000000, 
156.107391, 0.000000, 
156.271042, 0.000000, 
158.050079, 0.000000, 
159.132706, 0.000000, 
161.199600, 0.000000, 
162.125259, 0.000000, 
162.809006, 0.000000, 
163.572067, 0.000000, 
164.342575, 0.000000, 
167.630035, 0.000000, 
167.736450, 0.000000, 
167.765121, 0.000000, 
167.912064, 0.000000, 
168.718155, 0.000000, 
172.486343, 0.000000, 
172.853943, 0.000000, 
174.718887, 0.000000, 
176.211761, 0.000000, 
177.001770, 0.000000, 
177.262009, 0.000000, 
178.257660, 0.000000, 
178.381668, 0.000000, 
180.753021, 0.000000, 
183.236969, 0.000000, 
183.690628, 0.000000, 
184.114532, 0.000000, 
184.433945, 0.000000, 
184.525909, 0.000000, 
184.568832, 0.000000, 
185.391571, 0.000000, 
185.731262, 0.000000, 
189.982193, 0.000000, 
190.214844, 0.000000, 
190.839081, 0.000000, 
191.238312, 0.000000, 
191.917389, 0.000000, 
196.083710, 0.000000, 
196.439224, 0.000000, 
196.745087, 0.000000, 
196.861343, 0.000000, 
198.251022, 0.000000, 
