0.232314, 0.000000, 
0.680392, 0.000000, 
1.980018, 0.000000, 
2.262948, 0.000000, 
5.251825, 0.000000, 
6.388172, 0.000000, 
7.093386, 0.000000, 
7.211163, 0.000000, 
11.580889, 0.000000, 
11.770650, 0.000000, 
12.091956, 0.000000, 
12.982596, 0.000000, 
13.118602, 0.000000, 
14.656116, 0.000000, 
15.148474, 0.000000, 
15.243214, 0.000000, 
15.493934, 0.000000, 
15.514405, 0.000000, 
19.431822, 0.000000, 
22.631748, 0.000000, 
22.812778, 0.000000, 
24.535355, 0.000000, 
25.413500, 0.000000, 
26.062189, 0.000000, 
26.503950, 0.000000, 
27.488693, 0.000000, 
28.321190, 0.000000, 
28.677267, 0.000000, 
29.983860, 0.000000, 
30.177383, 0.000000, 
30.205269, 0.000000, 
32.305138, 0.000000, 
32.560829, 0.000000, 
32.617508, 0.000000, 
32.850658, 0.000000, 
33.084087, 0.000000, 
35.130863, 0.000000, 
35.692589, 0.000000, 
38.168350, 0.000000, 
38.416809, 0.000000, 
39.291981, 0.000000, 
39.706001, 0.000000, 
39.938435, 0.000000, 
41.105831, 0.000000, 
41.423771, 0.000000, 
42.759975, 0.000000, 
43.736538, 0.000000, 
45.357338, 0.000000, 
45.700909, 0.000000, 
47.145061, 0.000000, 
48.256111, 0.000000, 
49.214016, 0.000000, 
52.585060, 0.000000, 
54.464741, 0.000000, 
54.788498, 0.000000, 
57.846283, 0.000000, 
58.017971, 0.000000, 
58.790577, 0.000000, 
60.867180, 0.000000, 
63.407101, 0.000000, 
63.495941, 0.000000, 
63.830624, 0.000000, 
64.378838, 0.000000, 
66.018089, 0.000000, 
67.031113, 0.000000, 
67.332809, 0.000000, 
67.413544, 0.000000, 
67.456406, 0.000000, 
69.090256, 0.000000, 
69.403130, 0.000000, 
72.551292, 0.000000, 
73.798355, 0.000000, 
73.897224, 0.000000, 
74.851196, 0.000000, 
75.954330, 0.000000, 
76.049179, 0.000000, 
76.277733, 0.000000, 
76.908943, 0.000000, 
77.490669, 0.000000, 
77.741806, 0.000000, 
78.455116, 0.000000, 
80.372002, 0.000000, 
80.913513, 0.000000, 
81.978951, 0.000000, 
82.718674, 0.000000, 
83.452446, 0.000000, 
84.835663, 0.000000, 
85.712074, 0.000000, 
86.274269, 0.000000, 
86.529892, 0.000000, 
87.118820, 0.000000, 
90.992790, 0.000000, 
93.577988, 0.000000, 
93.585464, 0.000000, 
94.115608, 0.000000, 
94.267326, 0.000000, 
95.566902, 0.000000, 
95.703003, 0.000000, 
96.774780, 0.000000, 
98.196236, 0.000000, 
99.178413, 0.000000, 
102.980957, 0.000000, 
103.118996, 0.000000, 
103.212067, 0.000000, 
104.016350, 0.000000, 
104.298790, 0.000000, 
104.918007, 0.000000, 
106.187637, 0.000000, 
106.910271, 0.000000, 
107.708679, 0.000000, 
108.844841, 0.000000, 
111.035782, 0.000000, 
111.852242, 0.000000, 
111.902199, 0.000000, 
112.407013, 0.000000, 
113.414185, 0.000000, 
113.525551, 0.000000, 
113.635780, 0.000000, 
115.128387, 0.000000, 
115.619896, 0.000000, 
115.704941, 0.000000, 
115.735779, 0.000000, 
116.361832, 0.000000, 
118.156479, 0.000000, 
118.865257, 0.000000, 
122.020012, 0.000000, 
122.165436, 0.000000, 
122.193054, 0.000000, 
123.085396, 0.000000, 
128.247849, 0.000000, 
128.369324, 0.000000, 
128.386765, 0.000000, 
132.751144, 0.000000, 
136.291687, 0.000000, 
136.674591, 0.000000, 
136.995697, 0.000000, 
138.362717, 0.000000, 
138.859467, 0.000000, 
138.919601, 0.000000, 
139.544006, 0.000000, 
142.959717, 0.000000, 
143.062225, 0.000000, 
145.011475, 0.000000, 
145.337219, 0.000000, 
149.000443, 0.000000, 
150.143875, 0.000000, 
150.208710, 0.000000, 
150.851654, 0.000000, 
151.010803, 0.000000, 
152.582657, 0.000000, 
153.120178, 0.000000, 
153.324921, 0.000000, 
154.683945, 0.000000, 
155.656769, 0.000000, 
158.018097, 0.000000, 
158.336533, 0.000000, 
159.371246, 0.000000, 
160.737015, 0.000000, 
161.068008, 0.000000, 
161.876144, 0.000000, 
162.356155, 0.000000, 
164.035492, 0.000000, 
164.188843, 0.000000, 
164.210083, 0.000000, 
164.399979, 0.000000, 
165.467407, 0.000000, 
166.588043, 0.000000, 
167.515137, 0.000000, 
169.419388, 0.000000, 
170.149231, 0.000000, 
170.758194, 0.000000, 
171.990784, 0.000000, 
172.428650, 0.000000, 
172.811127, 0.000000, 
173.400314, 0.000000, 
173.468109, 0.000000, 
174.390442, 0.000000, 
174.462265, 0.000000, 
176.145752, 0.000000, 
177.047012, 0.000000, 
177.487854, 0.000000, 
177.646484, 0.000000, 
179.924576, 0.000000, 
181.845261, 0.000000, 
183.911514, 0.000000, 
184.411499, 0.000000, 
185.896194, 0.000000, 
186.104446, 0.000000, 
187.614243, 0.000000, 
187.747314, 0.000000, 
188.997986, 0.000000, 
189.300690, 0.000000, 
192.738419, 0.000000, 
192.799240, 0.000000, 
192.823532, 0.000000, 
196.770096, 0.000000, 
196.925858, 0.000000, 
197.341064, 0.000000, 
197.568573, 0.000000, 
197.854401, 0.000000, 
