1.591051, 0.000000, 
5.496963, 0.000000, 
5.777868, 0.000000, 
6.230037, 0.000000, 
6.892789, 0.000000, 
7.427981, 0.000000, 
7.506650, 0.000000, 
8.085115, 0.000000, 
9.342403, 0.000000, 
9.406909, 0.000000, 
10.926755, 0.000000, 
12.980130, 0.000000, 
14.719554, 0.000000, 
14.971658, 0.000000, 
15.219069, 0.000000, 
16.164366, 0.000000, 
17.090601, 0.000000, 
17.139215, 0.000000, 
18.304560, 0.000000, 
19.117071, 0.000000, 
19.442680, 0.000000, 
21.642221, 0.000000, 
21.938961, 0.000000, 
22.707434, 0.000000, 
24.038736, 0.000000, 
24.279993, 0.000000, 
24.700502, 0.000000, 
26.268194, 0.000000, 
27.422434, 0.000000, 
29.388624, 0.000000, 
29.837009, 0.000000, 
30.986723, 0.000000, 
31.053020, 0.000000, 
32.143379, 0.000000, 
32.294949, 0.000000, 
32.757908, 0.000000, 
35.604950, 0.000000, 
36.520420, 0.000000, 
37.624195, 0.000000, 
41.043308, 0.000000, 
41.794430, 0.000000, 
41.844669, 0.000000, 
43.486481, 0.000000, 
43.981800, 0.000000, 
44.358578, 0.000000, 
44.661922, 0.000000, 
44.822720, 0.000000, 
45.742672, 0.000000, 
46.820999, 0.000000, 
47.151138, 0.000000, 
48.010002, 0.000000, 
49.007889, 0.000000, 
49.246387, 0.000000, 
50.453064, 0.000000, 
51.458252, 0.000000, 
51.560104, 0.000000, 
52.120182, 0.000000, 
53.842102, 0.000000, 
54.455013, 0.000000, 
54.559593, 0.000000, 
54.699329, 0.000000, 
54.791847, 0.000000, 
54.797554, 0.000000, 
55.706028, 0.000000, 
57.163242, 0.000000, 
57.282505, 0.000000, 
57.915787, 0.000000, 
57.917679, 0.000000, 
59.788826, 0.000000, 
60.350796, 0.000000, 
60.909615, 0.000000, 
61.404408, 0.000000, 
62.253910, 0.000000, 
62.923557, 0.000000, 
63.007435, 0.000000, 
63.330009, 0.000000, 
64.579498, 0.000000, 
65.841995, 0.000000, 
66.804871, 0.000000, 
66.875694, 0.000000, 
67.242218, 0.000000, 
67.746696, 0.000000, 
69.805283, 0.000000, 
71.979309, 0.000000, 
72.274124, 0.000000, 
77.072662, 0.000000, 
77.298737, 0.000000, 
77.490219, 0.000000, 
78.038361, 0.000000, 
80.383545, 0.000000, 
82.953232, 0.000000, 
86.316399, 0.000000, 
89.431625, 0.000000, 
89.846992, 0.000000, 
91.421242, 0.000000, 
91.953003, 0.000000, 
92.495178, 0.000000, 
92.642075, 0.000000, 
93.003242, 0.000000, 
93.728020, 0.000000, 
94.709831, 0.000000, 
95.577248, 0.000000, 
98.369858, 0.000000, 
98.835220, 0.000000, 
100.354660, 0.000000, 
101.747986, 0.000000, 
103.512398, 0.000000, 
103.779617, 0.000000, 
103.806458, 0.000000, 
103.917824, 0.000000, 
105.208366, 0.000000, 
105.591263, 0.000000, 
105.702751, 0.000000, 
106.481697, 0.000000, 
110.145432, 0.000000, 
110.204758, 0.000000, 
110.886345, 0.000000, 
111.146530, 0.000000, 
112.642349, 0.000000, 
112.731201, 0.000000, 
112.932655, 0.000000, 
113.133308, 0.000000, 
113.833397, 0.000000, 
114.812019, 0.000000, 
115.297859, 0.000000, 
116.985298, 0.000000, 
119.721695, 0.000000, 
120.293472, 0.000000, 
121.131744, 0.000000, 
121.550682, 0.000000, 
122.808296, 0.000000, 
125.200302, 0.000000, 
126.089142, 0.000000, 
126.475967, 0.000000, 
129.621231, 0.000000, 
131.762878, 0.000000, 
132.015152, 0.000000, 
132.686600, 0.000000, 
133.851044, 0.000000, 
134.165970, 0.000000, 
135.451004, 0.000000, 
137.440231, 0.000000, 
138.503189, 0.000000, 
139.438477, 0.000000, 
139.788773, 0.000000, 
140.161469, 0.000000, 
143.036652, 0.000000, 
143.930344, 0.000000, 
144.835907, 0.000000, 
144.995865, 0.000000, 
148.726334, 0.000000, 
149.502106, 0.000000, 
150.581039, 0.000000, 
151.825363, 0.000000, 
152.063004, 0.000000, 
152.617035, 0.000000, 
153.757141, 0.000000, 
155.620483, 0.000000, 
155.841446, 0.000000, 
157.986954, 0.000000, 
158.820663, 0.000000, 
161.980438, 0.000000, 
162.237320, 0.000000, 
165.110611, 0.000000, 
166.113159, 0.000000, 
167.580444, 0.000000, 
167.964249, 0.000000, 
170.129120, 0.000000, 
171.088974, 0.000000, 
172.402435, 0.000000, 
172.672318, 0.000000, 
172.758362, 0.000000, 
172.822723, 0.000000, 
173.447266, 0.000000, 
173.777710, 0.000000, 
175.104675, 0.000000, 
177.136795, 0.000000, 
177.738678, 0.000000, 
178.827911, 0.000000, 
179.420425, 0.000000, 
180.921799, 0.000000, 
181.317627, 0.000000, 
182.681259, 0.000000, 
182.749176, 0.000000, 
185.456085, 0.000000, 
185.594025, 0.000000, 
185.722595, 0.000000, 
188.438370, 0.000000, 
188.652267, 0.000000, 
189.644470, 0.000000, 
191.657593, 0.000000, 
193.800720, 0.000000, 
194.796204, 0.000000, 
194.985901, 0.000000, 
195.870972, 0.000000, 
196.369232, 0.000000, 
196.936584, 0.000000, 
198.495590, 0.000000, 
198.868912, 0.000000, 
199.939941, 0.000000, 
