0.797572, 0.000000, 
1.104929, 0.000000, 
2.351986, 0.000000, 
2.820089, 0.000000, 
3.190688, 0.000000, 
3.613039, 0.000000, 
3.880321, 0.000000, 
4.431273, 0.000000, 
5.040705, 0.000000, 
6.586787, 0.000000, 
7.806594, 0.000000, 
8.117588, 0.000000, 
8.604772, 0.000000, 
11.481039, 0.000000, 
11.743337, 0.000000, 
13.034581, 0.000000, 
13.647262, 0.000000, 
13.831498, 0.000000, 
14.049680, 0.000000, 
18.927748, 0.000000, 
19.916761, 0.000000, 
20.384405, 0.000000, 
21.897415, 0.000000, 
23.063036, 0.000000, 
24.987062, 0.000000, 
25.370192, 0.000000, 
25.620773, 0.000000, 
25.742050, 0.000000, 
25.807425, 0.000000, 
26.793470, 0.000000, 
26.881815, 0.000000, 
28.348326, 0.000000, 
28.591795, 0.000000, 
30.144547, 0.000000, 
30.212540, 0.000000, 
30.436209, 0.000000, 
31.490738, 0.000000, 
32.006454, 0.000000, 
32.718220, 0.000000, 
35.373211, 0.000000, 
36.362930, 0.000000, 
36.363739, 0.000000, 
36.620743, 0.000000, 
37.516159, 0.000000, 
38.792027, 0.000000, 
39.984810, 0.000000, 
40.812141, 0.000000, 
42.468575, 0.000000, 
43.553001, 0.000000, 
46.184719, 0.000000, 
48.033390, 0.000000, 
49.212463, 0.000000, 
50.910133, 0.000000, 
52.857246, 0.000000, 
54.559486, 0.000000, 
55.008564, 0.000000, 
55.994953, 0.000000, 
57.397366, 0.000000, 
60.785625, 0.000000, 
61.378704, 0.000000, 
62.133087, 0.000000, 
64.223137, 0.000000, 
64.498085, 0.000000, 
64.849899, 0.000000, 
65.526405, 0.000000, 
66.729858, 0.000000, 
67.001724, 0.000000, 
67.154625, 0.000000, 
67.172554, 0.000000, 
67.363503, 0.000000, 
67.808838, 0.000000, 
67.978363, 0.000000, 
67.997238, 0.000000, 
68.461311, 0.000000, 
70.361336, 0.000000, 
70.651115, 0.000000, 
72.179237, 0.000000, 
72.505043, 0.000000, 
72.742584, 0.000000, 
72.779099, 0.000000, 
72.895561, 0.000000, 
73.459465, 0.000000, 
73.491417, 0.000000, 
76.070869, 0.000000, 
77.471230, 0.000000, 
79.555847, 0.000000, 
80.018944, 0.000000, 
80.038864, 0.000000, 
80.275307, 0.000000, 
81.628120, 0.000000, 
82.090477, 0.000000, 
87.037720, 0.000000, 
87.450134, 0.000000, 
87.933937, 0.000000, 
90.015205, 0.000000, 
91.269737, 0.000000, 
91.932648, 0.000000, 
92.095612, 0.000000, 
93.078888, 0.000000, 
95.915703, 0.000000, 
98.996506, 0.000000, 
99.130432, 0.000000, 
99.303452, 0.000000, 
99.893219, 0.000000, 
100.426865, 0.000000, 
100.602982, 0.000000, 
100.776474, 0.000000, 
100.974213, 0.000000, 
101.984871, 0.000000, 
102.021660, 0.000000, 
102.185448, 0.000000, 
103.733788, 0.000000, 
104.498169, 0.000000, 
105.126938, 0.000000, 
105.270477, 0.000000, 
106.192673, 0.000000, 
107.815094, 0.000000, 
108.491798, 0.000000, 
108.870499, 0.000000, 
109.286316, 0.000000, 
110.817184, 0.000000, 
112.234413, 0.000000, 
113.836006, 0.000000, 
117.228745, 0.000000, 
118.203323, 0.000000, 
122.368652, 0.000000, 
123.726326, 0.000000, 
125.195137, 0.000000, 
125.362450, 0.000000, 
125.981712, 0.000000, 
126.380463, 0.000000, 
126.553978, 0.000000, 
127.674988, 0.000000, 
127.735031, 0.000000, 
128.233887, 0.000000, 
128.977188, 0.000000, 
132.442062, 0.000000, 
133.326782, 0.000000, 
134.177505, 0.000000, 
134.529633, 0.000000, 
135.768814, 0.000000, 
136.683578, 0.000000, 
137.391281, 0.000000, 
138.766632, 0.000000, 
139.796051, 0.000000, 
139.804276, 0.000000, 
142.689590, 0.000000, 
143.894318, 0.000000, 
144.718918, 0.000000, 
145.023361, 0.000000, 
145.174530, 0.000000, 
145.288452, 0.000000, 
147.474701, 0.000000, 
147.555603, 0.000000, 
148.019913, 0.000000, 
149.048904, 0.000000, 
150.003769, 0.000000, 
150.856522, 0.000000, 
152.027176, 0.000000, 
152.323044, 0.000000, 
153.156235, 0.000000, 
153.549637, 0.000000, 
153.880096, 0.000000, 
154.321991, 0.000000, 
155.191772, 0.000000, 
155.400528, 0.000000, 
156.968765, 0.000000, 
157.197830, 0.000000, 
158.079788, 0.000000, 
160.116760, 0.000000, 
161.842651, 0.000000, 
165.290344, 0.000000, 
168.580139, 0.000000, 
168.587158, 0.000000, 
170.166550, 0.000000, 
170.789978, 0.000000, 
171.279480, 0.000000, 
173.358398, 0.000000, 
173.656647, 0.000000, 
175.358185, 0.000000, 
176.215073, 0.000000, 
176.259491, 0.000000, 
176.688004, 0.000000, 
179.881683, 0.000000, 
181.106567, 0.000000, 
181.253357, 0.000000, 
181.324554, 0.000000, 
183.164459, 0.000000, 
184.662872, 0.000000, 
185.480881, 0.000000, 
187.205704, 0.000000, 
187.368698, 0.000000, 
189.420914, 0.000000, 
189.757751, 0.000000, 
190.196854, 0.000000, 
190.433029, 0.000000, 
190.482101, 0.000000, 
192.712189, 0.000000, 
196.335281, 0.000000, 
198.464554, 0.000000, 
