1.046756, 0.000000, 
2.281167, 0.000000, 
3.735024, 0.000000, 
3.880892, 0.000000, 
4.577993, 0.000000, 
5.131414, 0.000000, 
5.584442, 0.000000, 
6.081659, 0.000000, 
6.573988, 0.000000, 
6.968131, 0.000000, 
7.681540, 0.000000, 
8.025596, 0.000000, 
8.056049, 0.000000, 
11.327937, 0.000000, 
12.110614, 0.000000, 
12.555630, 0.000000, 
13.272864, 0.000000, 
14.635866, 0.000000, 
16.986883, 0.000000, 
17.160753, 0.000000, 
19.189327, 0.000000, 
21.236071, 0.000000, 
21.816280, 0.000000, 
22.339218, 0.000000, 
23.390108, 0.000000, 
24.642351, 0.000000, 
26.076792, 0.000000, 
26.140472, 0.000000, 
29.609629, 0.000000, 
30.579437, 0.000000, 
31.217932, 0.000000, 
31.508505, 0.000000, 
32.316452, 0.000000, 
32.346909, 0.000000, 
33.219788, 0.000000, 
33.361938, 0.000000, 
34.320671, 0.000000, 
35.552189, 0.000000, 
35.660156, 0.000000, 
38.175095, 0.000000, 
38.822464, 0.000000, 
39.591599, 0.000000, 
39.727077, 0.000000, 
39.886387, 0.000000, 
40.807373, 0.000000, 
41.521103, 0.000000, 
44.284271, 0.000000, 
44.558952, 0.000000, 
46.133709, 0.000000, 
47.846825, 0.000000, 
49.768486, 0.000000, 
52.211239, 0.000000, 
52.802067, 0.000000, 
54.064056, 0.000000, 
54.085579, 0.000000, 
54.449448, 0.000000, 
54.690800, 0.000000, 
54.845558, 0.000000, 
55.641815, 0.000000, 
57.000980, 0.000000, 
58.074966, 0.000000, 
62.384380, 0.000000, 
63.722046, 0.000000, 
64.012695, 0.000000, 
66.068672, 0.000000, 
66.936592, 0.000000, 
67.653831, 0.000000, 
67.797928, 0.000000, 
69.128738, 0.000000, 
72.228195, 0.000000, 
74.276649, 0.000000, 
75.166878, 0.000000, 
77.993553, 0.000000, 
78.880226, 0.000000, 
78.979851, 0.000000, 
80.057755, 0.000000, 
80.418045, 0.000000, 
82.513184, 0.000000, 
82.873764, 0.000000, 
83.435234, 0.000000, 
84.562775, 0.000000, 
86.429230, 0.000000, 
87.131989, 0.000000, 
87.413620, 0.000000, 
87.903709, 0.000000, 
88.447227, 0.000000, 
90.281227, 0.000000, 
90.566177, 0.000000, 
92.934006, 0.000000, 
94.034401, 0.000000, 
94.130455, 0.000000, 
94.131042, 0.000000, 
94.318779, 0.000000, 
94.928253, 0.000000, 
95.341606, 0.000000, 
95.407570, 0.000000, 
95.488480, 0.000000, 
95.712112, 0.000000, 
95.930725, 0.000000, 
96.646889, 0.000000, 
96.911705, 0.000000, 
99.031357, 0.000000, 
101.845802, 0.000000, 
103.700211, 0.000000, 
105.750725, 0.000000, 
106.928696, 0.000000, 
106.954842, 0.000000, 
109.013802, 0.000000, 
110.148468, 0.000000, 
110.163765, 0.000000, 
110.679970, 0.000000, 
110.751915, 0.000000, 
113.629646, 0.000000, 
113.805893, 0.000000, 
114.151802, 0.000000, 
114.597870, 0.000000, 
115.246094, 0.000000, 
116.183449, 0.000000, 
116.474846, 0.000000, 
117.479263, 0.000000, 
118.317741, 0.000000, 
120.043831, 0.000000, 
120.482536, 0.000000, 
121.908218, 0.000000, 
121.945015, 0.000000, 
125.121490, 0.000000, 
125.377625, 0.000000, 
125.783325, 0.000000, 
125.923508, 0.000000, 
126.202499, 0.000000, 
126.823166, 0.000000, 
126.830009, 0.000000, 
127.652565, 0.000000, 
129.532593, 0.000000, 
129.586670, 0.000000, 
131.408646, 0.000000, 
131.975311, 0.000000, 
132.007950, 0.000000, 
132.744644, 0.000000, 
133.056732, 0.000000, 
134.742950, 0.000000, 
139.115509, 0.000000, 
139.540695, 0.000000, 
139.809631, 0.000000, 
145.559448, 0.000000, 
145.702698, 0.000000, 
146.475510, 0.000000, 
148.041687, 0.000000, 
148.230576, 0.000000, 
149.991943, 0.000000, 
150.159592, 0.000000, 
150.327881, 0.000000, 
150.336365, 0.000000, 
150.997711, 0.000000, 
153.377625, 0.000000, 
153.476395, 0.000000, 
155.355972, 0.000000, 
155.979294, 0.000000, 
156.369370, 0.000000, 
157.218781, 0.000000, 
157.673584, 0.000000, 
158.040878, 0.000000, 
158.205246, 0.000000, 
158.561127, 0.000000, 
159.196823, 0.000000, 
162.333145, 0.000000, 
163.902603, 0.000000, 
163.925522, 0.000000, 
166.071777, 0.000000, 
166.392639, 0.000000, 
166.577911, 0.000000, 
166.620087, 0.000000, 
167.970963, 0.000000, 
168.155945, 0.000000, 
169.660339, 0.000000, 
170.252579, 0.000000, 
173.087585, 0.000000, 
174.912476, 0.000000, 
177.515488, 0.000000, 
179.534332, 0.000000, 
180.084030, 0.000000, 
181.197357, 0.000000, 
182.943100, 0.000000, 
182.996124, 0.000000, 
184.064667, 0.000000, 
186.404190, 0.000000, 
186.689270, 0.000000, 
186.690292, 0.000000, 
187.049866, 0.000000, 
188.005463, 0.000000, 
188.076324, 0.000000, 
189.484924, 0.000000, 
192.127762, 0.000000, 
192.678619, 0.000000, 
193.788727, 0.000000, 
196.579941, 0.000000, 
197.898804, 0.000000, 
199.064041, 0.000000, 
199.299530, 0.000000, 
199.940704, 0.000000, 
