1.124572, 0.000000, 
1.236584, 0.000000, 
1.688141, 0.000000, 
3.477261, 0.000000, 
5.214281, 0.000000, 
5.795109, 0.000000, 
5.953164, 0.000000, 
8.270403, 0.000000, 
9.699198, 0.000000, 
10.610586, 0.000000, 
14.451296, 0.000000, 
16.195749, 0.000000, 
16.845110, 0.000000, 
16.857752, 0.000000, 
18.249794, 0.000000, 
20.338053, 0.000000, 
22.393534, 0.000000, 
23.023306, 0.000000, 
23.427139, 0.000000, 
24.343208, 0.000000, 
26.533993, 0.000000, 
28.468704, 0.000000, 
28.580702, 0.000000, 
31.271450, 0.000000, 
31.372215, 0.000000, 
33.191639, 0.000000, 
33.352211, 0.000000, 
34.394402, 0.000000, 
34.644497, 0.000000, 
36.130257, 0.000000, 
36.491196, 0.000000, 
36.557003, 0.000000, 
36.716610, 0.000000, 
37.205013, 0.000000, 
37.633499, 0.000000, 
38.628475, 0.000000, 
39.386257, 0.000000, 
40.089321, 0.000000, 
40.916077, 0.000000, 
41.031723, 0.000000, 
41.628361, 0.000000, 
42.136089, 0.000000, 
45.679634, 0.000000, 
45.790497, 0.000000, 
46.405197, 0.000000, 
46.565594, 0.000000, 
47.647900, 0.000000, 
49.620281, 0.000000, 
49.779804, 0.000000, 
50.707024, 0.000000, 
51.897137, 0.000000, 
52.059940, 0.000000, 
52.490833, 0.000000, 
52.501823, 0.000000, 
52.733532, 0.000000, 
53.105583, 0.000000, 
53.403458, 0.000000, 
54.435608, 0.000000, 
56.350594, 0.000000, 
57.120651, 0.000000, 
59.292355, 0.000000, 
60.531372, 0.000000, 
65.350243, 0.000000, 
65.695885, 0.000000, 
65.766777, 0.000000, 
66.182831, 0.000000, 
69.879051, 0.000000, 
72.129013, 0.000000, 
72.261078, 0.000000, 
72.516693, 0.000000, 
74.770958, 0.000000, 
78.151573, 0.000000, 
80.459373, 0.000000, 
81.856766, 0.000000, 
83.377892, 0.000000, 
84.281494, 0.000000, 
84.565918, 0.000000, 
84.735237, 0.000000, 
85.022171, 0.000000, 
85.861244, 0.000000, 
87.781006, 0.000000, 
90.662277, 0.000000, 
91.813774, 0.000000, 
92.194290, 0.000000, 
93.584335, 0.000000, 
93.986862, 0.000000, 
96.339172, 0.000000, 
96.673737, 0.000000, 
97.522682, 0.000000, 
98.481789, 0.000000, 
98.608612, 0.000000, 
99.423775, 0.000000, 
100.542206, 0.000000, 
102.199684, 0.000000, 
103.110855, 0.000000, 
105.054344, 0.000000, 
106.939568, 0.000000, 
107.547722, 0.000000, 
108.654976, 0.000000, 
110.577866, 0.000000, 
110.874664, 0.000000, 
111.284958, 0.000000, 
111.435059, 0.000000, 
111.480865, 0.000000, 
112.234543, 0.000000, 
112.471642, 0.000000, 
113.596184, 0.000000, 
114.199524, 0.000000, 
117.790947, 0.000000, 
117.911217, 0.000000, 
118.099358, 0.000000, 
118.712341, 0.000000, 
119.745918, 0.000000, 
122.457718, 0.000000, 
122.623398, 0.000000, 
122.647049, 0.000000, 
122.732758, 0.000000, 
123.925583, 0.000000, 
124.234543, 0.000000, 
127.126450, 0.000000, 
127.653770, 0.000000, 
127.811401, 0.000000, 
128.850662, 0.000000, 
131.579865, 0.000000, 
132.067383, 0.000000, 
132.116852, 0.000000, 
132.503922, 0.000000, 
132.525681, 0.000000, 
134.344925, 0.000000, 
134.585739, 0.000000, 
134.907913, 0.000000, 
134.940887, 0.000000, 
136.391800, 0.000000, 
136.997437, 0.000000, 
137.393021, 0.000000, 
137.737000, 0.000000, 
138.091370, 0.000000, 
139.905365, 0.000000, 
141.485291, 0.000000, 
142.069824, 0.000000, 
142.300568, 0.000000, 
142.362305, 0.000000, 
146.288055, 0.000000, 
146.291092, 0.000000, 
146.482376, 0.000000, 
146.842529, 0.000000, 
146.870148, 0.000000, 
147.059738, 0.000000, 
148.840485, 0.000000, 
150.574844, 0.000000, 
151.155914, 0.000000, 
152.221039, 0.000000, 
152.607437, 0.000000, 
154.690338, 0.000000, 
155.128250, 0.000000, 
155.515839, 0.000000, 
156.109665, 0.000000, 
157.282318, 0.000000, 
157.404739, 0.000000, 
157.639618, 0.000000, 
157.857513, 0.000000, 
158.897141, 0.000000, 
159.445068, 0.000000, 
160.505005, 0.000000, 
164.291473, 0.000000, 
164.590790, 0.000000, 
164.636948, 0.000000, 
165.537888, 0.000000, 
165.648041, 0.000000, 
167.353195, 0.000000, 
167.665466, 0.000000, 
168.072128, 0.000000, 
168.612915, 0.000000, 
169.038025, 0.000000, 
170.575714, 0.000000, 
170.822357, 0.000000, 
172.432098, 0.000000, 
172.822678, 0.000000, 
176.179123, 0.000000, 
178.002686, 0.000000, 
180.360291, 0.000000, 
181.781418, 0.000000, 
181.789841, 0.000000, 
186.226410, 0.000000, 
186.251755, 0.000000, 
187.019592, 0.000000, 
187.913483, 0.000000, 
191.307877, 0.000000, 
191.781662, 0.000000, 
192.060196, 0.000000, 
192.179718, 0.000000, 
192.867722, 0.000000, 
192.903351, 0.000000, 
194.935150, 0.000000, 
195.048859, 0.000000, 
195.264221, 0.000000, 
196.494598, 0.000000, 
196.722534, 0.000000, 
197.576691, 0.000000, 
198.450531, 0.000000, 
