1.540243, 0.000000, 
2.258906, 0.000000, 
4.662477, 0.000000, 
4.766735, 0.000000, 
7.854723, 0.000000, 
8.537360, 0.000000, 
8.822392, 0.000000, 
9.576468, 0.000000, 
10.560897, 0.000000, 
11.650879, 0.000000, 
11.669445, 0.000000, 
12.825240, 0.000000, 
13.485574, 0.000000, 
14.280935, 0.000000, 
14.631838, 0.000000, 
16.173948, 0.000000, 
16.596968, 0.000000, 
17.459644, 0.000000, 
17.867111, 0.000000, 
17.934544, 0.000000, 
19.115431, 0.000000, 
20.554878, 0.000000, 
20.731552, 0.000000, 
20.854919, 0.000000, 
21.842669, 0.000000, 
22.164085, 0.000000, 
22.332067, 0.000000, 
23.169912, 0.000000, 
24.053139, 0.000000, 
24.308580, 0.000000, 
24.731371, 0.000000, 
24.918743, 0.000000, 
24.973186, 0.000000, 
26.535219, 0.000000, 
26.703798, 0.000000, 
28.947104, 0.000000, 
29.955008, 0.000000, 
30.210356, 0.000000, 
34.218872, 0.000000, 
34.387520, 0.000000, 
34.566757, 0.000000, 
38.320507, 0.000000, 
38.544369, 0.000000, 
38.993969, 0.000000, 
39.126179, 0.000000, 
39.703808, 0.000000, 
41.957420, 0.000000, 
46.005718, 0.000000, 
46.187485, 0.000000, 
46.951836, 0.000000, 
47.808495, 0.000000, 
51.454624, 0.000000, 
52.244411, 0.000000, 
54.020142, 0.000000, 
55.331680, 0.000000, 
55.747253, 0.000000, 
57.196789, 0.000000, 
60.683975, 0.000000, 
61.429520, 0.000000, 
62.242496, 0.000000, 
62.244293, 0.000000, 
64.071678, 0.000000, 
64.317688, 0.000000, 
65.826431, 0.000000, 
67.307877, 0.000000, 
68.216660, 0.000000, 
70.626831, 0.000000, 
71.673798, 0.000000, 
72.178986, 0.000000, 
72.588188, 0.000000, 
74.587288, 0.000000, 
75.180389, 0.000000, 
77.639992, 0.000000, 
78.509491, 0.000000, 
79.211868, 0.000000, 
79.747009, 0.000000, 
79.937798, 0.000000, 
80.042534, 0.000000, 
80.535728, 0.000000, 
80.677132, 0.000000, 
81.193275, 0.000000, 
82.488449, 0.000000, 
83.250412, 0.000000, 
83.339081, 0.000000, 
83.502769, 0.000000, 
85.585487, 0.000000, 
88.133125, 0.000000, 
88.785393, 0.000000, 
89.035965, 0.000000, 
89.056259, 0.000000, 
89.321152, 0.000000, 
90.155220, 0.000000, 
91.005379, 0.000000, 
94.488327, 0.000000, 
95.543991, 0.000000, 
97.328735, 0.000000, 
99.393044, 0.000000, 
99.809113, 0.000000, 
104.820435, 0.000000, 
107.339020, 0.000000, 
107.640533, 0.000000, 
107.817757, 0.000000, 
110.451088, 0.000000, 
110.645958, 0.000000, 
112.443886, 0.000000, 
112.805008, 0.000000, 
113.353310, 0.000000, 
115.062019, 0.000000, 
117.577179, 0.000000, 
117.685371, 0.000000, 
118.823555, 0.000000, 
118.962158, 0.000000, 
119.665848, 0.000000, 
121.770119, 0.000000, 
123.743477, 0.000000, 
124.498230, 0.000000, 
124.576347, 0.000000, 
125.418480, 0.000000, 
126.763382, 0.000000, 
127.607460, 0.000000, 
128.946884, 0.000000, 
129.099731, 0.000000, 
130.001099, 0.000000, 
132.227158, 0.000000, 
132.451309, 0.000000, 
132.470291, 0.000000, 
134.856308, 0.000000, 
134.906540, 0.000000, 
136.379669, 0.000000, 
137.042068, 0.000000, 
137.275436, 0.000000, 
137.352966, 0.000000, 
137.520050, 0.000000, 
141.213776, 0.000000, 
141.615356, 0.000000, 
143.835587, 0.000000, 
145.345139, 0.000000, 
146.203430, 0.000000, 
149.450516, 0.000000, 
150.291763, 0.000000, 
150.510483, 0.000000, 
150.919128, 0.000000, 
151.671371, 0.000000, 
152.764420, 0.000000, 
153.150482, 0.000000, 
153.613663, 0.000000, 
153.823349, 0.000000, 
154.477158, 0.000000, 
157.340652, 0.000000, 
157.410980, 0.000000, 
159.697479, 0.000000, 
160.615494, 0.000000, 
162.829590, 0.000000, 
163.312851, 0.000000, 
164.366455, 0.000000, 
164.651917, 0.000000, 
166.043808, 0.000000, 
166.411926, 0.000000, 
166.714905, 0.000000, 
167.043503, 0.000000, 
167.486435, 0.000000, 
167.506073, 0.000000, 
168.615601, 0.000000, 
169.116898, 0.000000, 
169.929169, 0.000000, 
170.770554, 0.000000, 
171.339996, 0.000000, 
172.431549, 0.000000, 
172.780060, 0.000000, 
172.837540, 0.000000, 
174.768250, 0.000000, 
175.600616, 0.000000, 
176.605286, 0.000000, 
177.152847, 0.000000, 
177.226974, 0.000000, 
178.282043, 0.000000, 
179.793671, 0.000000, 
179.809128, 0.000000, 
180.574844, 0.000000, 
183.199158, 0.000000, 
183.869751, 0.000000, 
184.069916, 0.000000, 
185.135147, 0.000000, 
187.175171, 0.000000, 
188.513870, 0.000000, 
191.443527, 0.000000, 
192.854858, 0.000000, 
192.942047, 0.000000, 
192.962448, 0.000000, 
195.419556, 0.000000, 
196.174271, 0.000000, 
197.110214, 0.000000, 
197.413788, 0.000000, 
198.547867, 0.000000, 
198.686569, 0.000000, 
199.061569, 0.000000, 
199.247910, 0.000000, 
199.274063, 0.000000, 
199.584167, 0.000000, 
199.784210, 0.000000, 
