1.574943, 0.000000, 
1.907663, 0.000000, 
2.711400, 0.000000, 
3.269876, 0.000000, 
3.480967, 0.000000, 
3.681209, 0.000000, 
5.063540, 0.000000, 
5.872004, 0.000000, 
6.041137, 0.000000, 
6.326196, 0.000000, 
6.901405, 0.000000, 
7.106626, 0.000000, 
7.169412, 0.000000, 
7.353517, 0.000000, 
7.459610, 0.000000, 
7.575554, 0.000000, 
8.750397, 0.000000, 
8.751413, 0.000000, 
11.778687, 0.000000, 
12.719560, 0.000000, 
13.199013, 0.000000, 
13.254927, 0.000000, 
13.932191, 0.000000, 
16.811401, 0.000000, 
18.037497, 0.000000, 
18.807016, 0.000000, 
20.007452, 0.000000, 
20.569567, 0.000000, 
21.054689, 0.000000, 
22.123587, 0.000000, 
23.711180, 0.000000, 
25.600760, 0.000000, 
25.863159, 0.000000, 
28.236122, 0.000000, 
29.111780, 0.000000, 
31.180771, 0.000000, 
32.232903, 0.000000, 
33.751076, 0.000000, 
35.410191, 0.000000, 
35.523178, 0.000000, 
35.997925, 0.000000, 
38.245983, 0.000000, 
40.119831, 0.000000, 
40.359062, 0.000000, 
41.055649, 0.000000, 
42.231892, 0.000000, 
42.751900, 0.000000, 
43.679012, 0.000000, 
43.785908, 0.000000, 
44.400173, 0.000000, 
45.199806, 0.000000, 
45.714848, 0.000000, 
45.975895, 0.000000, 
47.294758, 0.000000, 
48.278221, 0.000000, 
48.959034, 0.000000, 
49.212635, 0.000000, 
50.524250, 0.000000, 
52.347347, 0.000000, 
53.360832, 0.000000, 
60.135784, 0.000000, 
60.771454, 0.000000, 
61.420410, 0.000000, 
61.734192, 0.000000, 
64.008987, 0.000000, 
64.967522, 0.000000, 
72.313828, 0.000000, 
72.326553, 0.000000, 
72.555908, 0.000000, 
73.176743, 0.000000, 
73.598145, 0.000000, 
74.066971, 0.000000, 
74.189453, 0.000000, 
74.245560, 0.000000, 
75.038200, 0.000000, 
76.176697, 0.000000, 
77.004982, 0.000000, 
77.123314, 0.000000, 
77.672173, 0.000000, 
77.832962, 0.000000, 
78.190605, 0.000000, 
78.194046, 0.000000, 
80.427589, 0.000000, 
80.774689, 0.000000, 
83.335030, 0.000000, 
83.575836, 0.000000, 
84.347527, 0.000000, 
84.444550, 0.000000, 
87.846756, 0.000000, 
88.510406, 0.000000, 
88.515526, 0.000000, 
89.296135, 0.000000, 
89.342636, 0.000000, 
89.565079, 0.000000, 
89.589409, 0.000000, 
92.187447, 0.000000, 
94.031639, 0.000000, 
94.188828, 0.000000, 
97.804901, 0.000000, 
97.956688, 0.000000, 
98.333313, 0.000000, 
98.435646, 0.000000, 
101.678246, 0.000000, 
101.773865, 0.000000, 
102.855301, 0.000000, 
103.773155, 0.000000, 
104.530838, 0.000000, 
104.825134, 0.000000, 
106.048096, 0.000000, 
106.328156, 0.000000, 
106.832695, 0.000000, 
107.964226, 0.000000, 
109.238907, 0.000000, 
109.695816, 0.000000, 
110.494293, 0.000000, 
111.278656, 0.000000, 
113.355659, 0.000000, 
113.428505, 0.000000, 
115.518852, 0.000000, 
116.057388, 0.000000, 
116.776810, 0.000000, 
119.820778, 0.000000, 
120.880882, 0.000000, 
121.587013, 0.000000, 
123.852448, 0.000000, 
124.509453, 0.000000, 
124.636246, 0.000000, 
125.044853, 0.000000, 
128.350052, 0.000000, 
130.399750, 0.000000, 
130.487793, 0.000000, 
130.586975, 0.000000, 
130.890686, 0.000000, 
131.473282, 0.000000, 
131.677322, 0.000000, 
132.374207, 0.000000, 
132.472534, 0.000000, 
134.222031, 0.000000, 
134.685059, 0.000000, 
135.800278, 0.000000, 
136.520706, 0.000000, 
137.676224, 0.000000, 
138.657928, 0.000000, 
139.997543, 0.000000, 
143.253784, 0.000000, 
145.958557, 0.000000, 
146.475571, 0.000000, 
149.317154, 0.000000, 
150.194946, 0.000000, 
150.286484, 0.000000, 
151.988968, 0.000000, 
152.354614, 0.000000, 
154.363800, 0.000000, 
157.827377, 0.000000, 
161.616211, 0.000000, 
162.117203, 0.000000, 
162.242569, 0.000000, 
162.650909, 0.000000, 
168.074738, 0.000000, 
168.230026, 0.000000, 
170.211319, 0.000000, 
172.268784, 0.000000, 
172.763840, 0.000000, 
173.090500, 0.000000, 
173.419052, 0.000000, 
174.013184, 0.000000, 
175.216644, 0.000000, 
176.125763, 0.000000, 
176.129608, 0.000000, 
176.775009, 0.000000, 
177.914780, 0.000000, 
177.938553, 0.000000, 
179.341431, 0.000000, 
179.546387, 0.000000, 
180.981277, 0.000000, 
181.200928, 0.000000, 
182.328369, 0.000000, 
183.930557, 0.000000, 
184.100983, 0.000000, 
184.835419, 0.000000, 
185.333252, 0.000000, 
185.632233, 0.000000, 
186.063187, 0.000000, 
190.305130, 0.000000, 
191.746887, 0.000000, 
192.118530, 0.000000, 
192.563553, 0.000000, 
192.567368, 0.000000, 
193.386108, 0.000000, 
193.444214, 0.000000, 
193.821686, 0.000000, 
194.976105, 0.000000, 
195.202011, 0.000000, 
196.089859, 0.000000, 
197.325470, 0.000000, 
198.173264, 0.000000, 
199.105560, 0.000000, 
199.111359, 0.000000, 
199.686371, 0.000000, 
199.867111, 0.000000, 
