0.840933, 0.000000, 
1.385967, 0.000000, 
2.412922, 0.000000, 
3.620529, 0.000000, 
4.249803, 0.000000, 
4.780544, 0.000000, 
7.638156, 0.000000, 
9.296708, 0.000000, 
9.382510, 0.000000, 
10.915985, 0.000000, 
12.339970, 0.000000, 
12.451019, 0.000000, 
12.660717, 0.000000, 
14.253659, 0.000000, 
15.043731, 0.000000, 
15.641122, 0.000000, 
16.668606, 0.000000, 
17.609131, 0.000000, 
23.047947, 0.000000, 
23.955370, 0.000000, 
24.147373, 0.000000, 
24.187243, 0.000000, 
27.123077, 0.000000, 
27.276098, 0.000000, 
30.967239, 0.000000, 
31.314337, 0.000000, 
31.747826, 0.000000, 
33.018215, 0.000000, 
33.102802, 0.000000, 
33.198753, 0.000000, 
35.513008, 0.000000, 
38.112194, 0.000000, 
38.339943, 0.000000, 
39.263004, 0.000000, 
40.603512, 0.000000, 
43.487572, 0.000000, 
44.031708, 0.000000, 
44.208218, 0.000000, 
44.501568, 0.000000, 
48.724937, 0.000000, 
49.954601, 0.000000, 
50.948818, 0.000000, 
52.152328, 0.000000, 
52.648209, 0.000000, 
52.706715, 0.000000, 
52.785618, 0.000000, 
53.866184, 0.000000, 
55.696934, 0.000000, 
55.847588, 0.000000, 
57.907799, 0.000000, 
59.610748, 0.000000, 
60.549889, 0.000000, 
60.766006, 0.000000, 
60.787090, 0.000000, 
61.008888, 0.000000, 
63.899139, 0.000000, 
64.541039, 0.000000, 
68.345383, 0.000000, 
68.708588, 0.000000, 
71.082680, 0.000000, 
71.460487, 0.000000, 
72.200348, 0.000000, 
72.866371, 0.000000, 
73.383774, 0.000000, 
73.969704, 0.000000, 
75.702187, 0.000000, 
76.134140, 0.000000, 
76.951881, 0.000000, 
77.389923, 0.000000, 
77.781212, 0.000000, 
78.820534, 0.000000, 
79.230309, 0.000000, 
80.017189, 0.000000, 
80.623672, 0.000000, 
81.149498, 0.000000, 
82.936859, 0.000000, 
88.342796, 0.000000, 
88.874382, 0.000000, 
89.791321, 0.000000, 
90.127937, 0.000000, 
92.006676, 0.000000, 
92.512535, 0.000000, 
94.272247, 0.000000, 
99.482361, 0.000000, 
101.742882, 0.000000, 
102.654922, 0.000000, 
105.244934, 0.000000, 
106.442162, 0.000000, 
107.052567, 0.000000, 
107.317757, 0.000000, 
108.002808, 0.000000, 
108.691582, 0.000000, 
109.601906, 0.000000, 
110.883446, 0.000000, 
111.000877, 0.000000, 
112.315865, 0.000000, 
115.193901, 0.000000, 
115.593254, 0.000000, 
115.804764, 0.000000, 
116.028328, 0.000000, 
116.797028, 0.000000, 
117.050667, 0.000000, 
118.059242, 0.000000, 
119.742081, 0.000000, 
119.926140, 0.000000, 
121.637459, 0.000000, 
122.080193, 0.000000, 
122.161766, 0.000000, 
122.464729, 0.000000, 
122.763329, 0.000000, 
124.209763, 0.000000, 
126.696785, 0.000000, 
128.240189, 0.000000, 
128.411270, 0.000000, 
128.737564, 0.000000, 
128.758942, 0.000000, 
130.091965, 0.000000, 
133.544891, 0.000000, 
134.402481, 0.000000, 
135.620987, 0.000000, 
136.095734, 0.000000, 
136.322830, 0.000000, 
137.763779, 0.000000, 
138.317368, 0.000000, 
138.322403, 0.000000, 
139.770691, 0.000000, 
140.860855, 0.000000, 
141.412079, 0.000000, 
144.633270, 0.000000, 
145.904739, 0.000000, 
148.050400, 0.000000, 
148.823715, 0.000000, 
148.838760, 0.000000, 
148.935730, 0.000000, 
152.865189, 0.000000, 
153.209625, 0.000000, 
154.214737, 0.000000, 
155.590469, 0.000000, 
157.101593, 0.000000, 
157.150177, 0.000000, 
158.594910, 0.000000, 
160.217865, 0.000000, 
161.097687, 0.000000, 
162.420151, 0.000000, 
162.752487, 0.000000, 
164.103973, 0.000000, 
164.176941, 0.000000, 
164.791702, 0.000000, 
165.537735, 0.000000, 
165.972260, 0.000000, 
166.175430, 0.000000, 
166.680771, 0.000000, 
167.074753, 0.000000, 
167.325211, 0.000000, 
167.686005, 0.000000, 
167.915085, 0.000000, 
168.409256, 0.000000, 
168.561508, 0.000000, 
170.159378, 0.000000, 
171.259781, 0.000000, 
171.749237, 0.000000, 
172.071442, 0.000000, 
172.679886, 0.000000, 
173.009552, 0.000000, 
173.523438, 0.000000, 
173.913651, 0.000000, 
175.424728, 0.000000, 
176.925797, 0.000000, 
177.145355, 0.000000, 
178.909317, 0.000000, 
179.367844, 0.000000, 
179.394211, 0.000000, 
180.433273, 0.000000, 
182.026917, 0.000000, 
183.596970, 0.000000, 
184.446747, 0.000000, 
184.617996, 0.000000, 
184.788071, 0.000000, 
187.611298, 0.000000, 
187.629456, 0.000000, 
187.731476, 0.000000, 
188.367966, 0.000000, 
188.510162, 0.000000, 
188.773331, 0.000000, 
191.099823, 0.000000, 
191.302170, 0.000000, 
191.784332, 0.000000, 
192.592422, 0.000000, 
194.059525, 0.000000, 
194.235321, 0.000000, 
194.702652, 0.000000, 
196.415878, 0.000000, 
197.061172, 0.000000, 
197.421921, 0.000000, 
197.787567, 0.000000, 
198.691895, 0.000000, 
198.882568, 0.000000, 
199.074417, 0.000000, 
199.262314, 0.000000, 
199.780533, 0.000000, 
