1.291291, 0.000000, 
1.497326, 0.000000, 
1.980652, 0.000000, 
2.046863, 0.000000, 
2.230326, 0.000000, 
2.934699, 0.000000, 
6.400219, 0.000000, 
7.848268, 0.000000, 
9.269830, 0.000000, 
12.374822, 0.000000, 
13.195654, 0.000000, 
13.547913, 0.000000, 
15.292885, 0.000000, 
17.115839, 0.000000, 
19.258686, 0.000000, 
20.292274, 0.000000, 
22.026358, 0.000000, 
22.484980, 0.000000, 
24.039423, 0.000000, 
24.366447, 0.000000, 
25.235617, 0.000000, 
26.412958, 0.000000, 
26.467241, 0.000000, 
26.820524, 0.000000, 
28.468529, 0.000000, 
29.506382, 0.000000, 
29.634077, 0.000000, 
31.637650, 0.000000, 
32.763672, 0.000000, 
34.724205, 0.000000, 
35.022778, 0.000000, 
35.267876, 0.000000, 
36.861683, 0.000000, 
37.055260, 0.000000, 
38.754681, 0.000000, 
40.741970, 0.000000, 
41.392826, 0.000000, 
42.738106, 0.000000, 
44.995064, 0.000000, 
45.272263, 0.000000, 
45.586933, 0.000000, 
45.651493, 0.000000, 
46.477764, 0.000000, 
46.890720, 0.000000, 
47.671822, 0.000000, 
49.078949, 0.000000, 
49.407642, 0.000000, 
50.736004, 0.000000, 
51.134350, 0.000000, 
51.414078, 0.000000, 
54.290661, 0.000000, 
54.513550, 0.000000, 
54.597095, 0.000000, 
56.378166, 0.000000, 
56.770004, 0.000000, 
57.023872, 0.000000, 
58.608578, 0.000000, 
60.899689, 0.000000, 
63.300072, 0.000000, 
64.160965, 0.000000, 
64.256950, 0.000000, 
64.701454, 0.000000, 
67.138496, 0.000000, 
69.958626, 0.000000, 
70.241066, 0.000000, 
70.319199, 0.000000, 
70.439842, 0.000000, 
70.824509, 0.000000, 
71.431389, 0.000000, 
71.949547, 0.000000, 
72.858658, 0.000000, 
74.515572, 0.000000, 
74.747864, 0.000000, 
75.030159, 0.000000, 
75.068489, 0.000000, 
75.362373, 0.000000, 
75.984497, 0.000000, 
76.398018, 0.000000, 
76.438728, 0.000000, 
77.739418, 0.000000, 
78.658821, 0.000000, 
80.579109, 0.000000, 
82.721001, 0.000000, 
83.871048, 0.000000, 
84.166504, 0.000000, 
85.084763, 0.000000, 
86.523483, 0.000000, 
87.335136, 0.000000, 
88.166382, 0.000000, 
89.453064, 0.000000, 
90.256279, 0.000000, 
90.262863, 0.000000, 
91.032043, 0.000000, 
93.410965, 0.000000, 
94.183990, 0.000000, 
94.725800, 0.000000, 
95.946274, 0.000000, 
99.282883, 0.000000, 
104.261314, 0.000000, 
105.445992, 0.000000, 
105.933105, 0.000000, 
106.292809, 0.000000, 
106.507713, 0.000000, 
106.558365, 0.000000, 
108.153236, 0.000000, 
108.488632, 0.000000, 
108.878983, 0.000000, 
111.573860, 0.000000, 
111.654358, 0.000000, 
112.153275, 0.000000, 
112.439201, 0.000000, 
113.580376, 0.000000, 
114.786560, 0.000000, 
116.083359, 0.000000, 
116.763474, 0.000000, 
118.108109, 0.000000, 
119.212166, 0.000000, 
119.552132, 0.000000, 
119.841911, 0.000000, 
120.383850, 0.000000, 
121.009064, 0.000000, 
121.910835, 0.000000, 
122.577721, 0.000000, 
123.006577, 0.000000, 
123.366959, 0.000000, 
123.918884, 0.000000, 
124.015549, 0.000000, 
124.647301, 0.000000, 
126.405899, 0.000000, 
127.335335, 0.000000, 
127.995605, 0.000000, 
128.539322, 0.000000, 
128.909988, 0.000000, 
131.291061, 0.000000, 
131.650345, 0.000000, 
132.126007, 0.000000, 
132.629974, 0.000000, 
134.451965, 0.000000, 
135.816879, 0.000000, 
135.832367, 0.000000, 
136.961609, 0.000000, 
139.115829, 0.000000, 
141.667419, 0.000000, 
141.740372, 0.000000, 
141.848557, 0.000000, 
145.571625, 0.000000, 
146.721512, 0.000000, 
146.797195, 0.000000, 
149.347610, 0.000000, 
151.605164, 0.000000, 
153.300873, 0.000000, 
153.565933, 0.000000, 
153.665237, 0.000000, 
155.050201, 0.000000, 
157.332153, 0.000000, 
159.430206, 0.000000, 
160.047791, 0.000000, 
161.389801, 0.000000, 
163.171677, 0.000000, 
163.661255, 0.000000, 
163.674652, 0.000000, 
163.760956, 0.000000, 
164.017532, 0.000000, 
164.260910, 0.000000, 
164.615738, 0.000000, 
167.794189, 0.000000, 
168.684784, 0.000000, 
169.174225, 0.000000, 
173.828522, 0.000000, 
174.725510, 0.000000, 
175.773514, 0.000000, 
176.350754, 0.000000, 
176.606232, 0.000000, 
176.762619, 0.000000, 
176.817062, 0.000000, 
177.416351, 0.000000, 
177.864090, 0.000000, 
179.926208, 0.000000, 
180.602768, 0.000000, 
181.736755, 0.000000, 
182.086624, 0.000000, 
182.386368, 0.000000, 
182.757782, 0.000000, 
183.088211, 0.000000, 
184.313721, 0.000000, 
185.192108, 0.000000, 
185.434418, 0.000000, 
185.977753, 0.000000, 
187.602875, 0.000000, 
189.717972, 0.000000, 
190.298660, 0.000000, 
191.814529, 0.000000, 
196.263611, 0.000000, 
196.472198, 0.000000, 
196.843613, 0.000000, 
196.856354, 0.000000, 
196.978729, 0.000000, 
197.045898, 0.000000, 
197.707748, 0.000000, 
198.852600, 0.000000, 
