2.480176, 0.000000, 
3.151163, 0.000000, 
4.064457, 0.000000, 
5.119888, 0.000000, 
5.346768, 0.000000, 
5.469426, 0.000000, 
6.967169, 0.000000, 
7.169465, 0.000000, 
7.988186, 0.000000, 
8.128159, 0.000000, 
8.214166, 0.000000, 
8.481414, 0.000000, 
9.144313, 0.000000, 
9.637336, 0.000000, 
10.426434, 0.000000, 
12.978946, 0.000000, 
15.856043, 0.000000, 
15.921291, 0.000000, 
16.342903, 0.000000, 
17.113789, 0.000000, 
21.718994, 0.000000, 
22.826817, 0.000000, 
23.665442, 0.000000, 
24.930027, 0.000000, 
25.025517, 0.000000, 
25.490421, 0.000000, 
25.764748, 0.000000, 
27.020218, 0.000000, 
28.546778, 0.000000, 
28.730982, 0.000000, 
29.567049, 0.000000, 
32.314224, 0.000000, 
34.122936, 0.000000, 
34.452343, 0.000000, 
35.029308, 0.000000, 
36.093662, 0.000000, 
36.704502, 0.000000, 
37.275486, 0.000000, 
38.780834, 0.000000, 
39.299812, 0.000000, 
42.443813, 0.000000, 
45.957500, 0.000000, 
49.055210, 0.000000, 
51.572208, 0.000000, 
54.001434, 0.000000, 
57.495647, 0.000000, 
57.582470, 0.000000, 
58.597893, 0.000000, 
59.336300, 0.000000, 
60.614071, 0.000000, 
61.739044, 0.000000, 
62.164902, 0.000000, 
63.031879, 0.000000, 
63.034470, 0.000000, 
63.596004, 0.000000, 
66.066216, 0.000000, 
67.288742, 0.000000, 
68.816460, 0.000000, 
69.230011, 0.000000, 
69.396088, 0.000000, 
70.960732, 0.000000, 
72.263359, 0.000000, 
72.941811, 0.000000, 
75.209885, 0.000000, 
76.069817, 0.000000, 
78.644760, 0.000000, 
78.707512, 0.000000, 
80.907867, 0.000000, 
81.070137, 0.000000, 
81.075905, 0.000000, 
84.034958, 0.000000, 
84.264046, 0.000000, 
84.929909, 0.000000, 
85.816101, 0.000000, 
86.259338, 0.000000, 
87.503403, 0.000000, 
87.524361, 0.000000, 
88.450478, 0.000000, 
90.298744, 0.000000, 
91.862122, 0.000000, 
92.130180, 0.000000, 
92.754448, 0.000000, 
100.903458, 0.000000, 
101.954323, 0.000000, 
104.553566, 0.000000, 
104.697136, 0.000000, 
105.993279, 0.000000, 
107.538712, 0.000000, 
109.316360, 0.000000, 
109.763344, 0.000000, 
110.639519, 0.000000, 
110.913025, 0.000000, 
113.088890, 0.000000, 
113.629181, 0.000000, 
115.482040, 0.000000, 
116.342987, 0.000000, 
116.527481, 0.000000, 
116.917603, 0.000000, 
118.633759, 0.000000, 
118.964439, 0.000000, 
122.104942, 0.000000, 
122.696716, 0.000000, 
122.814209, 0.000000, 
122.975243, 0.000000, 
124.255951, 0.000000, 
125.663033, 0.000000, 
126.113945, 0.000000, 
127.393097, 0.000000, 
127.661827, 0.000000, 
127.687698, 0.000000, 
128.175186, 0.000000, 
129.279373, 0.000000, 
129.284180, 0.000000, 
129.664719, 0.000000, 
130.531464, 0.000000, 
132.498032, 0.000000, 
132.567490, 0.000000, 
132.740433, 0.000000, 
133.218704, 0.000000, 
133.637436, 0.000000, 
134.887955, 0.000000, 
136.093140, 0.000000, 
136.678619, 0.000000, 
136.787140, 0.000000, 
137.927017, 0.000000, 
137.987640, 0.000000, 
138.133972, 0.000000, 
138.292114, 0.000000, 
140.751282, 0.000000, 
141.084869, 0.000000, 
141.704254, 0.000000, 
142.694824, 0.000000, 
142.761398, 0.000000, 
142.988876, 0.000000, 
143.223114, 0.000000, 
143.996124, 0.000000, 
144.125885, 0.000000, 
144.254395, 0.000000, 
144.294510, 0.000000, 
144.471069, 0.000000, 
145.019119, 0.000000, 
145.936264, 0.000000, 
146.742050, 0.000000, 
146.822723, 0.000000, 
146.902542, 0.000000, 
147.768356, 0.000000, 
148.153015, 0.000000, 
148.279984, 0.000000, 
148.291992, 0.000000, 
148.365479, 0.000000, 
150.946564, 0.000000, 
151.211502, 0.000000, 
152.522858, 0.000000, 
153.995575, 0.000000, 
155.193466, 0.000000, 
157.127319, 0.000000, 
158.108261, 0.000000, 
160.432129, 0.000000, 
161.876465, 0.000000, 
162.012939, 0.000000, 
162.231689, 0.000000, 
164.246017, 0.000000, 
164.301804, 0.000000, 
164.520462, 0.000000, 
165.370117, 0.000000, 
165.513397, 0.000000, 
165.541687, 0.000000, 
167.728455, 0.000000, 
168.232101, 0.000000, 
169.039566, 0.000000, 
170.594513, 0.000000, 
170.642700, 0.000000, 
173.112534, 0.000000, 
173.656998, 0.000000, 
174.031174, 0.000000, 
177.282684, 0.000000, 
178.074005, 0.000000, 
178.654541, 0.000000, 
178.920609, 0.000000, 
179.804520, 0.000000, 
179.983154, 0.000000, 
182.260315, 0.000000, 
183.006058, 0.000000, 
183.310913, 0.000000, 
183.836380, 0.000000, 
184.615555, 0.000000, 
184.695145, 0.000000, 
184.697495, 0.000000, 
185.246353, 0.000000, 
187.572815, 0.000000, 
190.501938, 0.000000, 
190.941757, 0.000000, 
191.295517, 0.000000, 
193.693649, 0.000000, 
194.140411, 0.000000, 
194.258347, 0.000000, 
194.383621, 0.000000, 
195.526871, 0.000000, 
198.516556, 0.000000, 
199.933472, 0.000000, 
