0.492628, 0.000000, 
0.733373, 0.000000, 
0.776915, 0.000000, 
0.814234, 0.000000, 
1.427242, 0.000000, 
2.717425, 0.000000, 
4.183021, 0.000000, 
5.037031, 0.000000, 
5.492224, 0.000000, 
6.946859, 0.000000, 
8.746901, 0.000000, 
8.922823, 0.000000, 
10.184600, 0.000000, 
11.343285, 0.000000, 
12.051821, 0.000000, 
13.369367, 0.000000, 
13.580056, 0.000000, 
14.312694, 0.000000, 
14.727762, 0.000000, 
14.982947, 0.000000, 
15.022726, 0.000000, 
16.449528, 0.000000, 
16.773523, 0.000000, 
16.903652, 0.000000, 
18.527870, 0.000000, 
19.248854, 0.000000, 
20.932232, 0.000000, 
21.987083, 0.000000, 
24.243279, 0.000000, 
25.105282, 0.000000, 
25.456400, 0.000000, 
25.939878, 0.000000, 
26.745050, 0.000000, 
27.956261, 0.000000, 
28.883209, 0.000000, 
29.162094, 0.000000, 
32.644012, 0.000000, 
33.559723, 0.000000, 
33.981503, 0.000000, 
35.103840, 0.000000, 
35.533615, 0.000000, 
36.188599, 0.000000, 
36.322182, 0.000000, 
37.176399, 0.000000, 
37.286980, 0.000000, 
37.390179, 0.000000, 
38.137436, 0.000000, 
39.180401, 0.000000, 
41.317627, 0.000000, 
42.699791, 0.000000, 
43.832245, 0.000000, 
44.391052, 0.000000, 
47.995346, 0.000000, 
49.395123, 0.000000, 
49.403336, 0.000000, 
51.509911, 0.000000, 
51.593750, 0.000000, 
51.865643, 0.000000, 
54.157635, 0.000000, 
54.645103, 0.000000, 
56.176224, 0.000000, 
57.263180, 0.000000, 
57.889004, 0.000000, 
61.648560, 0.000000, 
62.343803, 0.000000, 
63.136021, 0.000000, 
63.501797, 0.000000, 
64.085426, 0.000000, 
66.024231, 0.000000, 
67.178566, 0.000000, 
67.301193, 0.000000, 
69.986282, 0.000000, 
70.939323, 0.000000, 
71.171555, 0.000000, 
71.392143, 0.000000, 
73.166573, 0.000000, 
74.823677, 0.000000, 
75.905258, 0.000000, 
77.086449, 0.000000, 
77.255318, 0.000000, 
78.289513, 0.000000, 
79.027885, 0.000000, 
79.487061, 0.000000, 
80.061882, 0.000000, 
80.692932, 0.000000, 
81.057060, 0.000000, 
82.412468, 0.000000, 
82.816849, 0.000000, 
83.950661, 0.000000, 
85.369781, 0.000000, 
86.807648, 0.000000, 
88.877632, 0.000000, 
89.151855, 0.000000, 
91.451866, 0.000000, 
91.489342, 0.000000, 
93.859077, 0.000000, 
97.419754, 0.000000, 
98.737137, 0.000000, 
99.278732, 0.000000, 
100.362358, 0.000000, 
101.555351, 0.000000, 
102.510948, 0.000000, 
103.922516, 0.000000, 
106.528549, 0.000000, 
107.967201, 0.000000, 
110.606575, 0.000000, 
111.783302, 0.000000, 
112.362938, 0.000000, 
113.866302, 0.000000, 
113.927010, 0.000000, 
114.638687, 0.000000, 
115.629517, 0.000000, 
116.900963, 0.000000, 
118.001190, 0.000000, 
118.544472, 0.000000, 
118.816147, 0.000000, 
119.251869, 0.000000, 
120.184227, 0.000000, 
120.908051, 0.000000, 
122.336525, 0.000000, 
123.736626, 0.000000, 
124.896759, 0.000000, 
125.139458, 0.000000, 
126.237595, 0.000000, 
126.748215, 0.000000, 
127.307793, 0.000000, 
127.759743, 0.000000, 
129.369293, 0.000000, 
129.928497, 0.000000, 
131.598724, 0.000000, 
131.673813, 0.000000, 
131.676727, 0.000000, 
131.873077, 0.000000, 
132.865463, 0.000000, 
134.128036, 0.000000, 
135.658066, 0.000000, 
136.606995, 0.000000, 
136.847610, 0.000000, 
139.123413, 0.000000, 
141.646454, 0.000000, 
141.757065, 0.000000, 
142.315979, 0.000000, 
143.345200, 0.000000, 
143.656891, 0.000000, 
144.258072, 0.000000, 
145.298691, 0.000000, 
145.594391, 0.000000, 
145.655106, 0.000000, 
147.578430, 0.000000, 
147.954208, 0.000000, 
150.048401, 0.000000, 
151.115585, 0.000000, 
151.825897, 0.000000, 
152.662704, 0.000000, 
153.571136, 0.000000, 
153.860809, 0.000000, 
154.099625, 0.000000, 
154.320679, 0.000000, 
157.012726, 0.000000, 
157.691055, 0.000000, 
158.275955, 0.000000, 
158.570007, 0.000000, 
158.798264, 0.000000, 
160.274933, 0.000000, 
160.945480, 0.000000, 
162.344879, 0.000000, 
163.123581, 0.000000, 
164.671341, 0.000000, 
165.160019, 0.000000, 
165.318573, 0.000000, 
166.365219, 0.000000, 
168.407257, 0.000000, 
168.627213, 0.000000, 
168.703751, 0.000000, 
169.457932, 0.000000, 
171.098541, 0.000000, 
171.173859, 0.000000, 
172.354462, 0.000000, 
173.825073, 0.000000, 
175.032379, 0.000000, 
178.509644, 0.000000, 
178.868790, 0.000000, 
180.777771, 0.000000, 
182.314102, 0.000000, 
182.442184, 0.000000, 
183.746735, 0.000000, 
183.959564, 0.000000, 
184.170212, 0.000000, 
187.409821, 0.000000, 
191.362579, 0.000000, 
192.746841, 0.000000, 
193.650360, 0.000000, 
194.488770, 0.000000, 
194.520691, 0.000000, 
196.054504, 0.000000, 
196.500259, 0.000000, 
197.644852, 0.000000, 
197.802643, 0.000000, 
197.952759, 0.000000, 
199.511826, 0.000000, 
