2.394492, 0.000000, 
2.659467, 0.000000, 
3.116000, 0.000000, 
4.317597, 0.000000, 
4.503812, 0.000000, 
4.867275, 0.000000, 
5.237808, 0.000000, 
5.573256, 0.000000, 
7.674862, 0.000000, 
8.307914, 0.000000, 
8.845788, 0.000000, 
9.385328, 0.000000, 
10.667781, 0.000000, 
13.152744, 0.000000, 
13.270917, 0.000000, 
13.341628, 0.000000, 
14.780822, 0.000000, 
14.960555, 0.000000, 
15.921088, 0.000000, 
16.809439, 0.000000, 
17.447746, 0.000000, 
17.744923, 0.000000, 
18.013832, 0.000000, 
18.227243, 0.000000, 
18.365221, 0.000000, 
19.516346, 0.000000, 
20.499130, 0.000000, 
21.494703, 0.000000, 
22.062780, 0.000000, 
22.195103, 0.000000, 
23.154686, 0.000000, 
24.038408, 0.000000, 
27.534468, 0.000000, 
29.558966, 0.000000, 
30.762955, 0.000000, 
32.213238, 0.000000, 
32.534248, 0.000000, 
35.904541, 0.000000, 
37.211178, 0.000000, 
37.504715, 0.000000, 
39.080971, 0.000000, 
41.998158, 0.000000, 
43.642170, 0.000000, 
43.686104, 0.000000, 
45.811981, 0.000000, 
50.875568, 0.000000, 
51.196831, 0.000000, 
51.597610, 0.000000, 
52.407253, 0.000000, 
53.096840, 0.000000, 
55.388393, 0.000000, 
57.368729, 0.000000, 
58.551159, 0.000000, 
59.002949, 0.000000, 
59.244720, 0.000000, 
59.817707, 0.000000, 
60.769100, 0.000000, 
61.399853, 0.000000, 
61.459881, 0.000000, 
62.158234, 0.000000, 
62.352200, 0.000000, 
67.561050, 0.000000, 
67.725273, 0.000000, 
67.784088, 0.000000, 
68.761429, 0.000000, 
69.563965, 0.000000, 
69.630753, 0.000000, 
69.973503, 0.000000, 
71.259811, 0.000000, 
72.117584, 0.000000, 
72.481308, 0.000000, 
72.712463, 0.000000, 
73.438713, 0.000000, 
73.801628, 0.000000, 
74.380997, 0.000000, 
74.541237, 0.000000, 
75.140999, 0.000000, 
75.777069, 0.000000, 
77.767952, 0.000000, 
79.045235, 0.000000, 
79.207596, 0.000000, 
79.786827, 0.000000, 
79.871544, 0.000000, 
79.878029, 0.000000, 
80.710869, 0.000000, 
81.314949, 0.000000, 
81.971687, 0.000000, 
82.548691, 0.000000, 
85.821640, 0.000000, 
86.347931, 0.000000, 
88.534088, 0.000000, 
88.602051, 0.000000, 
89.243980, 0.000000, 
89.586143, 0.000000, 
90.519859, 0.000000, 
91.209740, 0.000000, 
92.261902, 0.000000, 
92.823608, 0.000000, 
94.207306, 0.000000, 
96.057770, 0.000000, 
97.364822, 0.000000, 
97.390549, 0.000000, 
98.827698, 0.000000, 
100.065231, 0.000000, 
100.109253, 0.000000, 
100.636459, 0.000000, 
101.141762, 0.000000, 
101.927551, 0.000000, 
101.952103, 0.000000, 
104.581886, 0.000000, 
105.175911, 0.000000, 
105.583015, 0.000000, 
107.255768, 0.000000, 
108.978081, 0.000000, 
111.038887, 0.000000, 
114.268776, 0.000000, 
114.562668, 0.000000, 
115.748657, 0.000000, 
115.991104, 0.000000, 
117.119598, 0.000000, 
117.615265, 0.000000, 
117.773727, 0.000000, 
118.292152, 0.000000, 
119.116516, 0.000000, 
120.032776, 0.000000, 
120.323486, 0.000000, 
120.418793, 0.000000, 
121.755096, 0.000000, 
122.892860, 0.000000, 
123.683426, 0.000000, 
127.130501, 0.000000, 
127.203033, 0.000000, 
127.662666, 0.000000, 
127.906990, 0.000000, 
129.842987, 0.000000, 
130.911575, 0.000000, 
131.277054, 0.000000, 
134.409668, 0.000000, 
134.904617, 0.000000, 
135.448288, 0.000000, 
137.242432, 0.000000, 
138.022400, 0.000000, 
143.062836, 0.000000, 
144.031036, 0.000000, 
144.488846, 0.000000, 
145.528748, 0.000000, 
146.111572, 0.000000, 
147.199631, 0.000000, 
147.959702, 0.000000, 
151.646454, 0.000000, 
152.462860, 0.000000, 
154.246475, 0.000000, 
154.535889, 0.000000, 
154.910263, 0.000000, 
155.847580, 0.000000, 
155.877335, 0.000000, 
156.094833, 0.000000, 
157.091278, 0.000000, 
157.230072, 0.000000, 
158.785080, 0.000000, 
159.422638, 0.000000, 
163.935669, 0.000000, 
164.936401, 0.000000, 
165.453629, 0.000000, 
166.098297, 0.000000, 
169.038055, 0.000000, 
170.538849, 0.000000, 
172.678864, 0.000000, 
173.407501, 0.000000, 
173.737350, 0.000000, 
174.816406, 0.000000, 
175.292389, 0.000000, 
176.313385, 0.000000, 
178.319717, 0.000000, 
179.502594, 0.000000, 
181.134781, 0.000000, 
183.840027, 0.000000, 
184.174301, 0.000000, 
184.271988, 0.000000, 
184.551865, 0.000000, 
184.943237, 0.000000, 
185.374390, 0.000000, 
186.580170, 0.000000, 
186.787689, 0.000000, 
188.431427, 0.000000, 
188.891953, 0.000000, 
189.023773, 0.000000, 
189.490448, 0.000000, 
190.288879, 0.000000, 
191.627609, 0.000000, 
191.915558, 0.000000, 
193.762878, 0.000000, 
194.423492, 0.000000, 
194.532089, 0.000000, 
194.654495, 0.000000, 
194.866821, 0.000000, 
195.074570, 0.000000, 
196.249207, 0.000000, 
196.547775, 0.000000, 
199.926956, 0.000000, 
