1.395761, 0.000000, 
1.642848, 0.000000, 
2.747249, 0.000000, 
2.806060, 0.000000, 
2.954835, 0.000000, 
3.103630, 0.000000, 
3.335176, 0.000000, 
3.908992, 0.000000, 
4.211260, 0.000000, 
4.688905, 0.000000, 
4.844428, 0.000000, 
5.846657, 0.000000, 
6.194393, 0.000000, 
8.439484, 0.000000, 
9.028440, 0.000000, 
9.433629, 0.000000, 
9.564625, 0.000000, 
10.333864, 0.000000, 
10.874646, 0.000000, 
11.092771, 0.000000, 
14.331357, 0.000000, 
16.418707, 0.000000, 
17.386406, 0.000000, 
18.131012, 0.000000, 
20.258627, 0.000000, 
20.467659, 0.000000, 
20.825090, 0.000000, 
22.535280, 0.000000, 
24.114971, 0.000000, 
24.414570, 0.000000, 
25.924688, 0.000000, 
26.075981, 0.000000, 
26.509125, 0.000000, 
26.581699, 0.000000, 
27.309671, 0.000000, 
28.690153, 0.000000, 
31.694746, 0.000000, 
32.987183, 0.000000, 
34.596409, 0.000000, 
35.618191, 0.000000, 
36.169666, 0.000000, 
36.420986, 0.000000, 
36.711731, 0.000000, 
38.253159, 0.000000, 
39.292896, 0.000000, 
39.401272, 0.000000, 
40.603718, 0.000000, 
41.115337, 0.000000, 
41.847004, 0.000000, 
42.521717, 0.000000, 
42.856705, 0.000000, 
43.698181, 0.000000, 
43.933151, 0.000000, 
44.075756, 0.000000, 
44.287357, 0.000000, 
45.914532, 0.000000, 
46.326057, 0.000000, 
47.851166, 0.000000, 
48.143021, 0.000000, 
48.416122, 0.000000, 
50.244141, 0.000000, 
50.736584, 0.000000, 
52.325394, 0.000000, 
57.480942, 0.000000, 
58.151150, 0.000000, 
58.811630, 0.000000, 
58.845314, 0.000000, 
59.572781, 0.000000, 
60.518284, 0.000000, 
60.567612, 0.000000, 
62.882378, 0.000000, 
64.265335, 0.000000, 
64.997223, 0.000000, 
66.160263, 0.000000, 
67.554543, 0.000000, 
68.245087, 0.000000, 
70.913239, 0.000000, 
71.472839, 0.000000, 
71.630470, 0.000000, 
73.109306, 0.000000, 
73.260124, 0.000000, 
73.274765, 0.000000, 
73.617699, 0.000000, 
73.741386, 0.000000, 
73.820213, 0.000000, 
74.275002, 0.000000, 
74.525238, 0.000000, 
78.066505, 0.000000, 
78.761490, 0.000000, 
79.928185, 0.000000, 
83.946083, 0.000000, 
83.949867, 0.000000, 
84.623398, 0.000000, 
86.504456, 0.000000, 
86.527451, 0.000000, 
86.807182, 0.000000, 
93.713043, 0.000000, 
95.118759, 0.000000, 
95.424438, 0.000000, 
96.188675, 0.000000, 
96.830605, 0.000000, 
97.087753, 0.000000, 
100.392380, 0.000000, 
101.386009, 0.000000, 
102.884811, 0.000000, 
103.855164, 0.000000, 
104.844299, 0.000000, 
105.029526, 0.000000, 
106.496552, 0.000000, 
107.430527, 0.000000, 
108.477905, 0.000000, 
108.659149, 0.000000, 
108.811508, 0.000000, 
110.056496, 0.000000, 
110.132332, 0.000000, 
111.025375, 0.000000, 
112.116043, 0.000000, 
113.795044, 0.000000, 
114.849495, 0.000000, 
115.738876, 0.000000, 
117.961159, 0.000000, 
118.000282, 0.000000, 
119.234802, 0.000000, 
121.579796, 0.000000, 
121.892616, 0.000000, 
122.677094, 0.000000, 
123.587105, 0.000000, 
123.725212, 0.000000, 
124.188759, 0.000000, 
124.441643, 0.000000, 
124.916542, 0.000000, 
127.813515, 0.000000, 
129.557266, 0.000000, 
131.217850, 0.000000, 
132.663086, 0.000000, 
132.697800, 0.000000, 
133.056213, 0.000000, 
133.860992, 0.000000, 
134.317581, 0.000000, 
134.358154, 0.000000, 
136.264679, 0.000000, 
138.563873, 0.000000, 
139.399780, 0.000000, 
140.953003, 0.000000, 
141.192368, 0.000000, 
142.384735, 0.000000, 
142.459106, 0.000000, 
142.881638, 0.000000, 
143.364746, 0.000000, 
143.590012, 0.000000, 
144.760895, 0.000000, 
145.586182, 0.000000, 
146.334686, 0.000000, 
147.577225, 0.000000, 
149.236237, 0.000000, 
150.823105, 0.000000, 
151.936783, 0.000000, 
152.448090, 0.000000, 
153.118423, 0.000000, 
153.357376, 0.000000, 
154.378922, 0.000000, 
156.524231, 0.000000, 
156.728210, 0.000000, 
157.787277, 0.000000, 
162.893188, 0.000000, 
164.364197, 0.000000, 
165.461868, 0.000000, 
165.568802, 0.000000, 
166.634689, 0.000000, 
166.668015, 0.000000, 
167.257126, 0.000000, 
169.644577, 0.000000, 
169.675217, 0.000000, 
169.804825, 0.000000, 
170.359589, 0.000000, 
170.905457, 0.000000, 
170.997025, 0.000000, 
171.080582, 0.000000, 
171.131760, 0.000000, 
171.921844, 0.000000, 
173.147079, 0.000000, 
174.142197, 0.000000, 
174.186325, 0.000000, 
175.192581, 0.000000, 
176.223663, 0.000000, 
177.039749, 0.000000, 
177.483994, 0.000000, 
178.384903, 0.000000, 
179.355957, 0.000000, 
180.303833, 0.000000, 
180.340576, 0.000000, 
182.839767, 0.000000, 
185.684387, 0.000000, 
187.450897, 0.000000, 
190.976929, 0.000000, 
193.914490, 0.000000, 
196.429886, 0.000000, 
196.656067, 0.000000, 
196.750854, 0.000000, 
199.211136, 0.000000, 
