1.883759, 2.590525, 3.395665, 4.538504, 4.550600, 6.665928, 8.783772, 9.296618, 10.345402, 17.218412, 18.345312, 18.960066, 19.300600, 20.739904, 22.107622, 24.289371, 24.917576, 25.132988, 25.352751, 26.401634, 28.617851, 29.063442, 30.080349, 30.155571, 30.489513, 30.506601, 30.660847, 32.040211, 32.783501, 33.073223, 33.153973, 33.227081, 33.500671, 34.980549, 36.030861, 37.068996, 37.598701, 37.981606, 38.236546, 39.139214, 
1.392149, 1.616570, 2.153357, 3.751534, 3.818637, 4.176897, 4.218603, 4.561203, 7.022079, 8.814868, 10.194992, 10.703980, 11.769574, 11.966371, 12.344670, 13.070951, 14.189384, 14.482656, 15.052143, 15.132339, 15.575243, 16.270954, 16.762272, 17.664162, 17.982573, 19.883265, 20.066057, 21.089411, 21.773184, 22.066336, 22.251568, 22.459499, 24.347406, 25.586344, 26.499910, 29.212740, 29.427774, 33.425724, 34.302773, 36.032967, 
0.011152, 1.848764, 1.941574, 2.113761, 2.518588, 6.784873, 8.721311, 10.177581, 11.191024, 11.750539, 14.118761, 15.411248, 15.642520, 16.570711, 17.660034, 17.957932, 20.127106, 20.548639, 21.283642, 22.025608, 22.534811, 23.391602, 23.774588, 24.197786, 26.039997, 27.413067, 27.855656, 28.109472, 29.661842, 29.913345, 30.125393, 31.096718, 32.739334, 34.699974, 37.243908, 38.007153, 38.890835, 39.151859, 39.396877, 39.539734, 
0.373195, 0.613561, 1.437661, 2.992487, 3.400024, 3.946635, 6.323516, 9.236374, 10.045133, 12.400774, 12.533216, 13.958849, 14.833027, 15.315888, 15.857110, 16.340359, 16.826221, 17.556049, 21.134354, 21.491770, 23.365185, 23.374775, 26.953959, 27.700453, 29.363031, 29.775101, 30.487940, 30.801508, 32.198898, 32.810036, 33.023888, 33.545498, 33.616989, 34.318665, 35.325737, 35.416794, 37.173573, 38.327198, 38.330761, 39.289581, 
1.089685, 1.780998, 3.069644, 3.244919, 4.453996, 4.741133, 4.757974, 5.480165, 5.879071, 7.679590, 8.384727, 8.783457, 9.567523, 9.950480, 12.367040, 12.848752, 13.778990, 14.592686, 14.816894, 18.678547, 19.805540, 20.692156, 22.652422, 23.419352, 24.785528, 25.322012, 25.811565, 26.481012, 27.122795, 27.431498, 28.149710, 28.262688, 31.666311, 32.793247, 33.147652, 34.381485, 34.964798, 35.582726, 38.160690, 38.421349, 
0.350897, 1.331650, 1.822786, 2.011746, 2.555718, 3.337688, 4.912668, 4.926925, 6.732158, 7.882073, 8.034047, 9.643206, 10.431887, 11.026733, 11.463452, 12.695615, 13.833044, 14.366601, 14.633937, 14.926513, 15.393417, 17.056036, 18.913477, 21.418528, 22.951780, 23.965305, 25.958281, 26.067297, 28.315674, 28.746935, 28.889460, 29.783634, 30.508156, 30.725069, 31.264332, 35.367233, 36.229324, 37.134686, 37.382343, 37.700329, 
0.614804, 2.947225, 4.444862, 4.729747, 4.765485, 5.537252, 8.846606, 10.112583, 11.073505, 11.515515, 12.159879, 12.612948, 14.328979, 15.061394, 15.251322, 15.986923, 16.449686, 16.749374, 17.778458, 18.495295, 20.036736, 20.136679, 20.456005, 23.068960, 23.161333, 23.613304, 24.023918, 24.209200, 28.920176, 30.209789, 31.353254, 31.878731, 32.793686, 34.220028, 34.949036, 35.220631, 37.122486, 37.273464, 38.398010, 38.594971, 
2.920845, 4.544818, 5.046278, 6.245037, 7.376419, 7.707554, 10.629949, 10.828750, 11.199093, 11.879837, 12.116138, 12.933159, 16.954914, 18.159889, 18.910217, 19.247772, 19.682722, 20.357237, 20.770672, 21.083488, 22.532759, 23.692616, 26.759493, 27.105537, 27.868277, 28.633106, 28.709105, 29.065323, 29.377625, 30.443180, 30.636221, 31.852461, 32.795162, 35.260548, 35.848999, 36.271534, 37.145493, 37.160019, 38.326622, 38.948715, 
1.310109, 1.315165, 1.990317, 2.160141, 4.581062, 6.372469, 7.339211, 9.477938, 9.488811, 10.686967, 11.456736, 12.459233, 16.212551, 18.582771, 19.056032, 23.121857, 23.416801, 24.345085, 24.502396, 25.028419, 25.743919, 29.013824, 29.077217, 30.831335, 31.341339, 31.502169, 31.710279, 31.902294, 32.297977, 32.584351, 33.656376, 34.515182, 34.664619, 35.359699, 36.898800, 36.987930, 37.661983, 37.913147, 38.812325, 39.682846, 
1.885532, 2.190370, 3.520035, 3.614439, 4.984395, 5.747310, 6.143850, 6.475051, 6.509594, 7.231172, 7.350580, 8.298551, 10.299794, 11.061700, 11.580811, 12.376723, 13.005025, 14.279752, 15.184238, 15.637468, 15.982825, 16.684244, 18.276911, 18.822050, 20.726482, 21.311874, 21.663549, 21.887459, 22.333208, 23.217758, 23.642704, 25.285179, 28.415274, 28.545557, 29.138067, 30.778002, 33.771511, 35.352547, 36.216240, 37.706959, 
0.278687, 1.934414, 3.606316, 4.360239, 7.768093, 7.991105, 8.444926, 9.492850, 9.613424, 11.628888, 11.632422, 12.232288, 13.338324, 13.386806, 13.620118, 16.419174, 16.942141, 17.696642, 18.888733, 20.294102, 20.638376, 20.648724, 20.648781, 21.277954, 21.412329, 21.423101, 22.851873, 23.264404, 23.550137, 23.839329, 25.820835, 27.367800, 29.253248, 33.544315, 34.420582, 34.544308, 35.241188, 35.563030, 38.688503, 39.092007, 
1.259459, 1.647410, 2.137340, 2.657904, 3.053132, 3.269175, 4.045516, 7.021172, 7.676362, 8.118734, 8.551449, 9.662261, 10.814900, 11.665793, 11.937810, 12.083542, 14.107838, 15.139438, 17.519953, 18.863537, 20.251760, 20.687569, 20.793238, 21.230112, 22.497885, 22.541197, 24.500563, 24.516815, 24.805298, 27.422848, 27.565750, 29.245893, 29.508327, 31.791176, 31.878231, 32.562126, 33.801109, 34.778542, 35.229290, 36.837048, 
0.514369, 0.889873, 1.591494, 2.415737, 2.425992, 2.457742, 3.240131, 5.458439, 7.156648, 9.046778, 9.619525, 9.650330, 10.378510, 10.922626, 12.471108, 12.715890, 18.394144, 18.671091, 19.132441, 20.410154, 22.239492, 25.377523, 26.698273, 26.913084, 27.593060, 28.867342, 31.016640, 31.033613, 31.375874, 33.067326, 35.806252, 35.986698, 36.232300, 36.375092, 37.102856, 37.131989, 37.584339, 37.872875, 38.076424, 38.610935, 
0.876591, 0.991505, 1.805346, 5.217401, 6.030053, 6.152257, 6.711692, 7.157177, 10.405277, 11.462736, 11.469243, 12.982172, 15.029545, 15.748341, 16.076801, 17.756752, 19.507580, 20.587368, 20.722538, 23.518188, 23.550274, 25.246248, 25.389275, 25.601112, 25.643499, 27.642673, 28.327066, 28.471617, 29.059872, 29.720697, 31.298225, 31.977093, 32.948593, 33.789856, 36.515694, 36.755619, 37.092621, 37.420055, 37.965591, 39.639469, 
1.239218, 2.260204, 2.346664, 3.287338, 3.464171, 3.471972, 3.495859, 5.229302, 5.332434, 6.699696, 7.785381, 9.189883, 9.772774, 11.177368, 11.824501, 13.749670, 14.937501, 15.217968, 15.546112, 15.867801, 16.857105, 17.711369, 20.166876, 21.078018, 21.258928, 23.989925, 24.574770, 25.813471, 27.807554, 28.143259, 28.979723, 31.512794, 32.129242, 33.700855, 34.866261, 34.897911, 34.898098, 35.051464, 36.276077, 39.687984, 
0.115089, 3.059384, 3.558545, 5.108920, 6.647316, 7.247314, 8.460694, 10.027205, 10.087049, 10.460244, 10.843345, 11.972602, 12.785852, 13.029024, 13.515833, 15.361691, 16.325502, 16.721310, 17.452513, 19.215815, 20.065248, 20.555696, 21.313360, 21.694416, 22.112370, 22.253767, 23.196386, 24.474829, 25.469265, 29.326893, 29.712933, 30.840738, 32.504726, 33.060513, 36.056976, 36.143333, 36.164536, 37.332256, 38.036083, 39.191608, 
0.410854, 1.084270, 4.612805, 6.655143, 8.010500, 9.000939, 12.057447, 12.390066, 13.114763, 13.976966, 14.584422, 14.665793, 15.711958, 18.250095, 19.327129, 19.343262, 19.991375, 20.369305, 20.404753, 21.068367, 21.619370, 22.157700, 23.076471, 23.764830, 27.090651, 29.060093, 29.466082, 30.725180, 33.082657, 33.779270, 35.472958, 35.597767, 36.432018, 37.053871, 37.088642, 37.459026, 38.054016, 39.154205, 39.489174, 39.631535, 
0.516982, 0.743939, 2.331290, 5.029098, 6.289052, 6.904444, 8.877481, 9.401548, 10.602012, 10.946601, 12.117515, 12.738872, 13.000965, 16.123768, 16.784937, 16.796234, 17.564890, 17.814278, 21.917721, 24.199627, 24.562021, 25.785664, 27.157743, 27.164249, 28.734394, 30.116028, 30.746740, 31.646624, 32.568893, 32.779575, 32.818653, 33.328373, 33.998325, 34.645786, 36.009884, 36.043224, 36.367165, 37.957455, 38.315346, 39.898815, 
0.262753, 1.018021, 1.213423, 6.082173, 6.092187, 8.606605, 8.721658, 9.970285, 11.121365, 11.490111, 12.896070, 13.320669, 14.659841, 15.723410, 16.038630, 16.718645, 16.951313, 17.851767, 18.192068, 20.710119, 23.631151, 24.544048, 25.618513, 27.477688, 28.909739, 29.543898, 29.562641, 30.446171, 31.643696, 32.435154, 32.435184, 32.790638, 33.767864, 35.026196, 35.896172, 36.534630, 36.642452, 37.885708, 39.919132, 39.995365, 
0.244144, 1.621919, 2.853331, 3.010838, 3.643833, 5.727149, 5.844697, 5.954894, 6.844547, 8.724651, 11.469199, 11.920502, 11.945016, 16.025049, 19.449999, 19.577717, 23.345905, 23.741049, 24.203568, 25.205994, 26.393299, 26.705967, 28.695532, 30.212080, 31.195894, 31.432896, 31.505703, 31.948610, 32.022896, 33.580311, 34.011589, 34.199078, 35.111343, 35.246304, 36.197987, 37.481552, 37.531860, 37.888634, 38.079540, 39.907825, 
0.721671, 0.929704, 2.040391, 2.117213, 2.449292, 2.563376, 3.102320, 4.106658, 4.187929, 5.570579, 8.306253, 10.312789, 11.978456, 12.500515, 14.417735, 15.072443, 15.161966, 21.536669, 23.551504, 23.639053, 25.839252, 26.066133, 26.100182, 26.942146, 27.290781, 28.208767, 28.367645, 28.782591, 29.258280, 29.574795, 32.040249, 32.406567, 32.488228, 33.080914, 33.271759, 33.938847, 34.181976, 36.017864, 37.177994, 37.936573, 
0.128271, 2.956570, 4.714308, 4.788795, 4.853855, 4.928555, 6.630230, 7.412625, 7.589052, 8.748870, 10.841365, 10.952883, 11.818012, 13.022291, 13.347270, 13.561419, 13.905560, 16.312071, 16.714142, 17.806681, 18.712574, 19.325434, 19.985535, 20.803755, 22.211529, 23.063021, 25.759657, 26.142942, 29.072184, 30.794136, 31.338215, 31.396017, 32.156292, 33.050941, 36.296288, 37.508953, 37.744923, 38.458504, 38.620541, 39.523487, 
0.063789, 1.630391, 2.112076, 3.034042, 3.688066, 5.948710, 6.957008, 7.475470, 8.768995, 10.819721, 11.708413, 11.726308, 12.275158, 12.489397, 15.559948, 15.646416, 16.663054, 16.874264, 16.907785, 17.760725, 19.357231, 20.102520, 20.514549, 21.304354, 21.631634, 21.837418, 21.897947, 22.923346, 24.658976, 25.279680, 25.359604, 26.246550, 27.186342, 30.087200, 30.117947, 31.367157, 33.210613, 35.765369, 36.003090, 37.245220, 
2.573692, 2.627185, 2.713141, 3.459520, 3.699132, 3.863151, 4.525764, 6.190230, 6.421921, 7.469069, 9.020086, 10.602373, 11.884898, 12.621760, 12.738923, 15.235274, 16.364386, 16.612249, 17.328360, 17.581114, 17.866785, 18.062000, 19.094856, 20.927784, 21.612822, 22.306793, 23.122406, 24.630209, 24.791323, 25.210688, 25.865700, 26.411558, 28.310509, 28.507896, 30.206610, 30.364798, 30.546453, 32.367550, 37.412418, 38.241035, 
0.691294, 2.028368, 2.594200, 3.325786, 5.114789, 5.467006, 6.788466, 11.782660, 12.842842, 12.848203, 13.345884, 14.485866, 14.888981, 15.402867, 15.551588, 17.331329, 17.655518, 17.921251, 18.163187, 19.560410, 19.849205, 22.962990, 25.301250, 25.306211, 25.552637, 26.311264, 26.869024, 28.732466, 30.733068, 31.137844, 31.851704, 32.322201, 35.022961, 35.191280, 35.383259, 36.411053, 38.062405, 38.663643, 38.959717, 39.564053, 
0.466362, 1.645177, 4.482725, 4.860959, 5.004540, 5.677904, 7.091235, 9.146183, 9.503026, 11.875390, 13.135593, 13.614530, 13.722372, 14.229681, 14.545949, 14.740900, 16.333687, 18.453091, 21.705338, 22.798286, 25.038948, 26.886923, 27.382595, 27.540455, 28.124741, 29.019730, 29.595337, 30.064919, 31.539406, 32.050282, 32.250324, 33.334148, 33.344456, 35.360573, 35.488659, 35.536945, 36.476326, 36.705017, 38.420692, 39.058720, 
1.995674, 2.285369, 4.372850, 5.027109, 5.749771, 5.909583, 5.974051, 6.715051, 7.643846, 8.111685, 10.356639, 10.371826, 13.663632, 13.810792, 13.810987, 14.060721, 15.113139, 15.481409, 16.473249, 17.312246, 17.344536, 17.374222, 19.359270, 19.401958, 19.681036, 21.006723, 21.010460, 21.773647, 22.148834, 23.244415, 24.038818, 26.048008, 27.730854, 30.052084, 31.984123, 32.636086, 33.332649, 33.712372, 38.679371, 39.720314, 
0.799258, 5.306697, 6.234089, 6.559858, 6.720460, 7.206555, 8.824366, 11.991858, 13.549481, 13.798661, 14.117076, 14.366106, 14.928703, 16.048983, 18.347433, 19.059278, 19.784199, 22.114704, 22.478676, 22.770277, 22.839287, 24.965946, 26.330660, 26.948586, 28.887678, 29.375849, 30.055584, 30.942520, 31.724827, 32.656315, 32.858162, 32.874702, 33.287941, 34.294197, 34.548172, 35.854454, 36.023548, 36.041939, 37.090084, 37.640556, 
1.558918, 3.051799, 4.163946, 4.747437, 5.478621, 6.784479, 7.135800, 8.428497, 10.677004, 10.811463, 13.950733, 14.196124, 14.881204, 15.000766, 15.759143, 16.985445, 18.022030, 18.485069, 18.695915, 19.551575, 19.712816, 20.432180, 22.292337, 23.783365, 25.453663, 27.792871, 27.912287, 27.956448, 28.502674, 28.519777, 28.613684, 29.197214, 29.430279, 29.474508, 29.538067, 30.871161, 31.831432, 32.570465, 38.928482, 39.632812, 
0.711239, 4.246310, 5.422504, 6.079159, 6.675885, 8.285439, 10.827138, 11.312712, 12.023985, 12.755581, 13.149385, 13.835273, 14.198255, 14.395219, 14.517356, 14.852382, 16.395041, 16.674614, 16.791340, 17.419039, 19.444290, 20.270054, 21.667185, 22.075106, 22.637102, 22.754539, 22.979334, 23.010605, 24.112267, 26.181520, 28.460836, 30.017841, 30.100201, 32.229656, 33.070789, 33.412708, 33.605389, 33.934311, 35.960739, 38.854126, 
0.398940, 1.957126, 3.068737, 3.398495, 3.910619, 8.333795, 8.495929, 8.634239, 9.776325, 10.572983, 11.127964, 12.314005, 12.982523, 13.223627, 14.123442, 14.409407, 14.563435, 18.261396, 20.188635, 20.728855, 22.944250, 23.016985, 23.661594, 24.101101, 24.484667, 25.035143, 25.723925, 26.815920, 30.555065, 32.947067, 33.184071, 33.677135, 34.475986, 35.329479, 36.766148, 37.446609, 37.458908, 37.761845, 38.973812, 38.985291, 
2.432513, 5.589186, 5.666831, 6.370641, 7.423373, 8.486385, 9.197225, 9.373944, 11.941926, 12.121937, 12.437254, 13.229886, 14.025578, 14.508843, 14.819982, 16.981043, 17.006493, 18.867590, 19.562424, 19.741644, 19.760973, 23.760056, 24.108105, 24.489141, 25.221830, 25.991739, 26.321808, 26.571125, 27.871363, 30.523153, 30.730965, 31.608025, 32.234482, 32.761375, 33.992012, 34.283531, 36.686924, 37.145454, 38.229233, 39.167011, 
0.142325, 0.385022, 2.387974, 4.424225, 4.578259, 6.709959, 6.737941, 8.134435, 8.392360, 8.523040, 8.820648, 10.881208, 11.008931, 11.195151, 11.309798, 12.234897, 12.464881, 13.131674, 18.891317, 19.776426, 20.051798, 20.745459, 21.893501, 22.126305, 23.086927, 23.856426, 25.723795, 25.880033, 26.657095, 30.245531, 30.833195, 32.417477, 33.221581, 34.385780, 34.880199, 36.616268, 37.313309, 38.796135, 39.755081, 39.903580, 
0.915314, 2.106525, 2.300987, 2.731725, 2.887844, 3.399439, 5.024835, 5.848989, 6.108878, 6.799284, 8.794340, 11.757182, 12.961885, 14.674291, 15.646165, 15.860888, 15.948149, 19.714748, 20.070127, 20.335127, 20.382338, 22.255398, 22.662626, 24.942734, 26.171215, 26.768122, 26.985273, 27.831663, 29.050894, 30.624975, 31.023397, 33.723640, 34.255825, 34.419613, 34.823990, 35.560928, 36.089012, 37.094997, 38.379288, 38.618111, 
0.918374, 0.975671, 2.094302, 4.601048, 6.538693, 6.923675, 9.902873, 9.903002, 10.199067, 10.476932, 10.838916, 11.274360, 11.276744, 11.515933, 14.778463, 17.842573, 18.098759, 18.566484, 19.422813, 20.615049, 21.254862, 21.444946, 25.652582, 25.824055, 26.780556, 28.783274, 30.896723, 31.625074, 32.572521, 33.257931, 34.198162, 34.917530, 36.426060, 36.499451, 36.527859, 37.703644, 38.164375, 38.257530, 38.686729, 39.562565, 
0.683360, 0.996788, 1.275358, 1.518553, 3.718205, 4.874522, 5.449997, 6.702745, 7.820487, 8.147360, 9.967882, 12.496905, 15.063732, 16.031786, 16.152859, 17.007288, 18.553812, 19.050734, 19.238733, 22.476261, 22.631142, 23.428608, 23.942835, 24.776077, 26.363932, 26.401100, 26.618378, 27.117210, 28.404215, 29.357847, 30.873356, 31.618950, 32.311447, 34.281349, 34.445705, 34.842178, 35.051350, 36.764099, 38.207260, 39.360817, 
1.006684, 2.039999, 3.625126, 3.846174, 5.598393, 6.171189, 6.356574, 9.812983, 9.858327, 10.452849, 10.990021, 11.567981, 12.386065, 12.539703, 13.847136, 14.078934, 16.055815, 17.959829, 18.311750, 18.582014, 18.640617, 22.606224, 23.113880, 24.854794, 25.143314, 25.552397, 26.424566, 29.592485, 30.902073, 31.233955, 31.254269, 31.347635, 31.801779, 32.112312, 32.626293, 34.981525, 35.784340, 36.933540, 37.867481, 38.169827, 
0.931391, 3.229192, 5.460153, 5.962804, 6.604551, 6.880758, 7.289798, 7.646781, 8.344855, 8.745629, 9.041542, 10.071033, 10.420098, 10.568436, 11.161819, 14.043669, 15.322749, 15.428429, 17.297142, 17.476089, 17.585938, 17.685427, 19.775784, 20.695183, 22.032576, 22.678923, 23.351496, 24.724340, 26.250267, 26.925415, 26.930849, 30.436340, 35.224297, 37.233547, 37.388241, 38.021255, 39.281525, 39.500790, 39.889572, 39.943661, 
2.029121, 3.284138, 3.546678, 3.729981, 4.365067, 6.096563, 7.872150, 8.209613, 9.249227, 9.270483, 9.637711, 10.421587, 10.777781, 11.047475, 11.989029, 12.108036, 13.420981, 15.039011, 15.822442, 16.391512, 16.394032, 17.043825, 17.347235, 17.786337, 19.769848, 24.411797, 24.877298, 27.394630, 29.373774, 29.407448, 29.543861, 31.048580, 31.421997, 31.867113, 34.493835, 36.491684, 37.652882, 37.762047, 38.089855, 39.045185, 
0.008436, 0.709423, 1.593474, 1.915696, 3.046104, 3.360282, 3.574742, 3.681707, 3.838948, 4.474442, 5.122967, 5.556484, 5.739429, 5.800479, 6.130584, 7.236637, 9.093154, 9.515802, 9.633657, 10.234048, 11.167771, 13.524511, 15.489987, 17.011496, 17.915180, 18.905165, 19.394335, 19.552910, 19.702602, 20.165676, 21.347328, 22.155066, 26.027411, 26.054995, 28.058306, 30.922707, 32.649502, 33.585915, 38.152031, 38.660259, 
2.681666, 3.421162, 4.845954, 5.907951, 6.506638, 7.374354, 9.141012, 10.570118, 13.053536, 13.821849, 15.082003, 15.604318, 15.917775, 16.148184, 17.400326, 17.572893, 18.421860, 19.954464, 20.350813, 22.571005, 22.624075, 24.970762, 26.075491, 26.479097, 27.001175, 27.359066, 28.787441, 28.987297, 30.369129, 32.284573, 33.384827, 34.453659, 34.495480, 36.176464, 37.023277, 37.026478, 38.247604, 38.493916, 39.661625, 39.940723, 
1.511977, 2.860018, 5.161558, 7.068102, 7.753359, 8.768294, 9.369980, 9.619350, 9.650957, 11.885680, 11.975620, 12.353909, 12.432742, 12.924506, 13.235332, 13.481011, 15.523461, 15.544437, 15.545135, 15.595727, 15.643519, 17.352680, 19.284542, 24.129183, 24.256699, 24.466761, 27.274134, 28.959824, 29.973104, 30.106871, 30.188587, 30.877733, 32.751282, 34.147957, 34.595985, 34.792641, 35.901108, 36.852688, 37.275673, 37.385567, 
1.836771, 3.411108, 3.936036, 4.474565, 6.665436, 7.811573, 8.972320, 10.335255, 11.074156, 11.953403, 12.395924, 12.824779, 13.937510, 15.312642, 15.844731, 15.869720, 16.469841, 17.762135, 17.951736, 20.580393, 21.067970, 22.929520, 23.162422, 23.217150, 23.666075, 26.410490, 28.228403, 28.579679, 29.065733, 29.501560, 31.999144, 32.698978, 32.861370, 33.951809, 34.816227, 36.037209, 36.913601, 38.335464, 38.397022, 38.567474, 
0.162865, 3.441168, 3.453131, 4.176198, 4.395068, 4.632190, 7.793842, 9.776502, 10.119687, 10.464008, 10.839486, 12.431931, 14.600954, 17.655064, 17.785780, 18.730412, 19.082424, 19.283766, 19.781748, 20.676603, 21.255104, 21.256861, 23.027464, 23.922621, 24.496077, 24.792637, 26.086653, 27.639868, 28.081404, 29.372736, 30.683867, 30.846109, 31.006756, 31.143257, 33.120934, 34.729057, 35.228874, 36.976559, 38.009800, 38.952904, 
0.293204, 3.439565, 4.604404, 4.899906, 4.959442, 7.399693, 8.056320, 8.356254, 9.540648, 9.670071, 10.635050, 12.434052, 13.702281, 15.046049, 15.403691, 15.507983, 18.066978, 19.077597, 21.350086, 21.661276, 22.272932, 23.040773, 23.493582, 23.956280, 24.124014, 26.046370, 26.367979, 26.849154, 28.260448, 28.995478, 29.242998, 31.231647, 34.436771, 34.706543, 35.104946, 35.467430, 35.560810, 37.372551, 37.564323, 38.656155, 
0.861030, 0.923570, 2.630145, 3.303645, 3.990999, 4.941513, 6.091356, 8.558565, 9.462708, 11.236037, 11.566499, 11.962462, 15.249777, 18.737823, 19.229280, 19.461933, 20.045219, 21.014410, 22.204994, 22.754162, 23.186031, 23.279222, 25.197742, 26.545740, 28.208401, 30.415880, 31.723505, 32.345276, 32.508995, 32.785351, 33.030258, 33.133823, 33.492470, 34.469463, 35.525394, 35.931515, 37.732220, 38.885429, 38.938080, 39.581608, 
1.948609, 2.186221, 4.323555, 6.009730, 7.911157, 8.005747, 8.437860, 9.064050, 10.163696, 10.801861, 13.095126, 13.968225, 18.264391, 20.565094, 20.658535, 23.616287, 24.321049, 24.689545, 24.728834, 26.617468, 26.695621, 26.982458, 27.405180, 27.908117, 28.388866, 29.074795, 31.602341, 31.799353, 31.874868, 32.009369, 32.969917, 34.479328, 34.608044, 34.689915, 35.156738, 35.406994, 37.361473, 37.361698, 38.835258, 39.561569, 
3.275941, 4.196887, 5.605035, 5.765373, 6.277742, 6.314338, 7.158773, 7.734995, 8.566115, 9.831875, 10.463775, 11.222136, 11.797330, 15.535258, 16.888384, 17.041103, 18.209419, 18.632845, 19.458899, 21.361591, 25.336395, 25.597971, 25.986355, 26.301735, 26.311602, 27.118687, 28.223221, 28.770935, 30.447460, 30.732023, 33.357178, 33.548855, 34.721119, 34.898247, 35.309494, 36.264961, 36.553478, 36.660175, 38.101936, 38.295937, 
1.747322, 5.288621, 6.789698, 7.238341, 7.409389, 7.825301, 10.880795, 11.545219, 11.672435, 11.794349, 12.211246, 12.552234, 12.610805, 13.073261, 13.384970, 13.647297, 15.307610, 16.152744, 17.739363, 18.670143, 20.866776, 21.884327, 24.441786, 25.229612, 27.036516, 27.502129, 28.532576, 28.923311, 28.955814, 30.321293, 30.507639, 30.803621, 31.208828, 32.343380, 33.290226, 35.674683, 36.049683, 37.187881, 37.943710, 38.131100, 
0.859728, 6.547330, 6.837070, 8.011109, 8.134843, 8.521558, 8.886066, 9.208774, 9.945268, 10.077231, 10.886847, 10.967974, 11.523842, 11.740674, 12.714371, 13.732844, 14.749321, 14.908116, 15.503268, 16.501028, 17.689934, 18.201319, 18.383131, 18.548161, 21.656219, 22.054855, 22.349274, 23.818375, 24.081095, 24.264696, 25.252806, 27.859697, 27.890156, 30.211021, 30.650511, 33.703316, 36.929489, 38.943905, 39.441582, 39.813148, 
1.601471, 1.752821, 2.045048, 3.079504, 4.335091, 4.593177, 6.972886, 7.113129, 9.402158, 9.498283, 9.536184, 9.848001, 12.288479, 12.315799, 13.079865, 13.709337, 14.849119, 16.888134, 16.908270, 17.645096, 18.862389, 21.123697, 26.190536, 26.362720, 26.615303, 29.133324, 29.299025, 30.391983, 30.413374, 30.583151, 31.127645, 32.548939, 33.679577, 34.903393, 35.733570, 36.667423, 37.501556, 38.926487, 39.021202, 39.207016, 
0.951436, 4.197056, 4.498751, 4.694628, 4.770868, 6.821549, 7.835192, 8.250353, 8.527442, 8.683167, 9.989338, 11.215722, 11.625896, 12.775810, 12.869380, 12.896778, 15.214738, 16.569679, 16.861996, 21.066450, 21.387476, 22.107258, 22.500586, 23.768795, 23.853725, 23.983984, 24.476343, 25.983541, 26.399706, 26.586439, 27.348804, 28.589912, 30.594627, 32.104599, 33.097191, 35.864979, 37.999187, 38.689739, 39.719318, 39.826591, 
0.642744, 0.728364, 0.784002, 1.099052, 2.236052, 4.208070, 4.636611, 4.729041, 5.876435, 7.579022, 9.179109, 10.186806, 10.617130, 11.456642, 11.481526, 11.657948, 13.863763, 14.943904, 15.189841, 15.710914, 16.668455, 16.725864, 17.171679, 17.834875, 20.552641, 21.370966, 22.471304, 25.142481, 26.097473, 26.324682, 28.479998, 28.487944, 30.750563, 31.501139, 31.896746, 32.433121, 33.098694, 34.837490, 36.063000, 36.108780, 
0.078302, 0.252836, 2.415293, 3.009712, 3.300292, 3.565949, 3.997696, 4.291436, 7.903268, 8.475301, 9.643573, 10.420003, 13.652466, 14.152940, 16.185434, 16.448328, 16.535837, 16.647690, 17.016777, 17.570862, 18.029043, 19.316536, 20.203468, 22.002277, 23.991566, 24.181799, 25.418711, 29.275961, 30.739902, 31.230330, 31.721954, 32.363220, 33.162151, 34.267147, 35.459515, 35.995979, 37.022663, 37.199478, 37.672047, 38.145473, 
0.097944, 0.151339, 1.577925, 1.967168, 2.268121, 2.815794, 2.834025, 3.368991, 3.635761, 4.548762, 4.737689, 5.088966, 5.678013, 5.787189, 13.433511, 14.186430, 15.168067, 15.919348, 18.460878, 19.006193, 19.460108, 21.403879, 23.558908, 23.992716, 25.884804, 28.133087, 29.176058, 30.628136, 31.488476, 31.531384, 31.823460, 32.071617, 32.640491, 33.356346, 34.400040, 35.811760, 36.279819, 36.488270, 37.023964, 39.108959, 
0.507122, 1.206643, 1.745812, 1.969191, 2.493006, 2.983985, 3.417022, 5.140154, 5.542928, 6.018848, 6.039052, 7.218996, 8.397530, 9.423867, 10.413713, 11.091302, 13.965071, 14.556335, 15.144520, 15.525526, 16.475567, 18.477665, 19.031851, 20.790604, 23.050095, 23.345943, 26.727869, 27.735191, 28.596266, 28.598009, 29.355459, 29.486948, 30.352310, 30.957249, 31.154940, 33.442005, 35.185131, 35.375175, 35.541210, 39.815960, 
0.939349, 1.077297, 1.903973, 2.043475, 2.327894, 3.426598, 4.091101, 4.564828, 4.954057, 8.025929, 9.485392, 11.710402, 12.404263, 12.935120, 14.322976, 14.536065, 14.925571, 19.047447, 22.678705, 25.031775, 26.944637, 28.124903, 28.244333, 31.180426, 31.406630, 31.484503, 31.515137, 31.633074, 33.099865, 33.117962, 33.522026, 33.679802, 33.918335, 34.787506, 35.447586, 35.526665, 35.637886, 36.060787, 36.945408, 39.993473, 
0.235332, 0.304128, 0.458452, 1.363993, 4.049975, 4.634879, 4.658638, 4.791123, 5.127299, 6.074358, 6.168395, 6.232991, 6.827518, 7.292672, 8.007303, 9.823410, 11.197555, 12.083879, 13.136863, 13.226999, 15.137730, 16.636265, 16.923616, 19.210207, 19.592285, 21.783966, 24.253393, 24.716612, 26.758736, 30.946512, 31.151522, 31.544640, 32.422985, 35.015587, 36.031120, 36.580772, 36.989368, 38.035210, 38.872917, 39.658058, 
0.425830, 0.620062, 4.312235, 5.310535, 5.346445, 5.773723, 5.884779, 6.913712, 8.900449, 9.297461, 9.537554, 10.159936, 10.390865, 10.521688, 11.066443, 11.084116, 12.317904, 12.608191, 15.138477, 15.785438, 17.647032, 18.880095, 18.992224, 21.773029, 23.081062, 25.027447, 25.722116, 27.781481, 29.959135, 30.155752, 30.327047, 30.792572, 30.977276, 31.768501, 31.815821, 32.261189, 34.566200, 35.739685, 37.662014, 38.524143, 
1.181978, 1.527075, 2.306944, 3.301286, 4.173195, 4.207847, 4.272972, 8.302486, 9.386649, 9.774732, 15.462531, 16.775652, 16.934948, 17.586115, 18.360821, 18.979246, 19.671129, 20.455524, 21.302559, 22.659187, 23.390352, 24.668917, 25.180893, 25.675001, 26.431221, 27.752649, 29.393682, 29.911701, 30.662512, 30.779152, 30.922869, 33.639286, 34.134327, 34.339203, 34.460907, 35.536907, 35.893955, 36.831356, 39.532574, 39.738220, 
0.513755, 1.983006, 2.000844, 2.229304, 2.991987, 3.654992, 5.379854, 7.059773, 8.016342, 8.048267, 8.070720, 8.837816, 9.391084, 10.355608, 10.572473, 11.116269, 11.538024, 11.577363, 13.543777, 17.104864, 17.388653, 18.459089, 18.911392, 19.455811, 20.156994, 22.039911, 22.056469, 25.098083, 25.339462, 25.944193, 26.850550, 27.282156, 27.460846, 30.878197, 30.908722, 31.547232, 32.707424, 36.008423, 36.666443, 37.351849, 
3.633948, 3.889953, 4.054379, 4.308300, 7.443547, 7.519891, 7.558826, 9.350464, 9.387690, 10.858528, 11.307954, 11.571441, 11.749166, 13.451866, 14.434425, 14.478636, 16.239916, 18.041945, 21.653753, 24.180950, 24.850277, 25.465668, 25.886175, 26.738657, 28.259508, 28.540876, 30.194735, 30.883064, 32.676693, 33.236267, 33.402950, 34.050369, 34.238628, 36.229630, 36.566360, 36.703823, 37.451000, 38.900478, 39.139816, 39.731159, 
3.268581, 3.412753, 6.810165, 6.972852, 7.510482, 8.005203, 8.033748, 8.644359, 9.418498, 9.756716, 10.962278, 11.029667, 11.644180, 11.806646, 11.900329, 14.795333, 15.674178, 16.019655, 17.492617, 17.787516, 17.888779, 20.214771, 20.314434, 20.821682, 24.503250, 24.735577, 25.440683, 26.013474, 27.567743, 27.859623, 28.416262, 29.402285, 29.779438, 30.241970, 31.566387, 32.428329, 34.324631, 34.814651, 37.506214, 39.082523, 
0.482515, 1.734757, 1.741071, 3.520062, 4.758314, 6.272333, 7.266613, 7.467106, 7.577981, 12.075898, 12.554069, 12.937371, 13.209717, 14.484236, 18.436735, 18.809181, 20.449427, 20.484098, 20.752609, 21.307356, 22.427479, 22.543367, 24.028662, 25.134729, 25.966511, 26.208963, 26.817905, 28.971739, 30.620016, 30.900642, 31.132099, 32.996784, 33.233692, 33.684669, 34.162788, 37.368534, 37.431110, 37.952400, 38.659275, 39.510315, 
1.600725, 1.950043, 2.754898, 4.704548, 5.554426, 5.830689, 5.902638, 8.270453, 9.850175, 10.454117, 11.247808, 12.303894, 13.854243, 14.222453, 14.522225, 15.286522, 17.743753, 19.105927, 20.467501, 22.279745, 25.315605, 26.326675, 26.951040, 27.846216, 28.396214, 28.901888, 29.883860, 29.919664, 31.271629, 31.483500, 33.230114, 33.610447, 33.748631, 34.534565, 34.904320, 34.946663, 34.983807, 36.900547, 38.018757, 39.890530, 
0.092202, 0.126448, 0.379255, 2.416637, 2.503832, 3.807217, 4.212242, 4.805227, 5.584867, 5.674623, 6.187879, 6.727489, 6.766754, 6.916222, 14.743937, 14.752894, 18.800337, 19.582088, 20.271774, 20.526066, 20.546724, 22.215403, 23.452160, 23.689987, 23.760298, 24.400278, 25.015095, 25.469872, 25.528463, 28.696177, 31.022724, 31.225168, 32.575871, 32.591236, 33.279324, 34.027336, 34.066765, 37.461147, 39.263382, 39.936836, 
1.055965, 1.199325, 2.434696, 3.580353, 3.991172, 4.370091, 5.666977, 6.579518, 9.345023, 9.629407, 11.742208, 14.740452, 15.240718, 15.479753, 16.764053, 18.135452, 18.768312, 22.846973, 24.432116, 24.472483, 25.197392, 26.542559, 27.120434, 28.047691, 28.888748, 30.180851, 30.864019, 31.113415, 31.125854, 31.537689, 32.067093, 32.128189, 33.578575, 34.729607, 35.539959, 35.550926, 35.782677, 36.452629, 38.523277, 39.967270, 
1.527436, 2.581612, 3.736609, 4.553233, 4.583333, 4.592254, 4.870030, 5.718952, 5.833017, 7.611609, 7.664235, 8.121190, 8.321930, 8.366892, 9.551514, 10.067874, 14.225279, 14.349098, 14.434863, 15.515180, 16.265398, 18.344185, 18.698412, 19.827568, 20.467463, 20.935841, 21.018929, 22.106728, 22.222294, 22.921700, 24.975748, 25.142565, 27.596581, 27.970356, 30.681259, 31.940321, 34.259304, 34.464222, 35.615112, 39.113914, 
0.322825, 1.852766, 1.919721, 2.098510, 2.305192, 2.325274, 5.131237, 6.735476, 8.394904, 8.771835, 11.506422, 11.629624, 11.630179, 13.185080, 13.940480, 14.792319, 15.293775, 15.603316, 15.850791, 16.158379, 16.288300, 17.166058, 17.364105, 17.418545, 19.184616, 19.716932, 20.487070, 20.575394, 21.143820, 21.545731, 23.553232, 23.800320, 29.130795, 30.079309, 31.564936, 32.783268, 34.484905, 35.423985, 36.992241, 38.765251, 
0.862966, 0.873720, 1.843297, 2.875299, 3.716485, 5.450288, 6.643833, 7.028970, 9.001101, 9.596139, 9.860970, 10.080975, 10.371278, 14.540836, 16.505287, 19.468971, 19.561478, 20.413799, 21.667763, 21.819481, 22.302908, 23.148338, 23.401882, 23.701197, 24.430172, 24.719145, 25.652596, 25.739161, 25.982506, 26.323807, 26.587614, 27.450249, 28.929111, 29.227762, 30.208256, 31.975147, 33.245007, 33.314537, 33.573231, 36.071087, 
0.338813, 0.655778, 0.771634, 0.853619, 2.315333, 3.817333, 5.451705, 5.555016, 6.229425, 6.708828, 8.898071, 12.507269, 13.663745, 14.298903, 14.388207, 16.968380, 17.496239, 17.558256, 17.828484, 18.056742, 18.237543, 18.828600, 23.352793, 23.860842, 24.696831, 24.833340, 27.021252, 27.605835, 27.632164, 28.019474, 28.770395, 29.167576, 30.789944, 32.984821, 34.387177, 35.812042, 38.179432, 38.265892, 39.187183, 39.384624, 
0.496463, 1.696592, 3.324515, 5.112867, 5.740209, 6.332280, 7.950668, 10.656152, 11.523123, 11.905273, 12.539771, 13.044086, 13.357255, 13.460390, 13.675176, 14.219018, 17.023407, 17.211014, 17.598083, 17.831936, 18.249714, 18.573402, 19.880770, 20.607365, 22.885292, 23.423698, 24.099405, 24.318319, 24.697960, 25.910450, 28.208937, 29.915983, 30.227934, 32.082397, 33.775414, 35.284695, 35.914131, 36.862354, 37.560532, 39.431293, 
0.534297, 2.168151, 2.911829, 3.378419, 3.755155, 4.010992, 7.715240, 8.168125, 8.746423, 8.866922, 9.257614, 9.828206, 9.830825, 11.746593, 12.790232, 13.467528, 13.887388, 14.898821, 16.819880, 17.218449, 17.808044, 17.987883, 19.258097, 21.288385, 21.908642, 22.037556, 22.452574, 24.686684, 28.395147, 29.498207, 30.998970, 33.367779, 34.070663, 34.769634, 35.368931, 36.017540, 36.260979, 37.542000, 37.820396, 39.796413, 
0.225877, 3.828961, 4.601823, 4.814804, 5.282719, 7.541678, 7.660883, 7.877727, 7.910398, 9.000572, 9.451174, 9.473801, 9.595746, 9.713140, 12.138458, 14.520228, 14.593851, 15.017136, 15.542119, 16.407942, 17.359835, 17.529186, 18.752708, 20.679838, 21.027786, 21.718161, 22.408546, 25.362146, 26.506460, 26.597214, 27.496492, 27.560814, 29.130129, 29.386259, 32.012726, 37.686436, 37.850037, 38.286491, 38.414749, 39.535530, 
0.378884, 2.924319, 3.490758, 3.602058, 5.292277, 7.465408, 8.819842, 9.732760, 9.993053, 10.284620, 10.991386, 12.382208, 13.809639, 15.685942, 15.850915, 15.925616, 16.280483, 17.506296, 18.180305, 20.123253, 20.292093, 20.588566, 21.974459, 22.434698, 25.223614, 25.304129, 25.367722, 26.916937, 27.206520, 29.296764, 29.787920, 31.077591, 31.385250, 31.399073, 32.092697, 34.554394, 35.219311, 36.577785, 37.711498, 38.843639, 
1.125987, 2.224632, 6.204478, 6.519434, 6.918352, 7.061754, 8.944358, 9.278822, 9.651056, 10.983492, 12.292599, 12.336299, 14.562095, 16.963898, 17.755789, 17.818960, 18.256786, 18.522778, 18.991663, 20.895874, 23.566942, 23.636492, 27.445818, 27.464554, 28.666630, 28.693268, 29.618690, 29.742714, 30.321108, 31.657175, 32.907299, 33.219952, 34.780701, 35.002235, 35.873837, 35.992363, 37.122395, 38.779186, 39.184826, 39.451481, 
0.887392, 1.748225, 2.299540, 3.900928, 4.172389, 4.456950, 4.750123, 4.795406, 5.533236, 5.928818, 6.238286, 8.428229, 9.773746, 9.776227, 10.595753, 10.837462, 12.501314, 12.858554, 13.206493, 13.684776, 14.664437, 16.024235, 17.510855, 17.831135, 18.276423, 18.851778, 19.398342, 19.518236, 19.710217, 21.628908, 22.808495, 25.822651, 27.023067, 27.262184, 28.786299, 29.662441, 31.307081, 34.409210, 37.289330, 38.541473, 
2.101801, 3.775423, 4.556051, 4.927252, 6.759137, 9.772033, 10.614117, 11.202724, 11.210712, 13.771259, 14.942160, 14.995998, 15.125406, 15.224860, 15.665682, 15.903598, 16.245422, 17.944529, 17.948828, 19.146627, 19.199175, 19.335049, 19.432453, 19.661924, 20.408438, 21.397238, 22.097227, 23.727177, 23.912849, 24.361015, 27.408026, 29.200512, 30.049950, 31.565624, 31.989956, 32.975700, 34.604958, 35.879700, 37.481083, 38.843777, 
1.233298, 1.296676, 1.466109, 1.564853, 3.033309, 3.344079, 4.291271, 4.640876, 4.989766, 5.486086, 5.846981, 8.310576, 12.344161, 13.429878, 14.783065, 14.788528, 14.797190, 16.371222, 17.952524, 19.297472, 20.413765, 23.764294, 24.118189, 24.954351, 25.322136, 25.481459, 26.028765, 26.163939, 26.461245, 27.391665, 27.789473, 27.832998, 28.256748, 31.570005, 31.705624, 33.802029, 33.916271, 34.809532, 36.589302, 38.229530, 
0.656632, 1.583906, 1.728786, 2.725335, 5.524924, 7.252019, 9.644787, 9.792302, 9.960184, 13.292255, 13.405496, 14.191458, 14.991978, 15.380596, 15.480173, 18.827806, 19.324837, 19.829910, 20.310146, 20.938730, 23.236595, 24.219183, 25.572554, 25.655657, 25.883703, 26.559809, 27.137884, 27.738579, 29.819448, 31.196697, 31.910416, 32.897995, 35.827873, 36.034554, 36.803726, 37.595417, 38.039436, 38.297657, 38.780739, 39.321262, 
0.061776, 0.841816, 1.534219, 2.725510, 5.769219, 6.657331, 7.017900, 7.893514, 8.046657, 8.321379, 9.218873, 10.511428, 11.080425, 12.660255, 14.354604, 14.581645, 17.155628, 18.711233, 18.721142, 20.022058, 20.809935, 22.412136, 22.853415, 23.932653, 24.083307, 24.351662, 24.597515, 25.738028, 26.291870, 27.306885, 28.103046, 34.816525, 35.025646, 35.349625, 35.954624, 36.820045, 36.857071, 37.066231, 37.703739, 38.005577, 
1.350446, 1.587829, 2.545976, 5.513082, 6.425508, 7.869384, 8.108254, 8.455549, 9.631339, 11.671818, 12.600247, 13.043046, 13.087376, 13.189293, 14.216957, 14.452168, 17.247120, 17.344822, 17.865234, 18.290451, 18.597328, 18.713303, 18.767126, 20.276863, 20.613628, 20.942989, 21.188456, 21.872663, 23.240004, 24.100552, 25.937206, 28.940582, 29.412004, 30.880583, 33.147823, 35.978020, 36.050720, 37.245735, 37.483177, 38.046776, 
0.174527, 0.228483, 2.642058, 2.921925, 3.255180, 4.060843, 4.681635, 4.712800, 5.253985, 6.535455, 6.850180, 7.986920, 10.443304, 13.531066, 13.544765, 13.717561, 16.824366, 16.874310, 18.645657, 18.646151, 19.185396, 19.962425, 22.749882, 27.127577, 27.218464, 28.261944, 29.725819, 29.859646, 29.860161, 30.766754, 30.958824, 31.576212, 31.913208, 32.538372, 33.447533, 33.934143, 35.291115, 35.322628, 37.569649, 39.395523, 
0.192197, 0.472883, 2.258940, 3.833021, 4.810034, 5.164394, 5.912807, 6.770555, 6.980844, 7.150275, 7.202291, 8.990664, 10.197543, 11.391587, 14.254145, 15.414432, 15.995600, 16.606432, 17.650608, 17.903589, 18.685093, 18.811253, 20.553930, 20.690418, 21.750330, 21.771460, 22.563528, 23.032862, 23.177500, 24.404394, 25.990705, 26.553783, 29.395647, 32.244247, 36.912968, 38.258179, 38.279594, 38.577122, 38.723026, 39.714199, 
0.168083, 1.414706, 2.376160, 2.769775, 3.264048, 3.907608, 4.769629, 5.645695, 6.465237, 6.642481, 7.251306, 14.128131, 14.776576, 15.680146, 17.454567, 17.999123, 18.121021, 18.636301, 20.718706, 21.278822, 21.714247, 24.098604, 24.604031, 27.561764, 27.628685, 27.908422, 30.862312, 31.166948, 31.999403, 33.036800, 33.531281, 33.846031, 36.232143, 36.551952, 37.136185, 37.682709, 38.674038, 38.804829, 39.438675, 39.630054, 
0.459922, 2.954968, 3.403334, 4.309618, 5.305941, 5.466396, 6.052774, 7.940657, 8.402580, 9.455754, 10.090899, 10.625570, 10.698778, 10.993501, 11.561996, 11.955358, 13.993056, 15.006563, 15.601546, 18.766275, 19.399351, 19.555223, 19.936836, 19.951525, 20.853218, 21.004644, 30.242861, 30.247211, 30.259350, 31.267153, 31.720993, 32.732414, 32.745949, 32.862686, 33.612560, 33.670933, 34.447388, 34.558002, 37.239120, 39.524811, 
0.307607, 0.869552, 1.264624, 2.483725, 2.527698, 4.374937, 6.908123, 8.083577, 9.385763, 12.646003, 13.931161, 14.964371, 16.769979, 17.637579, 18.405077, 18.693722, 18.982313, 19.027925, 20.065893, 20.067892, 20.641869, 20.669636, 21.475956, 23.250061, 23.840033, 25.533861, 26.972288, 28.428076, 28.512436, 29.797422, 33.156456, 33.506531, 34.252396, 34.755852, 35.348431, 35.765839, 37.307514, 38.128197, 39.137398, 39.377129, 
1.961501, 2.574221, 4.126380, 4.779964, 4.889313, 7.231480, 7.360784, 7.716994, 7.970723, 8.798585, 9.192234, 9.435112, 10.745781, 12.965673, 14.949894, 16.775131, 17.472013, 18.239010, 18.436941, 19.803303, 19.831997, 20.414946, 22.896709, 24.335396, 24.844404, 25.166370, 26.491501, 26.519684, 26.784458, 29.661259, 30.618095, 30.682480, 31.452219, 33.507645, 34.269222, 34.849270, 35.101349, 37.311852, 39.017124, 39.940197, 
0.348926, 6.590782, 6.791845, 6.994398, 8.085019, 9.462257, 11.329864, 12.268076, 12.437789, 13.398399, 15.953165, 16.281477, 16.557224, 16.770639, 17.108019, 19.302736, 20.705883, 21.376678, 21.591276, 21.955572, 22.255648, 22.444296, 22.821417, 24.942919, 26.986494, 27.603523, 27.802858, 30.284735, 30.905794, 33.522232, 34.270420, 34.681808, 34.756176, 35.565880, 35.980389, 36.990177, 37.085979, 37.249962, 38.471893, 38.804722, 
0.907304, 1.288642, 1.418197, 1.971676, 2.100704, 2.147736, 3.115647, 3.563762, 4.024728, 4.137422, 6.068184, 6.312215, 7.197359, 10.025389, 11.689217, 14.784486, 15.463811, 15.715385, 15.834712, 16.392351, 16.566484, 17.746193, 17.902475, 18.131857, 20.382174, 20.474232, 22.854418, 23.774794, 23.978025, 24.021700, 24.157927, 24.217642, 26.483883, 27.366423, 27.691021, 27.693703, 29.921732, 36.640034, 38.189388, 38.540966, 
0.060793, 1.076113, 3.820130, 3.848589, 3.915552, 5.671615, 6.217485, 6.547151, 9.462396, 10.287196, 11.257288, 12.552953, 13.209021, 13.400675, 13.565997, 13.908607, 14.451531, 14.535655, 15.953349, 16.288044, 19.056622, 20.012316, 20.977560, 23.598120, 24.920778, 25.099363, 26.015699, 26.920109, 27.902380, 28.831915, 29.226093, 31.728697, 32.432831, 32.664570, 34.541508, 36.190578, 37.276653, 37.721733, 37.770267, 39.392635, 
0.048959, 0.748232, 0.811769, 1.238597, 2.079477, 5.086013, 7.906432, 7.989061, 10.378999, 10.431945, 10.473951, 11.668853, 12.661433, 13.263307, 14.446841, 15.612203, 17.745775, 18.972588, 19.297991, 19.581213, 19.658100, 22.905510, 24.578568, 25.545973, 26.549980, 26.655348, 27.891462, 28.474854, 29.059298, 29.294744, 29.344374, 29.851147, 30.182211, 31.108486, 31.847940, 33.356651, 35.912174, 36.548740, 39.421234, 39.797264, 
0.270283, 0.374606, 1.691811, 2.413287, 2.470733, 2.857630, 3.282830, 4.044424, 5.484580, 7.467723, 7.502833, 8.552987, 9.006430, 9.462054, 9.517008, 10.336212, 11.506623, 12.387472, 13.843575, 14.792582, 15.265212, 15.524498, 16.892706, 17.613241, 18.026728, 18.552097, 18.883749, 19.018778, 19.513243, 20.187031, 23.682121, 25.051199, 26.616707, 26.921808, 28.013788, 28.872694, 29.153463, 29.339064, 29.862755, 35.165699, 
0.742539, 1.142779, 1.178888, 2.890174, 3.259387, 3.310247, 5.147560, 5.185386, 5.273221, 5.829834, 6.527060, 7.496689, 7.565296, 12.006300, 12.950516, 13.097659, 13.186147, 14.305909, 14.613668, 14.673390, 15.250281, 15.738034, 16.557575, 20.574499, 22.195871, 23.956364, 24.021099, 24.364542, 27.150652, 27.659544, 28.278328, 28.723269, 29.478493, 30.171492, 32.275593, 32.537796, 32.749382, 32.956573, 36.794724, 37.876778, 
0.123568, 1.526994, 2.118841, 2.387157, 2.978091, 4.050450, 4.184071, 5.145651, 5.375405, 5.829949, 6.972915, 8.249893, 11.204911, 12.196700, 12.477487, 13.117724, 13.127656, 15.129965, 16.142666, 16.230026, 17.093777, 17.866621, 19.123007, 19.308723, 21.697313, 21.806126, 23.291824, 26.179903, 28.829355, 29.960981, 30.022635, 30.601944, 31.718838, 33.865707, 34.721127, 35.742477, 38.373718, 38.426888, 39.413990, 39.581326, 
0.571184, 1.438679, 2.120072, 4.879354, 5.156882, 5.207995, 6.253833, 7.107950, 7.141432, 8.591941, 8.667108, 12.745179, 13.152783, 14.028646, 16.824741, 17.172325, 18.651966, 19.360598, 19.373884, 19.989916, 22.765907, 23.584061, 24.196520, 24.669786, 26.164486, 26.662317, 27.332989, 27.561201, 27.627008, 27.631653, 28.878468, 29.009577, 30.535637, 31.664223, 31.906324, 33.765198, 35.191322, 35.568192, 37.049465, 37.241444, 
1.829381, 4.624532, 5.575977, 6.026290, 7.713825, 9.758847, 10.018526, 10.494740, 10.518077, 11.509908, 11.871193, 12.410889, 16.132643, 16.287079, 17.308771, 17.324846, 19.664791, 21.355154, 21.469549, 21.774044, 22.449957, 23.146149, 23.873909, 25.340147, 25.592539, 26.868723, 27.660606, 27.787390, 27.906481, 28.685343, 30.263903, 31.487602, 32.953491, 33.963535, 35.142879, 36.167305, 36.978279, 37.898499, 38.260323, 38.601681, 
0.688815, 1.733803, 2.612120, 2.960198, 4.486377, 4.640158, 5.007768, 8.873919, 9.722360, 10.115573, 10.654922, 10.967254, 11.815496, 12.549307, 13.429426, 14.855217, 15.851923, 16.254198, 16.767328, 17.457840, 19.078859, 19.422827, 21.673994, 22.752472, 24.981993, 26.362637, 27.213463, 28.040438, 30.725464, 30.830519, 30.879873, 32.346649, 34.087666, 34.208553, 34.696426, 34.939266, 37.385597, 37.407883, 38.240875, 38.935070, 
1.475295, 2.010918, 3.130166, 4.597706, 5.316989, 5.644656, 8.425579, 8.532253, 9.620733, 9.670291, 11.653588, 14.515333, 15.581363, 16.102356, 19.134554, 19.612888, 19.817461, 20.989555, 21.967365, 23.164797, 25.095963, 27.111849, 28.055254, 29.640079, 30.230810, 30.364799, 30.505552, 31.681856, 32.257935, 32.410187, 32.806568, 33.942959, 34.811890, 34.933304, 35.663074, 38.225651, 38.272308, 38.525883, 38.611362, 38.983009, 
0.823906, 1.954706, 3.370112, 5.168373, 6.373188, 7.464154, 9.933294, 10.211689, 11.255803, 12.045261, 12.228672, 12.699089, 14.592457, 15.388000, 16.409580, 16.514006, 17.464083, 18.397011, 18.666994, 19.896875, 20.764658, 21.552395, 21.803089, 22.219860, 24.508186, 25.007107, 25.718107, 26.734085, 26.840296, 27.335468, 27.939867, 28.401175, 29.595924, 31.920485, 35.352097, 35.388149, 36.065247, 37.011898, 38.530899, 38.628407, 
