7.316629, 0.000000, 
11.271925, 0.000000, 
5.470924, 0.000000, 
3.543224, 0.000000, 
18.225824, 0.000000, 
17.766527, 0.000000, 
11.363598, 0.000000, 
8.654604, 0.000000, 
4.792670, 0.000000, 
19.104692, 0.000000, 
2.200906, 0.000000, 
1.152136, 0.000000, 
17.515633, 0.000000, 
17.979826, 0.000000, 
14.677142, 0.000000, 
11.179624, 0.000000, 
0.065534, 0.000000, 
18.303617, 0.000000, 
0.494913, 0.000000, 
5.071975, 0.000000, 
10.018344, 0.000000, 
11.948832, 0.000000, 
10.433455, 0.000000, 
9.086719, 0.000000, 
6.559147, 0.000000, 
19.392204, 0.000000, 
15.801771, 0.000000, 
16.269983, 0.000000, 
10.221208, 0.000000, 
9.590478, 0.000000, 
16.751411, 0.000000, 
15.733839, 0.000000, 
16.742981, 0.000000, 
1.187111, 0.000000, 
9.466844, 0.000000, 
6.129125, 0.000000, 
4.047007, 0.000000, 
11.965319, 0.000000, 
0.226882, 0.000000, 
6.554358, 0.000000, 
