12.605922, 0.000000, 
16.992832, 0.000000, 
11.597691, 0.000000, 
6.209897, 0.000000, 
0.027842, 0.000000, 
6.529536, 0.000000, 
5.687000, 0.000000, 
15.409255, 0.000000, 
7.643521, 0.000000, 
16.291969, 0.000000, 
18.831894, 0.000000, 
17.282188, 0.000000, 
6.430697, 0.000000, 
1.813644, 0.000000, 
6.760233, 0.000000, 
3.608737, 0.000000, 
5.572956, 0.000000, 
1.743736, 0.000000, 
12.219726, 0.000000, 
8.607215, 0.000000, 
18.655655, 0.000000, 
10.534748, 0.000000, 
18.865541, 0.000000, 
18.037527, 0.000000, 
0.193323, 0.000000, 
16.599457, 0.000000, 
16.074965, 0.000000, 
12.170265, 0.000000, 
0.439810, 0.000000, 
17.779593, 0.000000, 
1.469953, 0.000000, 
0.624989, 0.000000, 
1.278493, 0.000000, 
15.541726, 0.000000, 
5.824782, 0.000000, 
5.005598, 0.000000, 
16.895521, 0.000000, 
16.012926, 0.000000, 
3.654963, 0.000000, 
8.653807, 0.000000, 
