13.569927, 0.000000, 
19.155502, 0.000000, 
7.840387, 0.000000, 
8.469018, 0.000000, 
0.951191, 0.000000, 
3.151990, 0.000000, 
1.334328, 0.000000, 
0.998505, 0.000000, 
6.966234, 0.000000, 
10.592238, 0.000000, 
0.063905, 0.000000, 
10.644623, 0.000000, 
10.723909, 0.000000, 
15.345621, 0.000000, 
9.505888, 0.000000, 
3.470352, 0.000000, 
17.183519, 0.000000, 
18.488899, 0.000000, 
3.944347, 0.000000, 
15.827854, 0.000000, 
0.449503, 0.000000, 
12.010536, 0.000000, 
13.994143, 0.000000, 
12.430430, 0.000000, 
9.082674, 0.000000, 
10.464598, 0.000000, 
7.626488, 0.000000, 
5.215498, 0.000000, 
3.515400, 0.000000, 
18.908457, 0.000000, 
5.535055, 0.000000, 
1.762602, 0.000000, 
12.649267, 0.000000, 
11.596971, 0.000000, 
16.734079, 0.000000, 
17.436197, 0.000000, 
18.837872, 0.000000, 
10.577424, 0.000000, 
2.584796, 0.000000, 
7.025268, 0.000000, 
