-0.452664, 0.000000, 
1.388629, 0.000000, 
2.114455, 0.000000, 
3.200952, 0.000000, 
4.054924, 0.000000, 
5.319918, 0.000000, 
6.196367, 0.000000, 
7.462533, 0.000000, 
8.000609, 0.000000, 
8.921575, 0.000000, 
10.065395, 0.000000, 
10.953454, 0.000000, 
11.930331, 0.000000, 
12.919473, 0.000000, 
13.451818, 0.000000, 
14.472178, 0.000000, 
16.159731, 0.000000, 
17.312208, 0.000000, 
18.728422, 0.000000, 
18.897497, 0.000000, 
20.150936, 0.000000, 
21.153641, 0.000000, 
22.010618, 0.000000, 
23.263863, 0.000000, 
23.870068, 0.000000, 
25.030231, 0.000000, 
26.038816, 0.000000, 
27.140041, 0.000000, 
28.051350, 0.000000, 
29.055506, 0.000000, 
30.142962, 0.000000, 
30.930185, 0.000000, 
31.933666, 0.000000, 
32.867176, 0.000000, 
34.071262, 0.000000, 
34.727669, 0.000000, 
36.197330, 0.000000, 
37.183414, 0.000000, 
37.882084, 0.000000, 
39.187153, 0.000000, 
39.591366, 0.000000, 
40.972378, 0.000000, 
41.978340, 0.000000, 
43.220718, 0.000000, 
44.062057, 0.000000, 
45.065060, 0.000000, 
45.805927, 0.000000, 
47.086243, 0.000000, 
47.885742, 0.000000, 
49.015457, 0.000000, 
49.805481, 0.000000, 
50.701546, 0.000000, 
51.852165, 0.000000, 
52.924931, 0.000000, 
54.399132, 0.000000, 
54.913620, 0.000000, 
55.971741, 0.000000, 
56.897243, 0.000000, 
57.972157, 0.000000, 
59.122524, 0.000000, 
59.844551, 0.000000, 
61.230267, 0.000000, 
61.964756, 0.000000, 
62.848324, 0.000000, 
64.250092, 0.000000, 
65.082062, 0.000000, 
65.636070, 0.000000, 
67.070824, 0.000000, 
68.193626, 0.000000, 
68.927261, 0.000000, 
69.892258, 0.000000, 
70.872826, 0.000000, 
71.879539, 0.000000, 
72.856155, 0.000000, 
74.151352, 0.000000, 
74.854881, 0.000000, 
76.327187, 0.000000, 
76.897606, 0.000000, 
78.331497, 0.000000, 
78.600876, 0.000000, 
80.030525, 0.000000, 
81.258812, 0.000000, 
81.951225, 0.000000, 
83.072708, 0.000000, 
84.060844, 0.000000, 
85.164932, 0.000000, 
86.198990, 0.000000, 
86.875031, 0.000000, 
87.721069, 0.000000, 
88.756905, 0.000000, 
89.750877, 0.000000, 
91.016640, 0.000000, 
91.869080, 0.000000, 
92.929749, 0.000000, 
94.006149, 0.000000, 
94.668472, 0.000000, 
96.021217, 0.000000, 
96.937500, 0.000000, 
97.914703, 0.000000, 
99.292435, 0.000000, 
99.998970, 0.000000, 
101.024239, 0.000000, 
101.827408, 0.000000, 
102.761543, 0.000000, 
103.970047, 0.000000, 
104.781982, 0.000000, 
106.022980, 0.000000, 
106.606483, 0.000000, 
108.111984, 0.000000, 
109.043991, 0.000000, 
109.893089, 0.000000, 
110.845467, 0.000000, 
112.323242, 0.000000, 
112.899139, 0.000000, 
113.852898, 0.000000, 
114.899307, 0.000000, 
115.982269, 0.000000, 
116.897446, 0.000000, 
117.719070, 0.000000, 
118.995995, 0.000000, 
119.941017, 0.000000, 
120.944908, 0.000000, 
121.959984, 0.000000, 
122.723953, 0.000000, 
123.480812, 0.000000, 
125.181252, 0.000000, 
125.697800, 0.000000, 
126.706947, 0.000000, 
128.060638, 0.000000, 
129.524673, 0.000000, 
129.755615, 0.000000, 
130.931931, 0.000000, 
132.158371, 0.000000, 
133.096863, 0.000000, 
133.910690, 0.000000, 
135.168396, 0.000000, 
135.757965, 0.000000, 
136.823914, 0.000000, 
137.868927, 0.000000, 
139.188171, 0.000000, 
140.200134, 0.000000, 
141.104797, 0.000000, 
142.029480, 0.000000, 
143.193787, 0.000000, 
144.102707, 0.000000, 
144.857941, 0.000000, 
145.901337, 0.000000, 
146.862518, 0.000000, 
147.953583, 0.000000, 
148.532410, 0.000000, 
149.928894, 0.000000, 
150.752731, 0.000000, 
152.068649, 0.000000, 
152.712021, 0.000000, 
153.980682, 0.000000, 
154.878693, 0.000000, 
156.005081, 0.000000, 
156.721542, 0.000000, 
158.201569, 0.000000, 
159.291382, 0.000000, 
159.986420, 0.000000, 
160.933365, 0.000000, 
162.128204, 0.000000, 
163.167770, 0.000000, 
163.816544, 0.000000, 
165.331253, 0.000000, 
165.867126, 0.000000, 
166.947891, 0.000000, 
167.989578, 0.000000, 
169.181046, 0.000000, 
170.180786, 0.000000, 
171.199417, 0.000000, 
171.814041, 0.000000, 
172.986649, 0.000000, 
174.002655, 0.000000, 
174.963638, 0.000000, 
175.837921, 0.000000, 
177.334641, 0.000000, 
178.044525, 0.000000, 
179.239059, 0.000000, 
179.651184, 0.000000, 
181.044739, 0.000000, 
181.798798, 0.000000, 
183.219177, 0.000000, 
183.922028, 0.000000, 
184.975082, 0.000000, 
186.080139, 0.000000, 
186.738785, 0.000000, 
187.848938, 0.000000, 
189.271988, 0.000000, 
189.903793, 0.000000, 
191.202942, 0.000000, 
192.298141, 0.000000, 
193.122513, 0.000000, 
194.058731, 0.000000, 
195.205185, 0.000000, 
195.897278, 0.000000, 
197.054367, 0.000000, 
198.055832, 0.000000, 
198.952377, 0.000000, 
