-0.096154, 0.000000, 
0.500579, 0.000000, 
1.294449, 0.000000, 
1.936625, 0.000000, 
3.794987, 0.000000, 
4.925492, 0.000000, 
6.276044, 0.000000, 
6.739383, 0.000000, 
8.753780, 0.000000, 
8.962337, 0.000000, 
11.133576, 0.000000, 
11.442411, 0.000000, 
12.340269, 0.000000, 
13.719112, 0.000000, 
13.874022, 0.000000, 
15.097758, 0.000000, 
15.882612, 0.000000, 
16.980480, 0.000000, 
17.789108, 0.000000, 
19.501242, 0.000000, 
19.999256, 0.000000, 
20.847986, 0.000000, 
21.015379, 0.000000, 
22.225914, 0.000000, 
23.506168, 0.000000, 
25.336943, 0.000000, 
25.613146, 0.000000, 
26.499514, 0.000000, 
27.907116, 0.000000, 
29.010073, 0.000000, 
29.099792, 0.000000, 
30.676460, 0.000000, 
32.411648, 0.000000, 
32.572739, 0.000000, 
33.045055, 0.000000, 
35.569962, 0.000000, 
35.938461, 0.000000, 
36.693295, 0.000000, 
37.784271, 0.000000, 
39.662601, 0.000000, 
40.514679, 0.000000, 
41.105122, 0.000000, 
41.938194, 0.000000, 
42.628166, 0.000000, 
44.038910, 0.000000, 
45.575878, 0.000000, 
45.631084, 0.000000, 
47.455074, 0.000000, 
48.004398, 0.000000, 
49.068138, 0.000000, 
50.227196, 0.000000, 
50.400394, 0.000000, 
52.524479, 0.000000, 
52.964916, 0.000000, 
54.591358, 0.000000, 
55.143059, 0.000000, 
55.885429, 0.000000, 
56.478031, 0.000000, 
58.226967, 0.000000, 
59.595577, 0.000000, 
59.970562, 0.000000, 
61.466187, 0.000000, 
62.016273, 0.000000, 
63.542427, 0.000000, 
64.640503, 0.000000, 
64.670227, 0.000000, 
66.492928, 0.000000, 
67.725250, 0.000000, 
67.883743, 0.000000, 
68.953384, 0.000000, 
69.944008, 0.000000, 
71.299850, 0.000000, 
72.312965, 0.000000, 
72.318207, 0.000000, 
74.414612, 0.000000, 
74.939339, 0.000000, 
77.422287, 0.000000, 
77.508148, 0.000000, 
78.296295, 0.000000, 
79.512146, 0.000000, 
79.811562, 0.000000, 
81.112091, 0.000000, 
82.548988, 0.000000, 
83.664688, 0.000000, 
84.234375, 0.000000, 
84.294167, 0.000000, 
85.755234, 0.000000, 
87.476746, 0.000000, 
88.350815, 0.000000, 
88.587761, 0.000000, 
89.991570, 0.000000, 
90.581474, 0.000000, 
92.615097, 0.000000, 
92.642715, 0.000000, 
94.266182, 0.000000, 
94.862808, 0.000000, 
96.589851, 0.000000, 
97.269882, 0.000000, 
97.685425, 0.000000, 
99.579292, 0.000000, 
99.748482, 0.000000, 
101.258377, 0.000000, 
102.420662, 0.000000, 
102.593109, 0.000000, 
103.968727, 0.000000, 
105.054474, 0.000000, 
106.253258, 0.000000, 
106.435654, 0.000000, 
108.115700, 0.000000, 
109.537605, 0.000000, 
109.879333, 0.000000, 
110.666161, 0.000000, 
112.709991, 0.000000, 
112.881760, 0.000000, 
114.060959, 0.000000, 
115.320419, 0.000000, 
116.075783, 0.000000, 
117.752556, 0.000000, 
118.391685, 0.000000, 
119.024353, 0.000000, 
119.793571, 0.000000, 
121.067307, 0.000000, 
122.104439, 0.000000, 
122.655388, 0.000000, 
124.353706, 0.000000, 
124.629471, 0.000000, 
126.629257, 0.000000, 
126.661552, 0.000000, 
128.420013, 0.000000, 
129.206253, 0.000000, 
129.715897, 0.000000, 
131.271225, 0.000000, 
131.632874, 0.000000, 
132.813263, 0.000000, 
133.223953, 0.000000, 
134.917709, 0.000000, 
135.469879, 0.000000, 
136.398315, 0.000000, 
137.531937, 0.000000, 
139.906067, 0.000000, 
140.555008, 0.000000, 
141.392563, 0.000000, 
141.577408, 0.000000, 
143.155075, 0.000000, 
143.838760, 0.000000, 
144.629333, 0.000000, 
145.082352, 0.000000, 
147.005920, 0.000000, 
148.923920, 0.000000, 
149.129395, 0.000000, 
149.232651, 0.000000, 
150.613159, 0.000000, 
151.483871, 0.000000, 
152.779861, 0.000000, 
154.059799, 0.000000, 
155.353226, 0.000000, 
155.365723, 0.000000, 
158.012360, 0.000000, 
158.046539, 0.000000, 
159.275406, 0.000000, 
159.749237, 0.000000, 
160.638199, 0.000000, 
161.445251, 0.000000, 
162.954346, 0.000000, 
163.574646, 0.000000, 
164.495758, 0.000000, 
166.625092, 0.000000, 
167.323502, 0.000000, 
167.505020, 0.000000, 
168.456650, 0.000000, 
170.210159, 0.000000, 
171.037857, 0.000000, 
172.398621, 0.000000, 
173.544922, 0.000000, 
174.696747, 0.000000, 
175.340439, 0.000000, 
175.469543, 0.000000, 
177.621094, 0.000000, 
177.791458, 0.000000, 
179.925766, 0.000000, 
179.926422, 0.000000, 
180.800949, 0.000000, 
182.093033, 0.000000, 
182.730560, 0.000000, 
183.947800, 0.000000, 
185.266190, 0.000000, 
185.497849, 0.000000, 
186.046356, 0.000000, 
187.876846, 0.000000, 
189.423721, 0.000000, 
190.115341, 0.000000, 
190.668396, 0.000000, 
191.544846, 0.000000, 
193.201996, 0.000000, 
194.051605, 0.000000, 
195.292252, 0.000000, 
196.230377, 0.000000, 
196.648972, 0.000000, 
197.803802, 0.000000, 
199.430542, 0.000000, 
