-0.049377, 0.000000, 
0.968025, 0.000000, 
2.051868, 0.000000, 
2.691614, 0.000000, 
3.857663, 0.000000, 
5.188426, 0.000000, 
6.036985, 0.000000, 
6.881358, 0.000000, 
8.015164, 0.000000, 
9.014355, 0.000000, 
9.934601, 0.000000, 
10.894313, 0.000000, 
11.927272, 0.000000, 
13.110989, 0.000000, 
13.866898, 0.000000, 
14.805329, 0.000000, 
15.930039, 0.000000, 
17.035427, 0.000000, 
17.987701, 0.000000, 
19.052345, 0.000000, 
19.892628, 0.000000, 
21.133127, 0.000000, 
21.972784, 0.000000, 
22.900955, 0.000000, 
23.991947, 0.000000, 
24.981487, 0.000000, 
26.107376, 0.000000, 
27.043011, 0.000000, 
28.021229, 0.000000, 
29.041645, 0.000000, 
30.081026, 0.000000, 
31.044996, 0.000000, 
31.729540, 0.000000, 
32.848175, 0.000000, 
34.161030, 0.000000, 
35.079063, 0.000000, 
36.000057, 0.000000, 
36.885605, 0.000000, 
38.085716, 0.000000, 
38.880783, 0.000000, 
40.068798, 0.000000, 
40.999111, 0.000000, 
41.931511, 0.000000, 
43.133137, 0.000000, 
43.965748, 0.000000, 
44.983204, 0.000000, 
45.830223, 0.000000, 
47.047703, 0.000000, 
47.997715, 0.000000, 
48.929852, 0.000000, 
49.904449, 0.000000, 
51.176228, 0.000000, 
52.007721, 0.000000, 
53.024986, 0.000000, 
54.083511, 0.000000, 
55.152393, 0.000000, 
56.107128, 0.000000, 
57.009033, 0.000000, 
58.027893, 0.000000, 
58.892864, 0.000000, 
59.903374, 0.000000, 
61.009266, 0.000000, 
61.849998, 0.000000, 
62.940311, 0.000000, 
63.990799, 0.000000, 
64.979439, 0.000000, 
66.057228, 0.000000, 
67.098709, 0.000000, 
67.993446, 0.000000, 
69.132599, 0.000000, 
69.985222, 0.000000, 
70.957199, 0.000000, 
71.902512, 0.000000, 
72.937080, 0.000000, 
74.054092, 0.000000, 
74.812813, 0.000000, 
75.986893, 0.000000, 
76.940872, 0.000000, 
78.049858, 0.000000, 
78.993423, 0.000000, 
80.003983, 0.000000, 
81.113205, 0.000000, 
81.915176, 0.000000, 
83.169876, 0.000000, 
84.144394, 0.000000, 
84.961105, 0.000000, 
86.111305, 0.000000, 
87.033379, 0.000000, 
87.994522, 0.000000, 
88.996964, 0.000000, 
89.945107, 0.000000, 
91.165192, 0.000000, 
92.004677, 0.000000, 
93.086929, 0.000000, 
93.970154, 0.000000, 
95.084053, 0.000000, 
96.054352, 0.000000, 
96.972374, 0.000000, 
98.092545, 0.000000, 
98.977760, 0.000000, 
100.020859, 0.000000, 
101.173340, 0.000000, 
101.815933, 0.000000, 
102.960732, 0.000000, 
104.107765, 0.000000, 
104.874214, 0.000000, 
105.935341, 0.000000, 
106.821617, 0.000000, 
108.050117, 0.000000, 
108.923103, 0.000000, 
109.969986, 0.000000, 
111.027206, 0.000000, 
112.058960, 0.000000, 
112.931465, 0.000000, 
113.877640, 0.000000, 
114.843887, 0.000000, 
115.849968, 0.000000, 
117.053558, 0.000000, 
117.726746, 0.000000, 
119.129959, 0.000000, 
120.035950, 0.000000, 
121.199684, 0.000000, 
122.008865, 0.000000, 
123.038582, 0.000000, 
123.889938, 0.000000, 
125.023819, 0.000000, 
126.037239, 0.000000, 
126.943207, 0.000000, 
127.997444, 0.000000, 
129.093552, 0.000000, 
129.974045, 0.000000, 
131.099243, 0.000000, 
132.050552, 0.000000, 
133.009003, 0.000000, 
134.100067, 0.000000, 
135.004623, 0.000000, 
136.014008, 0.000000, 
137.084518, 0.000000, 
137.953964, 0.000000, 
139.032288, 0.000000, 
139.879364, 0.000000, 
141.056915, 0.000000, 
141.991165, 0.000000, 
142.962158, 0.000000, 
144.175522, 0.000000, 
145.119110, 0.000000, 
146.106400, 0.000000, 
146.920441, 0.000000, 
147.980667, 0.000000, 
149.263489, 0.000000, 
150.013306, 0.000000, 
150.887268, 0.000000, 
151.945908, 0.000000, 
152.834869, 0.000000, 
154.134537, 0.000000, 
155.011444, 0.000000, 
155.936203, 0.000000, 
157.000015, 0.000000, 
158.178192, 0.000000, 
159.034164, 0.000000, 
159.996597, 0.000000, 
160.972427, 0.000000, 
161.814972, 0.000000, 
163.036453, 0.000000, 
163.995560, 0.000000, 
165.136414, 0.000000, 
166.087692, 0.000000, 
166.990692, 0.000000, 
168.063507, 0.000000, 
168.688644, 0.000000, 
170.017746, 0.000000, 
171.196106, 0.000000, 
171.997223, 0.000000, 
172.935852, 0.000000, 
174.219864, 0.000000, 
174.976578, 0.000000, 
175.985397, 0.000000, 
177.084854, 0.000000, 
177.838562, 0.000000, 
178.897202, 0.000000, 
179.994171, 0.000000, 
180.989395, 0.000000, 
181.877777, 0.000000, 
183.090744, 0.000000, 
183.919022, 0.000000, 
184.996674, 0.000000, 
185.796310, 0.000000, 
186.910110, 0.000000, 
187.950623, 0.000000, 
188.930786, 0.000000, 
189.976776, 0.000000, 
191.097305, 0.000000, 
192.152786, 0.000000, 
193.063599, 0.000000, 
193.816666, 0.000000, 
194.994858, 0.000000, 
196.163727, 0.000000, 
197.170715, 0.000000, 
197.940811, 0.000000, 
198.985413, 0.000000, 
