0.653754, 0.000000, 
0.778460, 0.000000, 
1.967722, 0.000000, 
3.617383, 0.000000, 
3.620021, 0.000000, 
5.578785, 0.000000, 
6.620555, 0.000000, 
6.925786, 0.000000, 
8.361633, 0.000000, 
9.127962, 0.000000, 
9.371872, 0.000000, 
11.588260, 0.000000, 
12.102510, 0.000000, 
13.115670, 0.000000, 
14.600501, 0.000000, 
15.697413, 0.000000, 
16.450434, 0.000000, 
17.403109, 0.000000, 
18.097927, 0.000000, 
18.804043, 0.000000, 
20.340321, 0.000000, 
20.997267, 0.000000, 
22.230986, 0.000000, 
22.499201, 0.000000, 
23.769466, 0.000000, 
25.434523, 0.000000, 
25.949022, 0.000000, 
26.738251, 0.000000, 
28.119122, 0.000000, 
28.960859, 0.000000, 
30.560314, 0.000000, 
31.700121, 0.000000, 
31.894470, 0.000000, 
32.652225, 0.000000, 
34.008080, 0.000000, 
35.237003, 0.000000, 
35.540825, 0.000000, 
36.719677, 0.000000, 
38.141010, 0.000000, 
38.693836, 0.000000, 
39.954540, 0.000000, 
40.785255, 0.000000, 
42.047794, 0.000000, 
42.376225, 0.000000, 
43.757919, 0.000000, 
45.027897, 0.000000, 
45.974186, 0.000000, 
46.868176, 0.000000, 
47.768829, 0.000000, 
49.234394, 0.000000, 
50.133209, 0.000000, 
50.780262, 0.000000, 
52.247704, 0.000000, 
53.706409, 0.000000, 
53.726860, 0.000000, 
55.091518, 0.000000, 
56.202358, 0.000000, 
57.188908, 0.000000, 
58.626820, 0.000000, 
59.025581, 0.000000, 
59.950890, 0.000000, 
60.611916, 0.000000, 
61.716682, 0.000000, 
63.037357, 0.000000, 
63.694790, 0.000000, 
65.462799, 0.000000, 
66.311989, 0.000000, 
66.425941, 0.000000, 
67.993927, 0.000000, 
68.848282, 0.000000, 
69.334312, 0.000000, 
70.581589, 0.000000, 
72.543129, 0.000000, 
72.967773, 0.000000, 
74.476410, 0.000000, 
75.289413, 0.000000, 
75.710403, 0.000000, 
77.477005, 0.000000, 
78.219757, 0.000000, 
78.809387, 0.000000, 
79.835930, 0.000000, 
81.647102, 0.000000, 
82.440880, 0.000000, 
83.239479, 0.000000, 
84.392914, 0.000000, 
84.861290, 0.000000, 
86.062057, 0.000000, 
87.196518, 0.000000, 
88.532799, 0.000000, 
88.553566, 0.000000, 
90.374519, 0.000000, 
90.412262, 0.000000, 
92.203247, 0.000000, 
93.498062, 0.000000, 
94.172546, 0.000000, 
94.699989, 0.000000, 
95.325020, 0.000000, 
97.768166, 0.000000, 
97.779259, 0.000000, 
98.859650, 0.000000, 
100.011139, 0.000000, 
100.711365, 0.000000, 
101.188522, 0.000000, 
103.124992, 0.000000, 
104.289963, 0.000000, 
104.949852, 0.000000, 
106.601799, 0.000000, 
106.938705, 0.000000, 
107.666191, 0.000000, 
109.396912, 0.000000, 
109.632881, 0.000000, 
111.073082, 0.000000, 
111.486626, 0.000000, 
112.641441, 0.000000, 
114.362892, 0.000000, 
115.308258, 0.000000, 
115.614319, 0.000000, 
117.401039, 0.000000, 
117.968735, 0.000000, 
118.807549, 0.000000, 
119.730659, 0.000000, 
121.069466, 0.000000, 
121.946533, 0.000000, 
123.227623, 0.000000, 
124.455307, 0.000000, 
124.567299, 0.000000, 
125.837234, 0.000000, 
127.428963, 0.000000, 
128.023193, 0.000000, 
128.755524, 0.000000, 
129.924896, 0.000000, 
130.582291, 0.000000, 
132.015518, 0.000000, 
133.235321, 0.000000, 
133.390030, 0.000000, 
135.181351, 0.000000, 
136.345734, 0.000000, 
136.374542, 0.000000, 
137.334335, 0.000000, 
139.669037, 0.000000, 
140.282349, 0.000000, 
140.925125, 0.000000, 
141.835541, 0.000000, 
143.722656, 0.000000, 
144.704559, 0.000000, 
145.203323, 0.000000, 
146.156784, 0.000000, 
147.454819, 0.000000, 
148.527435, 0.000000, 
149.202240, 0.000000, 
149.621185, 0.000000, 
151.977890, 0.000000, 
152.017563, 0.000000, 
153.018799, 0.000000, 
154.988617, 0.000000, 
156.131073, 0.000000, 
156.483994, 0.000000, 
156.743637, 0.000000, 
158.451981, 0.000000, 
159.137527, 0.000000, 
159.732620, 0.000000, 
160.293762, 0.000000, 
162.062515, 0.000000, 
162.549164, 0.000000, 
164.133514, 0.000000, 
164.679398, 0.000000, 
165.858948, 0.000000, 
166.572708, 0.000000, 
167.301971, 0.000000, 
168.630310, 0.000000, 
169.754059, 0.000000, 
170.941238, 0.000000, 
172.295731, 0.000000, 
173.136475, 0.000000, 
173.984848, 0.000000, 
175.255661, 0.000000, 
176.563690, 0.000000, 
176.681900, 0.000000, 
178.612350, 0.000000, 
179.091705, 0.000000, 
179.814728, 0.000000, 
180.590225, 0.000000, 
181.763275, 0.000000, 
183.588501, 0.000000, 
183.900284, 0.000000, 
185.202820, 0.000000, 
186.071579, 0.000000, 
187.169312, 0.000000, 
187.817444, 0.000000, 
188.880737, 0.000000, 
190.031128, 0.000000, 
190.706863, 0.000000, 
191.149292, 0.000000, 
192.311127, 0.000000, 
193.556442, 0.000000, 
195.165100, 0.000000, 
196.257904, 0.000000, 
196.828156, 0.000000, 
197.534866, 0.000000, 
199.244827, 0.000000, 
