0.093346, 0.000000, 
1.077248, 0.000000, 
2.480883, 0.000000, 
3.347024, 0.000000, 
4.320830, 0.000000, 
5.234807, 0.000000, 
6.462364, 0.000000, 
7.380546, 0.000000, 
7.892892, 0.000000, 
9.002978, 0.000000, 
10.020713, 0.000000, 
11.321803, 0.000000, 
11.908001, 0.000000, 
13.273224, 0.000000, 
13.520322, 0.000000, 
15.200741, 0.000000, 
15.789311, 0.000000, 
17.138529, 0.000000, 
18.066801, 0.000000, 
18.567545, 0.000000, 
19.745672, 0.000000, 
20.661980, 0.000000, 
22.206032, 0.000000, 
22.909637, 0.000000, 
23.395458, 0.000000, 
24.844824, 0.000000, 
26.079149, 0.000000, 
26.897535, 0.000000, 
28.224218, 0.000000, 
28.923515, 0.000000, 
30.384916, 0.000000, 
31.282331, 0.000000, 
31.976862, 0.000000, 
32.843521, 0.000000, 
34.033276, 0.000000, 
34.988232, 0.000000, 
35.996204, 0.000000, 
36.608543, 0.000000, 
38.231594, 0.000000, 
39.182320, 0.000000, 
39.579903, 0.000000, 
40.594894, 0.000000, 
41.391647, 0.000000, 
43.391930, 0.000000, 
44.203121, 0.000000, 
44.665257, 0.000000, 
46.239258, 0.000000, 
46.453255, 0.000000, 
47.676712, 0.000000, 
49.198971, 0.000000, 
50.142387, 0.000000, 
51.406551, 0.000000, 
51.670460, 0.000000, 
53.211304, 0.000000, 
53.768070, 0.000000, 
55.159924, 0.000000, 
55.414749, 0.000000, 
57.002117, 0.000000, 
57.643852, 0.000000, 
59.439808, 0.000000, 
59.543472, 0.000000, 
61.428467, 0.000000, 
61.621841, 0.000000, 
62.630581, 0.000000, 
63.866638, 0.000000, 
65.396049, 0.000000, 
65.739265, 0.000000, 
66.920853, 0.000000, 
68.083214, 0.000000, 
69.631180, 0.000000, 
70.678337, 0.000000, 
70.981239, 0.000000, 
72.376587, 0.000000, 
72.792870, 0.000000, 
73.536179, 0.000000, 
75.241631, 0.000000, 
75.885040, 0.000000, 
77.673523, 0.000000, 
77.938538, 0.000000, 
79.081245, 0.000000, 
79.765419, 0.000000, 
80.731323, 0.000000, 
81.946014, 0.000000, 
82.545746, 0.000000, 
83.997658, 0.000000, 
85.197731, 0.000000, 
85.817459, 0.000000, 
87.313889, 0.000000, 
87.900444, 0.000000, 
88.976761, 0.000000, 
90.391594, 0.000000, 
91.381767, 0.000000, 
91.492699, 0.000000, 
92.886032, 0.000000, 
93.810791, 0.000000, 
95.104172, 0.000000, 
96.047020, 0.000000, 
97.094040, 0.000000, 
97.959633, 0.000000, 
99.006683, 0.000000, 
99.725906, 0.000000, 
101.553276, 0.000000, 
101.777603, 0.000000, 
102.709587, 0.000000, 
103.874619, 0.000000, 
104.688187, 0.000000, 
105.188469, 0.000000, 
106.498573, 0.000000, 
108.360748, 0.000000, 
108.987556, 0.000000, 
109.836395, 0.000000, 
111.161995, 0.000000, 
111.813873, 0.000000, 
112.948631, 0.000000, 
114.221474, 0.000000, 
115.240150, 0.000000, 
115.699715, 0.000000, 
117.201942, 0.000000, 
117.375572, 0.000000, 
119.384377, 0.000000, 
119.674194, 0.000000, 
120.730858, 0.000000, 
121.543800, 0.000000, 
123.190559, 0.000000, 
124.154305, 0.000000, 
125.628471, 0.000000, 
125.926109, 0.000000, 
126.763855, 0.000000, 
127.373230, 0.000000, 
129.226807, 0.000000, 
129.417435, 0.000000, 
131.658463, 0.000000, 
132.007477, 0.000000, 
133.492355, 0.000000, 
134.097000, 0.000000, 
134.727570, 0.000000, 
135.735687, 0.000000, 
137.719666, 0.000000, 
138.372086, 0.000000, 
139.108414, 0.000000, 
140.120819, 0.000000, 
141.176956, 0.000000, 
141.990280, 0.000000, 
142.605713, 0.000000, 
144.032120, 0.000000, 
144.894424, 0.000000, 
145.656281, 0.000000, 
146.753387, 0.000000, 
147.572052, 0.000000, 
148.825500, 0.000000, 
149.821655, 0.000000, 
151.354904, 0.000000, 
151.572937, 0.000000, 
152.971680, 0.000000, 
153.753159, 0.000000, 
154.859482, 0.000000, 
156.086075, 0.000000, 
157.440186, 0.000000, 
158.090698, 0.000000, 
159.323792, 0.000000, 
159.831009, 0.000000, 
160.295273, 0.000000, 
161.870850, 0.000000, 
163.281097, 0.000000, 
164.615067, 0.000000, 
165.055145, 0.000000, 
165.834763, 0.000000, 
167.083191, 0.000000, 
167.548660, 0.000000, 
169.110535, 0.000000, 
170.331100, 0.000000, 
170.972656, 0.000000, 
171.628098, 0.000000, 
172.848984, 0.000000, 
174.658157, 0.000000, 
175.424164, 0.000000, 
175.842377, 0.000000, 
177.439697, 0.000000, 
177.969696, 0.000000, 
179.322266, 0.000000, 
180.274109, 0.000000, 
181.695847, 0.000000, 
181.875366, 0.000000, 
183.036331, 0.000000, 
184.023911, 0.000000, 
185.198654, 0.000000, 
185.635315, 0.000000, 
186.934967, 0.000000, 
188.350418, 0.000000, 
188.695862, 0.000000, 
190.188248, 0.000000, 
190.999451, 0.000000, 
192.226776, 0.000000, 
193.089630, 0.000000, 
193.933273, 0.000000, 
194.839066, 0.000000, 
196.474167, 0.000000, 
197.119232, 0.000000, 
197.937775, 0.000000, 
199.204407, 0.000000, 
