0.000000, 
0.000000, 
0.000000, 
0.000000, 
0.000000, 
0.000000, 
0.000000, 
0.000000, 
0.000000, 
0.000000, 
0.000000, 
0.000000, 
0.000000, 
0.000000, 
0.000000, 
0.000000, 
0.000000, 
0.000000, 
0.000000, 
0.000000, 
0.000000, 
0.000000, 
0.000000, 
0.000000, 
0.000000, 
0.000000, 
0.000000, 
0.000000, 
0.000000, 
0.000000, 
0.000000, 
0.000000, 
0.000000, 
0.000000, 
0.000000, 
0.000000, 
0.000000, 
0.000000, 
0.000000, 
0.000000, 
0.000000, 
0.000000, 
0.000000, 
0.000000, 
0.000000, 
0.000000, 
0.000000, 
0.000000, 
0.000000, 
0.000000, 
0.000000, 
0.000000, 
0.000000, 
0.000000, 
0.000000, 
0.000000, 
0.000000, 
0.000000, 
0.000000, 
0.000000, 
0.000000, 
0.000000, 
0.000000, 
0.000000, 
0.000000, 
0.000000, 
0.000000, 
0.000000, 
0.000000, 
0.000000, 
0.000000, 
0.000000, 
0.000000, 
0.000000, 
0.005000, 
0.000000, 
0.000000, 
0.000000, 
0.005000, 
0.000000, 
0.005000, 
0.000000, 
0.005000, 
0.005000, 
0.000000, 
0.000000, 
0.000000, 
0.000000, 
0.005000, 
0.010000, 
0.005000, 
0.010000, 
0.015000, 
0.000000, 
0.015000, 
0.015000, 
0.015000, 
0.035000, 
0.010000, 
0.015000, 
0.060000, 
0.020000, 
0.035000, 
0.025000, 
0.040000, 
0.055000, 
0.060000, 
0.070000, 
0.100000, 
0.155000, 
0.100000, 
0.120000, 
0.135000, 
0.185000, 
0.180000, 
0.180000, 
0.210000, 
0.235000, 
0.275000, 
0.295000, 
0.340000, 
0.340000, 
0.345000, 
0.300000, 
0.350000, 
0.445000, 
0.455000, 
0.440000, 
0.450000, 
0.530000, 
0.570000, 
0.575000, 
0.580000, 
0.580000, 
0.635000, 
0.660000, 
0.715000, 
0.735000, 
0.685000, 
0.705000, 
0.665000, 
0.790000, 
0.775000, 
0.790000, 
0.760000, 
0.755000, 
0.860000, 
0.775000, 
0.820000, 
0.830000, 
0.755000, 
0.805000, 
0.795000, 
0.825000, 
0.770000, 
0.770000, 
0.815000, 
0.820000, 
0.720000, 
0.705000, 
0.740000, 
0.695000, 
0.650000, 
0.640000, 
0.620000, 
0.605000, 
0.555000, 
0.535000, 
0.550000, 
0.440000, 
0.485000, 
0.465000, 
0.455000, 
0.375000, 
0.405000, 
0.380000, 
0.405000, 
0.305000, 
0.265000, 
0.230000, 
0.230000, 
0.205000, 
0.190000, 
0.160000, 
0.210000, 
0.130000, 
0.130000, 
0.120000, 
0.100000, 
0.105000, 
0.115000, 
0.090000, 
0.090000, 
0.055000, 
0.105000, 
0.060000, 
0.055000, 
0.020000, 
0.025000, 
0.030000, 
0.025000, 
0.040000, 
0.035000, 
0.020000, 
0.005000, 
0.025000, 
0.005000, 
0.015000, 
0.010000, 
0.000000, 
0.010000, 
0.005000, 
0.025000, 
0.000000, 
0.000000, 
0.000000, 
0.005000, 
0.000000, 
0.000000, 
0.000000, 
0.005000, 
0.000000, 
0.000000, 
0.000000, 
0.000000, 
0.000000, 
0.000000, 
0.000000, 
0.000000, 
0.000000, 
0.000000, 
0.000000, 
0.000000, 
0.000000, 
0.000000, 
0.000000, 
0.000000, 
0.000000, 
0.000000, 
0.000000, 
0.000000, 
0.000000, 
0.000000, 
0.000000, 
0.000000, 
0.000000, 
0.000000, 
0.000000, 
0.000000, 
0.000000, 
0.000000, 
0.000000, 
0.000000, 
0.000000, 
0.000000, 
0.000000, 
0.000000, 
0.000000, 
0.000000, 
0.000000, 
0.000000, 
0.000000, 
0.000000, 
0.000000, 
0.000000, 
0.000000, 
0.000000, 
0.000000, 
0.000000, 
0.000000, 
0.000000, 
0.000000, 
0.000000, 
0.000000, 
0.000000, 
0.000000, 
0.000000, 
0.000000, 
0.000000, 
0.000000, 
0.000000, 
0.000000, 
0.000000, 
0.000000, 
0.000000, 
0.000000, 
0.000000, 
0.000000, 
0.000000, 
0.000000, 
0.000000, 
0.000000, 
0.000000, 
0.000000, 
0.000000, 
0.000000, 
0.000000, 
0.000000, 
0.000000, 
0.000000, 
