0.000000, 
0.000000, 
0.000000, 
0.000000, 
0.000000, 
0.000000, 
0.000000, 
0.000000, 
0.000000, 
0.000000, 
0.000000, 
0.000000, 
0.000000, 
0.000000, 
0.000000, 
0.000000, 
0.000000, 
0.000000, 
0.000000, 
0.000000, 
0.000000, 
0.000000, 
0.000000, 
0.000000, 
0.000000, 
0.000000, 
0.000000, 
0.000000, 
0.000000, 
0.000000, 
0.000000, 
0.000000, 
0.000000, 
0.000000, 
0.000000, 
0.000000, 
0.000000, 
0.000000, 
0.000000, 
0.000000, 
0.000000, 
0.000000, 
0.000000, 
0.000000, 
0.000000, 
0.000000, 
0.000000, 
0.000000, 
0.000000, 
0.000000, 
0.000000, 
0.000000, 
0.000000, 
0.000000, 
0.000000, 
0.000000, 
0.000000, 
0.000000, 
0.000000, 
0.000000, 
0.000000, 
0.000000, 
0.000000, 
0.000000, 
0.000000, 
0.000000, 
0.000000, 
0.000000, 
0.000000, 
0.000000, 
0.000500, 
0.000000, 
0.000000, 
0.000000, 
0.000500, 
0.000000, 
0.000500, 
0.002500, 
0.000000, 
0.000000, 
0.002000, 
0.000500, 
0.001500, 
0.001500, 
0.002000, 
0.002000, 
0.002500, 
0.006000, 
0.005000, 
0.007500, 
0.006500, 
0.006500, 
0.007000, 
0.010500, 
0.017500, 
0.016000, 
0.025500, 
0.028000, 
0.027000, 
0.032000, 
0.031000, 
0.046500, 
0.039000, 
0.046500, 
0.060000, 
0.063000, 
0.082500, 
0.095500, 
0.093500, 
0.128500, 
0.117000, 
0.123000, 
0.146500, 
0.153000, 
0.190500, 
0.195500, 
0.210000, 
0.224000, 
0.252500, 
0.278000, 
0.283500, 
0.325500, 
0.357000, 
0.354500, 
0.390500, 
0.417500, 
0.446500, 
0.467500, 
0.476000, 
0.508500, 
0.535000, 
0.555500, 
0.566500, 
0.576000, 
0.620500, 
0.646000, 
0.668000, 
0.681500, 
0.722500, 
0.712500, 
0.724500, 
0.746000, 
0.752500, 
0.787000, 
0.782000, 
0.793000, 
0.801500, 
0.799000, 
0.793500, 
0.804500, 
0.808000, 
0.783500, 
0.800000, 
0.789000, 
0.788500, 
0.780500, 
0.779500, 
0.752000, 
0.739500, 
0.712000, 
0.697500, 
0.679500, 
0.683500, 
0.651000, 
0.606000, 
0.624500, 
0.566500, 
0.558500, 
0.531500, 
0.503000, 
0.494000, 
0.474500, 
0.443500, 
0.409000, 
0.393500, 
0.356500, 
0.331000, 
0.314000, 
0.287000, 
0.265500, 
0.246500, 
0.227500, 
0.228500, 
0.194000, 
0.192500, 
0.164000, 
0.154500, 
0.122000, 
0.126500, 
0.103500, 
0.087500, 
0.076500, 
0.078000, 
0.068000, 
0.054500, 
0.052000, 
0.050500, 
0.045000, 
0.045000, 
0.029000, 
0.023000, 
0.022500, 
0.019000, 
0.018000, 
0.012000, 
0.013000, 
0.007000, 
0.009500, 
0.008000, 
0.006500, 
0.004500, 
0.006000, 
0.004500, 
0.004000, 
0.001500, 
0.001500, 
0.002000, 
0.002000, 
0.000500, 
0.000000, 
0.000500, 
0.001000, 
0.000000, 
0.000500, 
0.000000, 
0.001000, 
0.001000, 
0.000000, 
0.000500, 
0.000000, 
0.000000, 
0.000500, 
0.000500, 
0.000000, 
0.000000, 
0.000000, 
0.000000, 
0.000000, 
0.000000, 
0.000000, 
0.000000, 
0.000000, 
0.000000, 
0.000000, 
0.000000, 
0.000000, 
0.000000, 
0.000000, 
0.000000, 
0.000000, 
0.000000, 
0.000000, 
0.000000, 
0.000000, 
0.000000, 
0.000000, 
0.000000, 
0.000000, 
0.000000, 
0.000000, 
0.000000, 
0.000000, 
0.000000, 
0.000000, 
0.000000, 
0.000000, 
0.000000, 
0.000000, 
0.000000, 
0.000000, 
0.000000, 
0.000000, 
0.000000, 
0.000000, 
0.000000, 
0.000000, 
0.000000, 
0.000000, 
0.000000, 
0.000000, 
0.000000, 
0.000000, 
0.000000, 
0.000000, 
0.000000, 
0.000000, 
0.000000, 
0.000000, 
0.000000, 
0.000000, 
0.000000, 
0.000000, 
0.000000, 
0.000000, 
0.000000, 
0.000000, 
0.000000, 
0.000000, 
0.000000, 
0.000000, 
