0.000000, 
0.000000, 
0.000000, 
0.000000, 
0.000000, 
0.000000, 
0.000000, 
0.000000, 
0.000000, 
0.000000, 
0.000000, 
0.000000, 
0.000000, 
0.000000, 
0.000000, 
0.000000, 
0.000000, 
0.000000, 
0.000000, 
0.000000, 
0.000000, 
0.000000, 
0.000000, 
0.000000, 
0.000000, 
0.000000, 
0.000000, 
0.000000, 
0.000000, 
0.000000, 
0.000000, 
0.000000, 
0.000000, 
0.000000, 
0.000000, 
0.000000, 
0.000000, 
0.000000, 
0.000000, 
0.000000, 
0.000000, 
0.000000, 
0.000000, 
0.000000, 
0.000000, 
0.000000, 
0.000000, 
0.000000, 
0.000000, 
0.000000, 
0.000000, 
0.000000, 
0.000000, 
0.000000, 
0.000000, 
0.000000, 
0.000000, 
0.000000, 
0.000000, 
0.000000, 
0.000000, 
0.000000, 
0.000000, 
0.000000, 
0.000000, 
0.000000, 
0.000000, 
0.000000, 
0.000000, 
0.000000, 
0.000000, 
0.000000, 
0.000000, 
0.000000, 
0.001250, 
0.000000, 
0.000000, 
0.001250, 
0.000000, 
0.000000, 
0.000000, 
0.000000, 
0.001250, 
0.000000, 
0.002500, 
0.006250, 
0.002500, 
0.002500, 
0.008750, 
0.005000, 
0.013750, 
0.012500, 
0.011250, 
0.011250, 
0.012500, 
0.020000, 
0.006250, 
0.026250, 
0.027500, 
0.030000, 
0.025000, 
0.037500, 
0.042500, 
0.048750, 
0.066250, 
0.053750, 
0.086250, 
0.077500, 
0.100000, 
0.115000, 
0.115000, 
0.131250, 
0.150000, 
0.151250, 
0.161250, 
0.195000, 
0.251250, 
0.241250, 
0.241250, 
0.268750, 
0.305000, 
0.307500, 
0.321250, 
0.315000, 
0.402500, 
0.377500, 
0.413750, 
0.483750, 
0.501250, 
0.506250, 
0.547500, 
0.551250, 
0.571250, 
0.616250, 
0.655000, 
0.646250, 
0.642500, 
0.690000, 
0.730000, 
0.722500, 
0.733750, 
0.763750, 
0.771250, 
0.775000, 
0.777500, 
0.832500, 
0.801250, 
0.791250, 
0.797500, 
0.825000, 
0.778750, 
0.816250, 
0.797500, 
0.800000, 
0.755000, 
0.787500, 
0.760000, 
0.778750, 
0.740000, 
0.690000, 
0.705000, 
0.692500, 
0.632500, 
0.616250, 
0.617500, 
0.600000, 
0.558750, 
0.562500, 
0.521250, 
0.492500, 
0.480000, 
0.448750, 
0.480000, 
0.411250, 
0.381250, 
0.352500, 
0.338750, 
0.315000, 
0.303750, 
0.277500, 
0.265000, 
0.242500, 
0.193750, 
0.200000, 
0.176250, 
0.132500, 
0.146250, 
0.138750, 
0.130000, 
0.098750, 
0.100000, 
0.085000, 
0.081250, 
0.075000, 
0.065000, 
0.047500, 
0.046250, 
0.040000, 
0.052500, 
0.036250, 
0.038750, 
0.028750, 
0.021250, 
0.017500, 
0.016250, 
0.020000, 
0.017500, 
0.011250, 
0.010000, 
0.005000, 
0.007500, 
0.007500, 
0.002500, 
0.005000, 
0.001250, 
0.001250, 
0.002500, 
0.000000, 
0.002500, 
0.000000, 
0.001250, 
0.000000, 
0.000000, 
0.000000, 
0.001250, 
0.000000, 
0.001250, 
0.000000, 
0.000000, 
0.000000, 
0.000000, 
0.000000, 
0.000000, 
0.000000, 
0.000000, 
0.000000, 
0.000000, 
0.000000, 
0.000000, 
0.000000, 
0.000000, 
0.000000, 
0.000000, 
0.000000, 
0.000000, 
0.000000, 
0.000000, 
0.000000, 
0.000000, 
0.000000, 
0.000000, 
0.000000, 
0.000000, 
0.000000, 
0.000000, 
0.000000, 
0.000000, 
0.000000, 
0.000000, 
0.000000, 
0.000000, 
0.000000, 
0.000000, 
0.000000, 
0.000000, 
0.000000, 
0.000000, 
0.000000, 
0.000000, 
0.000000, 
0.000000, 
0.000000, 
0.000000, 
0.000000, 
0.000000, 
0.000000, 
0.000000, 
0.000000, 
0.000000, 
0.000000, 
0.000000, 
0.000000, 
0.000000, 
0.000000, 
0.000000, 
0.000000, 
0.000000, 
0.000000, 
0.000000, 
0.000000, 
0.000000, 
0.000000, 
0.000000, 
0.000000, 
0.000000, 
0.000000, 
0.000000, 
0.000000, 
0.000000, 
0.000000, 
