0.000000, 
0.000000, 
0.000000, 
0.000000, 
0.000000, 
0.000000, 
0.000000, 
0.000000, 
0.000000, 
0.000000, 
0.000000, 
0.000000, 
0.000000, 
0.000000, 
0.000000, 
0.000000, 
0.000000, 
0.000000, 
0.000000, 
0.000000, 
0.000000, 
0.000000, 
0.000000, 
0.000000, 
0.000000, 
0.000000, 
0.000000, 
0.000000, 
0.000000, 
0.000000, 
0.000000, 
0.000000, 
0.000000, 
0.000000, 
0.000000, 
0.000000, 
0.000000, 
0.000000, 
0.000000, 
0.000000, 
0.000000, 
0.000000, 
0.000000, 
0.000000, 
0.000000, 
0.000000, 
0.000000, 
0.000000, 
0.000000, 
0.000000, 
0.001250, 
0.000000, 
0.000000, 
0.000000, 
0.000000, 
0.001250, 
0.000000, 
0.000000, 
0.000000, 
0.000000, 
0.001250, 
0.001250, 
0.000000, 
0.001250, 
0.002500, 
0.001250, 
0.006250, 
0.003750, 
0.006250, 
0.008750, 
0.005000, 
0.001250, 
0.005000, 
0.003750, 
0.011250, 
0.005000, 
0.010000, 
0.006250, 
0.010000, 
0.007500, 
0.015000, 
0.015000, 
0.016250, 
0.023750, 
0.032500, 
0.023750, 
0.027500, 
0.033750, 
0.028750, 
0.040000, 
0.051250, 
0.053750, 
0.050000, 
0.045000, 
0.056250, 
0.068750, 
0.060000, 
0.066250, 
0.080000, 
0.090000, 
0.095000, 
0.092500, 
0.105000, 
0.126250, 
0.125000, 
0.151250, 
0.135000, 
0.183750, 
0.183750, 
0.196250, 
0.190000, 
0.217500, 
0.226250, 
0.226250, 
0.253750, 
0.267500, 
0.297500, 
0.295000, 
0.290000, 
0.331250, 
0.311250, 
0.338750, 
0.391250, 
0.402500, 
0.411250, 
0.408750, 
0.443750, 
0.433750, 
0.411250, 
0.482500, 
0.500000, 
0.497500, 
0.520000, 
0.505000, 
0.538750, 
0.557500, 
0.531250, 
0.577500, 
0.582500, 
0.605000, 
0.615000, 
0.621250, 
0.611250, 
0.611250, 
0.622500, 
0.620000, 
0.665000, 
0.667500, 
0.655000, 
0.620000, 
0.665000, 
0.638750, 
0.642500, 
0.641250, 
0.626250, 
0.605000, 
0.627500, 
0.628750, 
0.623750, 
0.605000, 
0.572500, 
0.562500, 
0.565000, 
0.551250, 
0.526250, 
0.503750, 
0.535000, 
0.507500, 
0.466250, 
0.461250, 
0.481250, 
0.427500, 
0.450000, 
0.423750, 
0.395000, 
0.388750, 
0.418750, 
0.376250, 
0.338750, 
0.287500, 
0.276250, 
0.288750, 
0.286250, 
0.267500, 
0.253750, 
0.257500, 
0.213750, 
0.181250, 
0.203750, 
0.175000, 
0.151250, 
0.198750, 
0.146250, 
0.162500, 
0.135000, 
0.133750, 
0.128750, 
0.125000, 
0.106250, 
0.087500, 
0.086250, 
0.071250, 
0.063750, 
0.062500, 
0.071250, 
0.081250, 
0.051250, 
0.051250, 
0.051250, 
0.038750, 
0.037500, 
0.038750, 
0.013750, 
0.032500, 
0.018750, 
0.018750, 
0.033750, 
0.012500, 
0.005000, 
0.011250, 
0.016250, 
0.007500, 
0.017500, 
0.006250, 
0.005000, 
0.002500, 
0.005000, 
0.002500, 
0.006250, 
0.005000, 
0.005000, 
0.003750, 
0.001250, 
0.001250, 
0.002500, 
0.002500, 
0.005000, 
0.001250, 
0.001250, 
0.000000, 
0.000000, 
0.000000, 
0.000000, 
0.000000, 
0.001250, 
0.001250, 
0.000000, 
0.000000, 
0.001250, 
0.000000, 
0.001250, 
0.000000, 
0.000000, 
0.000000, 
0.000000, 
0.000000, 
0.000000, 
0.000000, 
0.000000, 
0.000000, 
0.000000, 
0.000000, 
0.000000, 
0.000000, 
0.000000, 
0.000000, 
0.000000, 
0.000000, 
0.000000, 
0.000000, 
0.000000, 
0.000000, 
0.000000, 
0.000000, 
0.000000, 
0.000000, 
0.000000, 
0.000000, 
0.000000, 
0.000000, 
0.000000, 
0.000000, 
0.000000, 
0.000000, 
0.000000, 
0.000000, 
0.000000, 
0.000000, 
0.000000, 
0.000000, 
0.000000, 
0.000000, 
0.000000, 
0.000000, 
0.000000, 
0.000000, 
0.000000, 
0.000000, 
0.000000, 
0.000000, 
