0.000000, 
0.000000, 
0.000000, 
0.000000, 
0.000000, 
0.000000, 
0.000000, 
0.000000, 
0.000000, 
0.000000, 
0.000000, 
0.000000, 
0.000000, 
0.000000, 
0.000000, 
0.000000, 
0.000000, 
0.000000, 
0.000000, 
0.000000, 
0.000000, 
0.000000, 
0.000000, 
0.000000, 
0.000000, 
0.000000, 
0.000000, 
0.000000, 
0.000000, 
0.000000, 
0.000000, 
0.000000, 
0.000000, 
0.000000, 
0.000000, 
0.000000, 
0.000000, 
0.000000, 
0.000000, 
0.000000, 
0.000000, 
0.000000, 
0.000000, 
0.000000, 
0.000000, 
0.000000, 
0.000000, 
0.000000, 
0.000000, 
0.000000, 
0.000000, 
0.000000, 
0.000000, 
0.000000, 
0.000000, 
0.000000, 
0.000000, 
0.000000, 
0.000000, 
0.000000, 
0.000000, 
0.000000, 
0.000000, 
0.000000, 
0.000000, 
0.000000, 
0.000000, 
0.000000, 
0.000000, 
0.000000, 
0.000000, 
0.000000, 
0.000000, 
0.000000, 
0.000000, 
0.000000, 
0.000000, 
0.000000, 
0.000000, 
0.000000, 
0.000000, 
0.000000, 
0.000000, 
0.000000, 
0.000000, 
0.000000, 
0.000000, 
0.000000, 
0.000000, 
0.000000, 
0.000000, 
0.000000, 
0.000000, 
0.000000, 
0.000000, 
0.000000, 
0.001250, 
0.000000, 
0.001250, 
0.002500, 
0.000000, 
0.003750, 
0.003750, 
0.005000, 
0.011250, 
0.007500, 
0.007500, 
0.013750, 
0.017500, 
0.021250, 
0.032500, 
0.030000, 
0.046250, 
0.052500, 
0.078750, 
0.090000, 
0.106250, 
0.106250, 
0.147500, 
0.163750, 
0.192500, 
0.225000, 
0.240000, 
0.313750, 
0.307500, 
0.372500, 
0.367500, 
0.440000, 
0.477500, 
0.528750, 
0.567500, 
0.610000, 
0.665000, 
0.657500, 
0.697500, 
0.771250, 
0.767500, 
0.812500, 
0.843750, 
0.843750, 
0.892500, 
0.893750, 
0.905000, 
0.911250, 
0.948750, 
0.940000, 
0.956250, 
0.966250, 
0.955000, 
0.957500, 
0.977500, 
0.951250, 
0.948750, 
0.945000, 
0.933750, 
0.910000, 
0.912500, 
0.901250, 
0.892500, 
0.835000, 
0.838750, 
0.781250, 
0.777500, 
0.743750, 
0.688750, 
0.661250, 
0.617500, 
0.587500, 
0.556250, 
0.512500, 
0.465000, 
0.482500, 
0.401250, 
0.351250, 
0.331250, 
0.296250, 
0.276250, 
0.235000, 
0.200000, 
0.165000, 
0.137500, 
0.137500, 
0.106250, 
0.091250, 
0.067500, 
0.068750, 
0.048750, 
0.046250, 
0.026250, 
0.026250, 
0.023750, 
0.013750, 
0.007500, 
0.008750, 
0.002500, 
0.006250, 
0.006250, 
0.006250, 
0.002500, 
0.001250, 
0.003750, 
0.002500, 
0.003750, 
0.000000, 
0.001250, 
0.000000, 
0.000000, 
0.000000, 
0.000000, 
0.000000, 
0.000000, 
0.000000, 
0.000000, 
0.000000, 
0.000000, 
0.000000, 
0.000000, 
0.000000, 
0.000000, 
0.000000, 
0.000000, 
0.000000, 
0.000000, 
0.000000, 
0.000000, 
0.000000, 
0.000000, 
0.000000, 
0.000000, 
0.000000, 
0.000000, 
0.000000, 
0.000000, 
0.000000, 
0.000000, 
0.000000, 
0.000000, 
0.000000, 
0.000000, 
0.000000, 
0.000000, 
0.000000, 
0.000000, 
0.000000, 
0.000000, 
0.000000, 
0.000000, 
0.000000, 
0.000000, 
0.000000, 
0.000000, 
0.000000, 
0.000000, 
0.000000, 
0.000000, 
0.000000, 
0.000000, 
0.000000, 
0.000000, 
0.000000, 
0.000000, 
0.000000, 
0.000000, 
0.000000, 
0.000000, 
0.000000, 
0.000000, 
0.000000, 
0.000000, 
0.000000, 
0.000000, 
0.000000, 
0.000000, 
0.000000, 
0.000000, 
0.000000, 
0.000000, 
0.000000, 
0.000000, 
0.000000, 
0.000000, 
0.000000, 
0.000000, 
0.000000, 
0.000000, 
0.000000, 
0.000000, 
0.000000, 
0.000000, 
0.000000, 
0.000000, 
0.000000, 
0.000000, 
0.000000, 
0.000000, 
0.000000, 
0.000000, 
0.000000, 
0.000000, 
0.000000, 
