0.000000, 
0.000000, 
0.000000, 
0.000000, 
0.000000, 
0.000000, 
0.000000, 
0.000000, 
0.000000, 
0.000000, 
0.000000, 
0.000000, 
0.000000, 
0.000000, 
0.000000, 
0.000000, 
0.000000, 
0.000000, 
0.000000, 
0.000000, 
0.000000, 
0.000000, 
0.000000, 
0.000000, 
0.000000, 
0.000000, 
0.000000, 
0.000000, 
0.000000, 
0.000000, 
0.000000, 
0.000000, 
0.000000, 
0.000000, 
0.000000, 
0.000000, 
0.000000, 
0.000000, 
0.000000, 
0.000000, 
0.000000, 
0.000000, 
0.000500, 
0.000000, 
0.000000, 
0.000000, 
0.000000, 
0.000000, 
0.000500, 
0.000500, 
0.001000, 
0.000500, 
0.000500, 
0.000000, 
0.000000, 
0.001500, 
0.000500, 
0.000000, 
0.000500, 
0.002000, 
0.001000, 
0.000500, 
0.000000, 
0.002000, 
0.002500, 
0.002000, 
0.001000, 
0.003500, 
0.002500, 
0.005000, 
0.007000, 
0.006000, 
0.003000, 
0.009000, 
0.008000, 
0.009500, 
0.011000, 
0.013500, 
0.009000, 
0.014500, 
0.013500, 
0.018000, 
0.017500, 
0.024500, 
0.025000, 
0.030500, 
0.027500, 
0.040000, 
0.033500, 
0.033000, 
0.040000, 
0.045000, 
0.046500, 
0.054000, 
0.074500, 
0.058000, 
0.078500, 
0.071000, 
0.085000, 
0.102000, 
0.111500, 
0.113000, 
0.122000, 
0.112000, 
0.132000, 
0.148000, 
0.151500, 
0.166000, 
0.162500, 
0.168500, 
0.191500, 
0.216500, 
0.225000, 
0.250000, 
0.256500, 
0.267500, 
0.263500, 
0.292000, 
0.285000, 
0.331500, 
0.351500, 
0.355500, 
0.368500, 
0.372000, 
0.402500, 
0.406500, 
0.434000, 
0.439500, 
0.463000, 
0.480500, 
0.481500, 
0.505000, 
0.527000, 
0.507000, 
0.557000, 
0.550000, 
0.561000, 
0.589000, 
0.557500, 
0.592500, 
0.599000, 
0.620000, 
0.613500, 
0.633500, 
0.635000, 
0.635000, 
0.654500, 
0.646000, 
0.658000, 
0.632000, 
0.643000, 
0.635000, 
0.639500, 
0.646000, 
0.625000, 
0.620000, 
0.648500, 
0.617500, 
0.596500, 
0.579500, 
0.592500, 
0.577000, 
0.569500, 
0.555000, 
0.525000, 
0.537500, 
0.503000, 
0.492000, 
0.482000, 
0.476500, 
0.450500, 
0.444500, 
0.423500, 
0.421000, 
0.393000, 
0.385000, 
0.377500, 
0.345500, 
0.343500, 
0.308000, 
0.312500, 
0.280500, 
0.280000, 
0.253500, 
0.248500, 
0.253500, 
0.223500, 
0.196500, 
0.199500, 
0.190000, 
0.192500, 
0.174500, 
0.165000, 
0.141500, 
0.131500, 
0.117500, 
0.119500, 
0.109000, 
0.099000, 
0.095500, 
0.087500, 
0.091000, 
0.071500, 
0.064000, 
0.059500, 
0.056500, 
0.051000, 
0.045500, 
0.038000, 
0.037000, 
0.036000, 
0.036500, 
0.030000, 
0.024000, 
0.017000, 
0.020500, 
0.016500, 
0.012500, 
0.016500, 
0.019500, 
0.011500, 
0.011500, 
0.009000, 
0.011500, 
0.007500, 
0.004500, 
0.005500, 
0.008000, 
0.004500, 
0.005000, 
0.005000, 
0.002000, 
0.003500, 
0.001500, 
0.001500, 
0.002500, 
0.001500, 
0.000000, 
0.000500, 
0.000500, 
0.000500, 
0.002500, 
0.000500, 
0.000500, 
0.001500, 
0.000500, 
0.000000, 
0.000000, 
0.000000, 
0.000000, 
0.000500, 
0.000000, 
0.000000, 
0.000000, 
0.000000, 
0.000000, 
0.000000, 
0.000000, 
0.000000, 
0.000000, 
0.000000, 
0.000000, 
0.000000, 
0.000000, 
0.000000, 
0.000000, 
0.000000, 
0.000500, 
0.000000, 
0.000000, 
0.000000, 
0.000000, 
0.000000, 
0.000000, 
0.000000, 
0.000000, 
0.000000, 
0.000000, 
0.000000, 
0.000000, 
0.000000, 
0.000000, 
0.000000, 
0.000000, 
0.000000, 
0.000000, 
0.000000, 
0.000000, 
0.000000, 
0.000000, 
0.000000, 
0.000000, 
0.000000, 
0.000000, 
0.000000, 
0.000000, 
0.000000, 
0.000000, 
0.000000, 
0.000000, 
