0.000000, 
0.000000, 
0.000000, 
0.000000, 
0.000000, 
0.000000, 
0.000000, 
0.000000, 
0.000000, 
0.000000, 
0.000000, 
0.000000, 
0.000000, 
0.000000, 
0.000000, 
0.000000, 
0.000000, 
0.000000, 
0.000000, 
0.000000, 
0.000000, 
0.000000, 
0.000000, 
0.000000, 
0.000000, 
0.000000, 
0.000000, 
0.000000, 
0.000000, 
0.000000, 
0.000000, 
0.000000, 
0.000000, 
0.000000, 
0.000000, 
0.000000, 
0.000000, 
0.000000, 
0.000000, 
0.000000, 
0.000000, 
0.000000, 
0.000000, 
0.000000, 
0.000000, 
0.000000, 
0.000000, 
0.000000, 
0.000000, 
0.000000, 
0.000000, 
0.000000, 
0.000000, 
0.000000, 
0.000000, 
0.000000, 
0.000000, 
0.000000, 
0.000000, 
0.000000, 
0.000000, 
0.000000, 
0.000000, 
0.000000, 
0.000000, 
0.000000, 
0.000000, 
0.000000, 
0.000000, 
0.000000, 
0.000000, 
0.000000, 
0.000000, 
0.000000, 
0.000000, 
0.000000, 
0.000000, 
0.000000, 
0.000000, 
0.000000, 
0.000000, 
0.000000, 
0.000000, 
0.000000, 
0.000000, 
0.000000, 
0.000000, 
0.000000, 
0.000000, 
0.000000, 
0.000000, 
0.000500, 
0.000000, 
0.000000, 
0.000000, 
0.001500, 
0.000500, 
0.000000, 
0.001500, 
0.000000, 
0.001500, 
0.003500, 
0.003500, 
0.005000, 
0.007000, 
0.007000, 
0.009500, 
0.013000, 
0.024000, 
0.020500, 
0.032500, 
0.045500, 
0.052500, 
0.057000, 
0.072000, 
0.095000, 
0.098000, 
0.122500, 
0.134500, 
0.175500, 
0.200500, 
0.221500, 
0.284500, 
0.285000, 
0.317000, 
0.365500, 
0.420000, 
0.442500, 
0.468500, 
0.526500, 
0.551000, 
0.594500, 
0.646500, 
0.674500, 
0.706000, 
0.737500, 
0.763500, 
0.819500, 
0.816500, 
0.852000, 
0.874500, 
0.894500, 
0.898500, 
0.928500, 
0.928500, 
0.938000, 
0.948500, 
0.959500, 
0.965500, 
0.958000, 
0.957500, 
0.956000, 
0.958500, 
0.937000, 
0.923000, 
0.914000, 
0.918000, 
0.908000, 
0.867000, 
0.851000, 
0.830500, 
0.799000, 
0.767000, 
0.737500, 
0.715000, 
0.679000, 
0.652000, 
0.595500, 
0.578500, 
0.511500, 
0.455000, 
0.427500, 
0.404500, 
0.362500, 
0.319500, 
0.297000, 
0.272000, 
0.227000, 
0.203500, 
0.172500, 
0.136000, 
0.138500, 
0.100000, 
0.080000, 
0.078000, 
0.061500, 
0.044500, 
0.046500, 
0.036000, 
0.029000, 
0.023000, 
0.019500, 
0.009500, 
0.012500, 
0.004000, 
0.004500, 
0.003000, 
0.002000, 
0.001000, 
0.000500, 
0.001500, 
0.000500, 
0.000000, 
0.000500, 
0.000000, 
0.000000, 
0.000500, 
0.000000, 
0.000500, 
0.000000, 
0.000000, 
0.000000, 
0.000000, 
0.000000, 
0.000000, 
0.000000, 
0.000000, 
0.000000, 
0.000000, 
0.000000, 
0.000000, 
0.000000, 
0.000000, 
0.000000, 
0.000000, 
0.000000, 
0.000000, 
0.000000, 
0.000000, 
0.000000, 
0.000000, 
0.000000, 
0.000000, 
0.000000, 
0.000000, 
0.000000, 
0.000000, 
0.000000, 
0.000000, 
0.000000, 
0.000000, 
0.000000, 
0.000000, 
0.000000, 
0.000000, 
0.000000, 
0.000000, 
0.000000, 
0.000000, 
0.000000, 
0.000000, 
0.000000, 
0.000000, 
0.000000, 
0.000000, 
0.000000, 
0.000000, 
0.000000, 
0.000000, 
0.000000, 
0.000000, 
0.000000, 
0.000000, 
0.000000, 
0.000000, 
0.000000, 
0.000000, 
0.000000, 
0.000000, 
0.000000, 
0.000000, 
0.000000, 
0.000000, 
0.000000, 
0.000000, 
0.000000, 
0.000000, 
0.000000, 
0.000000, 
0.000000, 
0.000000, 
0.000000, 
0.000000, 
0.000000, 
0.000000, 
0.000000, 
0.000000, 
0.000000, 
0.000000, 
0.000000, 
0.000000, 
0.000000, 
0.000000, 
0.000000, 
0.000000, 
0.000000, 
0.000000, 
0.000000, 
0.000000, 
0.000000, 
