-0.039848, 0.000000, 
1.247778, 0.000000, 
1.703935, 0.000000, 
3.293985, 0.000000, 
4.051531, 0.000000, 
5.012666, 0.000000, 
5.947538, 0.000000, 
7.125720, 0.000000, 
8.228813, 0.000000, 
8.969718, 0.000000, 
9.741675, 0.000000, 
10.860847, 0.000000, 
12.190303, 0.000000, 
13.624478, 0.000000, 
14.233768, 0.000000, 
14.943013, 0.000000, 
15.802201, 0.000000, 
17.178286, 0.000000, 
18.178940, 0.000000, 
18.871119, 0.000000, 
19.547457, 0.000000, 
20.950727, 0.000000, 
22.431522, 0.000000, 
22.994118, 0.000000, 
23.818985, 0.000000, 
25.045238, 0.000000, 
26.135000, 0.000000, 
26.532827, 0.000000, 
27.678005, 0.000000, 
28.946827, 0.000000, 
29.879700, 0.000000, 
30.881956, 0.000000, 
32.240231, 0.000000, 
33.117111, 0.000000, 
34.064384, 0.000000, 
34.696896, 0.000000, 
35.597679, 0.000000, 
36.904297, 0.000000, 
37.579002, 0.000000, 
39.692589, 0.000000, 
40.219368, 0.000000, 
41.461075, 0.000000, 
41.862392, 0.000000, 
43.079613, 0.000000, 
44.109493, 0.000000, 
45.003151, 0.000000, 
45.533619, 0.000000, 
46.939850, 0.000000, 
48.230736, 0.000000, 
49.263489, 0.000000, 
49.935921, 0.000000, 
51.190308, 0.000000, 
52.335869, 0.000000, 
53.071598, 0.000000, 
53.708614, 0.000000, 
54.543247, 0.000000, 
55.427166, 0.000000, 
57.202473, 0.000000, 
57.894245, 0.000000, 
58.867500, 0.000000, 
59.876900, 0.000000, 
60.935741, 0.000000, 
62.256248, 0.000000, 
63.024807, 0.000000, 
63.444756, 0.000000, 
64.834991, 0.000000, 
65.839592, 0.000000, 
67.172417, 0.000000, 
67.962196, 0.000000, 
68.805267, 0.000000, 
69.989456, 0.000000, 
70.999130, 0.000000, 
72.249374, 0.000000, 
73.270844, 0.000000, 
73.845459, 0.000000, 
75.019958, 0.000000, 
75.785736, 0.000000, 
76.916428, 0.000000, 
78.169029, 0.000000, 
79.425957, 0.000000, 
80.332031, 0.000000, 
81.019020, 0.000000, 
81.837982, 0.000000, 
82.867271, 0.000000, 
83.936996, 0.000000, 
84.937454, 0.000000, 
86.013100, 0.000000, 
87.376678, 0.000000, 
87.948563, 0.000000, 
89.077896, 0.000000, 
89.860466, 0.000000, 
91.168724, 0.000000, 
92.410004, 0.000000, 
92.736282, 0.000000, 
93.970039, 0.000000, 
94.520248, 0.000000, 
96.108536, 0.000000, 
96.715378, 0.000000, 
98.348518, 0.000000, 
99.357193, 0.000000, 
100.025162, 0.000000, 
100.972733, 0.000000, 
101.802429, 0.000000, 
102.991699, 0.000000, 
104.163887, 0.000000, 
105.068222, 0.000000, 
105.811913, 0.000000, 
107.628792, 0.000000, 
108.071075, 0.000000, 
109.147514, 0.000000, 
110.143463, 0.000000, 
111.409195, 0.000000, 
111.872780, 0.000000, 
112.818977, 0.000000, 
114.174210, 0.000000, 
114.927399, 0.000000, 
116.237473, 0.000000, 
116.890854, 0.000000, 
117.969231, 0.000000, 
119.134178, 0.000000, 
120.148697, 0.000000, 
120.684616, 0.000000, 
122.249680, 0.000000, 
122.853958, 0.000000, 
123.988037, 0.000000, 
124.569458, 0.000000, 
126.138031, 0.000000, 
127.389130, 0.000000, 
127.896957, 0.000000, 
129.074585, 0.000000, 
129.725632, 0.000000, 
130.852249, 0.000000, 
132.034470, 0.000000, 
133.318588, 0.000000, 
133.369125, 0.000000, 
135.237869, 0.000000, 
136.346359, 0.000000, 
137.057053, 0.000000, 
137.691162, 0.000000, 
139.263657, 0.000000, 
139.843552, 0.000000, 
141.377274, 0.000000, 
142.269470, 0.000000, 
142.996490, 0.000000, 
144.205551, 0.000000, 
145.726028, 0.000000, 
146.184799, 0.000000, 
147.133041, 0.000000, 
148.090363, 0.000000, 
148.635910, 0.000000, 
149.817368, 0.000000, 
151.212616, 0.000000, 
152.212677, 0.000000, 
152.737396, 0.000000, 
153.876038, 0.000000, 
155.206238, 0.000000, 
155.625702, 0.000000, 
156.889862, 0.000000, 
157.843689, 0.000000, 
159.382080, 0.000000, 
160.008469, 0.000000, 
160.942307, 0.000000, 
162.186234, 0.000000, 
162.632111, 0.000000, 
164.556458, 0.000000, 
164.888977, 0.000000, 
166.205063, 0.000000, 
167.025574, 0.000000, 
167.889526, 0.000000, 
169.351059, 0.000000, 
170.362213, 0.000000, 
171.160339, 0.000000, 
172.189285, 0.000000, 
173.243546, 0.000000, 
173.504898, 0.000000, 
174.754425, 0.000000, 
176.201263, 0.000000, 
177.296127, 0.000000, 
177.557709, 0.000000, 
178.948502, 0.000000, 
180.187256, 0.000000, 
180.698654, 0.000000, 
181.268051, 0.000000, 
183.083420, 0.000000, 
183.510681, 0.000000, 
185.242935, 0.000000, 
185.865234, 0.000000, 
187.145416, 0.000000, 
188.150894, 0.000000, 
189.257950, 0.000000, 
189.854385, 0.000000, 
191.147034, 0.000000, 
192.206650, 0.000000, 
192.673111, 0.000000, 
193.898590, 0.000000, 
195.387344, 0.000000, 
196.127579, 0.000000, 
197.134125, 0.000000, 
197.821182, 0.000000, 
199.134827, 0.000000, 
