0.043019, 0.000000, 
0.944548, 0.000000, 
2.019540, 0.000000, 
3.022990, 0.000000, 
4.001428, 0.000000, 
4.923621, 0.000000, 
5.952305, 0.000000, 
7.017330, 0.000000, 
7.978105, 0.000000, 
8.936481, 0.000000, 
10.061294, 0.000000, 
10.957291, 0.000000, 
12.031605, 0.000000, 
12.992270, 0.000000, 
13.989005, 0.000000, 
14.977989, 0.000000, 
16.000048, 0.000000, 
16.942572, 0.000000, 
18.078394, 0.000000, 
19.037241, 0.000000, 
20.033524, 0.000000, 
20.996317, 0.000000, 
22.064945, 0.000000, 
23.109251, 0.000000, 
23.996586, 0.000000, 
25.022118, 0.000000, 
26.066324, 0.000000, 
26.910950, 0.000000, 
27.996758, 0.000000, 
28.943041, 0.000000, 
30.017487, 0.000000, 
30.966127, 0.000000, 
31.920500, 0.000000, 
33.129093, 0.000000, 
33.949551, 0.000000, 
35.087593, 0.000000, 
36.108677, 0.000000, 
36.955173, 0.000000, 
38.040874, 0.000000, 
39.026299, 0.000000, 
39.933918, 0.000000, 
41.029243, 0.000000, 
42.011986, 0.000000, 
43.047646, 0.000000, 
44.018528, 0.000000, 
45.048832, 0.000000, 
46.008629, 0.000000, 
47.025925, 0.000000, 
48.036674, 0.000000, 
49.048103, 0.000000, 
49.993717, 0.000000, 
50.985622, 0.000000, 
52.004833, 0.000000, 
52.933025, 0.000000, 
54.047295, 0.000000, 
55.050594, 0.000000, 
55.899017, 0.000000, 
56.983070, 0.000000, 
57.942467, 0.000000, 
58.964691, 0.000000, 
60.021442, 0.000000, 
61.010174, 0.000000, 
62.052643, 0.000000, 
63.044315, 0.000000, 
64.027840, 0.000000, 
65.108978, 0.000000, 
66.024635, 0.000000, 
66.893204, 0.000000, 
67.976311, 0.000000, 
69.033379, 0.000000, 
69.981476, 0.000000, 
71.008232, 0.000000, 
71.909607, 0.000000, 
72.986610, 0.000000, 
74.000252, 0.000000, 
74.905495, 0.000000, 
76.061989, 0.000000, 
77.059746, 0.000000, 
77.956024, 0.000000, 
79.152130, 0.000000, 
79.996841, 0.000000, 
80.922882, 0.000000, 
82.068237, 0.000000, 
83.068161, 0.000000, 
84.090027, 0.000000, 
85.073059, 0.000000, 
86.054031, 0.000000, 
87.045364, 0.000000, 
88.012093, 0.000000, 
88.983414, 0.000000, 
89.975220, 0.000000, 
90.958961, 0.000000, 
92.010521, 0.000000, 
93.062546, 0.000000, 
93.972641, 0.000000, 
95.087837, 0.000000, 
96.073845, 0.000000, 
96.970276, 0.000000, 
98.080551, 0.000000, 
99.015419, 0.000000, 
99.955658, 0.000000, 
100.919693, 0.000000, 
102.031364, 0.000000, 
102.951706, 0.000000, 
103.982063, 0.000000, 
104.953659, 0.000000, 
105.883667, 0.000000, 
106.931007, 0.000000, 
107.996651, 0.000000, 
108.891075, 0.000000, 
109.980621, 0.000000, 
111.020401, 0.000000, 
112.089394, 0.000000, 
112.930496, 0.000000, 
113.961540, 0.000000, 
115.015244, 0.000000, 
115.893311, 0.000000, 
117.117203, 0.000000, 
117.954659, 0.000000, 
119.135986, 0.000000, 
119.967590, 0.000000, 
121.074104, 0.000000, 
122.073456, 0.000000, 
122.978241, 0.000000, 
123.956779, 0.000000, 
124.963890, 0.000000, 
125.898666, 0.000000, 
126.985466, 0.000000, 
127.952675, 0.000000, 
129.027679, 0.000000, 
130.042099, 0.000000, 
130.927917, 0.000000, 
131.926086, 0.000000, 
133.061249, 0.000000, 
134.075272, 0.000000, 
135.068100, 0.000000, 
135.944031, 0.000000, 
136.949142, 0.000000, 
138.039078, 0.000000, 
138.964447, 0.000000, 
139.928268, 0.000000, 
140.980316, 0.000000, 
141.942200, 0.000000, 
143.052811, 0.000000, 
144.066742, 0.000000, 
145.062943, 0.000000, 
145.971115, 0.000000, 
146.988831, 0.000000, 
147.919647, 0.000000, 
149.135147, 0.000000, 
150.086060, 0.000000, 
150.920319, 0.000000, 
152.035248, 0.000000, 
152.976562, 0.000000, 
153.977371, 0.000000, 
155.021530, 0.000000, 
156.050552, 0.000000, 
156.930664, 0.000000, 
158.098312, 0.000000, 
159.064270, 0.000000, 
159.994217, 0.000000, 
160.978012, 0.000000, 
161.945831, 0.000000, 
162.953110, 0.000000, 
163.926010, 0.000000, 
164.865662, 0.000000, 
165.927063, 0.000000, 
167.024841, 0.000000, 
168.041595, 0.000000, 
169.028534, 0.000000, 
169.963806, 0.000000, 
170.967972, 0.000000, 
172.065536, 0.000000, 
173.032578, 0.000000, 
173.937820, 0.000000, 
174.944946, 0.000000, 
176.106689, 0.000000, 
176.901840, 0.000000, 
177.982956, 0.000000, 
179.031967, 0.000000, 
180.079575, 0.000000, 
180.911530, 0.000000, 
181.993149, 0.000000, 
182.999954, 0.000000, 
184.122986, 0.000000, 
184.935364, 0.000000, 
186.029449, 0.000000, 
186.977142, 0.000000, 
187.958206, 0.000000, 
188.921234, 0.000000, 
189.947601, 0.000000, 
191.022324, 0.000000, 
191.963150, 0.000000, 
193.042587, 0.000000, 
194.091354, 0.000000, 
195.018204, 0.000000, 
196.033401, 0.000000, 
196.958389, 0.000000, 
198.030640, 0.000000, 
199.002090, 0.000000, 
