-0.002822, 0.000000, 
0.892585, 0.000000, 
2.064399, 0.000000, 
2.928639, 0.000000, 
3.947699, 0.000000, 
4.863742, 0.000000, 
6.017869, 0.000000, 
7.277227, 0.000000, 
7.835620, 0.000000, 
9.002761, 0.000000, 
10.157649, 0.000000, 
11.100536, 0.000000, 
11.901381, 0.000000, 
12.776633, 0.000000, 
13.953185, 0.000000, 
15.183416, 0.000000, 
16.043571, 0.000000, 
17.055914, 0.000000, 
17.873997, 0.000000, 
19.093620, 0.000000, 
19.969519, 0.000000, 
20.951851, 0.000000, 
21.889671, 0.000000, 
22.937746, 0.000000, 
23.709148, 0.000000, 
24.965315, 0.000000, 
25.915167, 0.000000, 
26.995796, 0.000000, 
28.008030, 0.000000, 
28.960983, 0.000000, 
29.835371, 0.000000, 
30.867270, 0.000000, 
31.800968, 0.000000, 
32.913788, 0.000000, 
33.999268, 0.000000, 
34.968792, 0.000000, 
36.170181, 0.000000, 
37.139725, 0.000000, 
38.072395, 0.000000, 
39.006008, 0.000000, 
40.089123, 0.000000, 
41.207874, 0.000000, 
41.887493, 0.000000, 
43.019138, 0.000000, 
44.019291, 0.000000, 
45.019302, 0.000000, 
45.995106, 0.000000, 
46.862614, 0.000000, 
47.870075, 0.000000, 
49.178230, 0.000000, 
50.042931, 0.000000, 
51.101730, 0.000000, 
52.041870, 0.000000, 
52.989952, 0.000000, 
53.924122, 0.000000, 
54.840794, 0.000000, 
55.983517, 0.000000, 
56.755711, 0.000000, 
57.998306, 0.000000, 
59.180386, 0.000000, 
59.973305, 0.000000, 
60.705078, 0.000000, 
62.042057, 0.000000, 
63.262035, 0.000000, 
63.844036, 0.000000, 
65.113701, 0.000000, 
66.112999, 0.000000, 
67.020020, 0.000000, 
67.960617, 0.000000, 
68.908623, 0.000000, 
69.939789, 0.000000, 
71.126991, 0.000000, 
72.155655, 0.000000, 
73.211273, 0.000000, 
74.001411, 0.000000, 
75.108322, 0.000000, 
76.071938, 0.000000, 
76.936562, 0.000000, 
77.955421, 0.000000, 
78.858803, 0.000000, 
79.873848, 0.000000, 
81.048088, 0.000000, 
82.033577, 0.000000, 
82.960571, 0.000000, 
84.135307, 0.000000, 
85.101173, 0.000000, 
86.022606, 0.000000, 
86.976105, 0.000000, 
88.112747, 0.000000, 
89.035744, 0.000000, 
90.022018, 0.000000, 
91.132812, 0.000000, 
91.889381, 0.000000, 
92.995773, 0.000000, 
93.962738, 0.000000, 
94.984077, 0.000000, 
95.899612, 0.000000, 
96.767578, 0.000000, 
97.944878, 0.000000, 
98.916862, 0.000000, 
100.005836, 0.000000, 
100.987892, 0.000000, 
101.971977, 0.000000, 
103.008888, 0.000000, 
103.977890, 0.000000, 
104.626419, 0.000000, 
105.734558, 0.000000, 
106.916771, 0.000000, 
108.064438, 0.000000, 
109.210892, 0.000000, 
110.086510, 0.000000, 
111.010002, 0.000000, 
112.089027, 0.000000, 
112.990189, 0.000000, 
114.105492, 0.000000, 
114.650703, 0.000000, 
115.767494, 0.000000, 
116.861649, 0.000000, 
118.039734, 0.000000, 
119.094170, 0.000000, 
120.080254, 0.000000, 
120.931992, 0.000000, 
121.985550, 0.000000, 
122.882515, 0.000000, 
124.110481, 0.000000, 
125.032722, 0.000000, 
125.883827, 0.000000, 
127.094284, 0.000000, 
128.025772, 0.000000, 
128.901428, 0.000000, 
129.787079, 0.000000, 
131.189163, 0.000000, 
131.853485, 0.000000, 
132.852753, 0.000000, 
133.890747, 0.000000, 
134.855392, 0.000000, 
136.074524, 0.000000, 
136.921646, 0.000000, 
138.147369, 0.000000, 
138.773117, 0.000000, 
139.821487, 0.000000, 
141.090424, 0.000000, 
141.978363, 0.000000, 
142.883911, 0.000000, 
144.119675, 0.000000, 
145.255371, 0.000000, 
145.867966, 0.000000, 
146.926163, 0.000000, 
148.074677, 0.000000, 
149.031693, 0.000000, 
149.872528, 0.000000, 
150.846100, 0.000000, 
152.152954, 0.000000, 
153.091049, 0.000000, 
153.888626, 0.000000, 
155.010345, 0.000000, 
155.982727, 0.000000, 
157.014267, 0.000000, 
157.915741, 0.000000, 
158.968674, 0.000000, 
159.991226, 0.000000, 
161.142410, 0.000000, 
162.052841, 0.000000, 
163.082382, 0.000000, 
164.262787, 0.000000, 
164.974411, 0.000000, 
166.150131, 0.000000, 
167.086349, 0.000000, 
168.025131, 0.000000, 
168.919373, 0.000000, 
169.925201, 0.000000, 
171.003708, 0.000000, 
172.045975, 0.000000, 
172.963837, 0.000000, 
174.011551, 0.000000, 
175.197586, 0.000000, 
176.051590, 0.000000, 
176.861115, 0.000000, 
178.063568, 0.000000, 
179.119843, 0.000000, 
179.993546, 0.000000, 
181.175674, 0.000000, 
181.966248, 0.000000, 
182.850906, 0.000000, 
183.811554, 0.000000, 
185.070526, 0.000000, 
186.079056, 0.000000, 
186.766296, 0.000000, 
187.891663, 0.000000, 
188.877350, 0.000000, 
190.138351, 0.000000, 
190.975739, 0.000000, 
192.035660, 0.000000, 
193.048035, 0.000000, 
194.000534, 0.000000, 
194.950623, 0.000000, 
195.893936, 0.000000, 
197.026108, 0.000000, 
198.011826, 0.000000, 
199.238480, 0.000000, 
