-0.315872, 0.000000, 
1.099025, 0.000000, 
2.165983, 0.000000, 
3.118993, 0.000000, 
4.033422, 0.000000, 
5.084814, 0.000000, 
5.804108, 0.000000, 
7.193964, 0.000000, 
8.128920, 0.000000, 
8.953272, 0.000000, 
10.004567, 0.000000, 
10.861362, 0.000000, 
12.178106, 0.000000, 
12.964282, 0.000000, 
14.135917, 0.000000, 
15.163593, 0.000000, 
15.973146, 0.000000, 
16.833857, 0.000000, 
18.062567, 0.000000, 
18.784441, 0.000000, 
20.102627, 0.000000, 
21.082048, 0.000000, 
22.071817, 0.000000, 
23.128977, 0.000000, 
23.982929, 0.000000, 
25.222984, 0.000000, 
26.013964, 0.000000, 
27.083113, 0.000000, 
27.884014, 0.000000, 
29.525888, 0.000000, 
30.184378, 0.000000, 
31.038574, 0.000000, 
31.568604, 0.000000, 
32.938698, 0.000000, 
34.125618, 0.000000, 
35.138744, 0.000000, 
36.094910, 0.000000, 
37.395527, 0.000000, 
37.989223, 0.000000, 
38.806271, 0.000000, 
40.168621, 0.000000, 
41.047123, 0.000000, 
42.113613, 0.000000, 
42.959442, 0.000000, 
44.126190, 0.000000, 
44.948505, 0.000000, 
45.941925, 0.000000, 
47.069366, 0.000000, 
47.977329, 0.000000, 
48.906410, 0.000000, 
50.050755, 0.000000, 
51.176754, 0.000000, 
51.774239, 0.000000, 
53.400421, 0.000000, 
53.988194, 0.000000, 
54.878647, 0.000000, 
55.998146, 0.000000, 
56.872906, 0.000000, 
58.124725, 0.000000, 
59.039349, 0.000000, 
59.807625, 0.000000, 
61.048233, 0.000000, 
62.030373, 0.000000, 
62.737049, 0.000000, 
64.000198, 0.000000, 
64.918121, 0.000000, 
65.926659, 0.000000, 
67.043617, 0.000000, 
67.997894, 0.000000, 
68.898369, 0.000000, 
70.019226, 0.000000, 
70.912903, 0.000000, 
71.955566, 0.000000, 
72.964867, 0.000000, 
73.815620, 0.000000, 
75.019501, 0.000000, 
75.835258, 0.000000, 
76.955818, 0.000000, 
77.871429, 0.000000, 
79.059814, 0.000000, 
79.925613, 0.000000, 
81.146034, 0.000000, 
81.724281, 0.000000, 
83.105057, 0.000000, 
83.992409, 0.000000, 
84.630035, 0.000000, 
85.515594, 0.000000, 
87.086121, 0.000000, 
88.119202, 0.000000, 
89.017303, 0.000000, 
90.021118, 0.000000, 
90.855064, 0.000000, 
91.916611, 0.000000, 
92.845131, 0.000000, 
93.987473, 0.000000, 
94.990227, 0.000000, 
95.709694, 0.000000, 
97.025604, 0.000000, 
97.939735, 0.000000, 
99.180092, 0.000000, 
99.890938, 0.000000, 
101.053070, 0.000000, 
102.220581, 0.000000, 
102.969810, 0.000000, 
104.033447, 0.000000, 
105.195602, 0.000000, 
105.895195, 0.000000, 
107.013321, 0.000000, 
107.833786, 0.000000, 
109.184608, 0.000000, 
109.945816, 0.000000, 
111.028244, 0.000000, 
111.787704, 0.000000, 
113.031693, 0.000000, 
114.005486, 0.000000, 
114.632858, 0.000000, 
116.053314, 0.000000, 
116.864937, 0.000000, 
117.794479, 0.000000, 
119.015739, 0.000000, 
119.994278, 0.000000, 
121.131691, 0.000000, 
122.115974, 0.000000, 
123.467171, 0.000000, 
124.191818, 0.000000, 
125.170853, 0.000000, 
125.812378, 0.000000, 
126.664566, 0.000000, 
127.833778, 0.000000, 
128.905212, 0.000000, 
130.020020, 0.000000, 
131.106750, 0.000000, 
132.079559, 0.000000, 
132.946594, 0.000000, 
134.298828, 0.000000, 
135.144241, 0.000000, 
136.035522, 0.000000, 
137.521133, 0.000000, 
137.896515, 0.000000, 
138.601639, 0.000000, 
139.998947, 0.000000, 
140.966019, 0.000000, 
141.727402, 0.000000, 
142.854309, 0.000000, 
144.120239, 0.000000, 
145.036209, 0.000000, 
145.859772, 0.000000, 
147.019638, 0.000000, 
148.006058, 0.000000, 
149.147720, 0.000000, 
149.893799, 0.000000, 
151.185654, 0.000000, 
152.143951, 0.000000, 
153.086166, 0.000000, 
154.095871, 0.000000, 
155.027924, 0.000000, 
155.588837, 0.000000, 
157.054016, 0.000000, 
158.122223, 0.000000, 
158.672104, 0.000000, 
159.999313, 0.000000, 
160.612396, 0.000000, 
162.122696, 0.000000, 
163.007172, 0.000000, 
163.616089, 0.000000, 
165.128906, 0.000000, 
166.353622, 0.000000, 
166.874832, 0.000000, 
168.217422, 0.000000, 
169.105194, 0.000000, 
169.961533, 0.000000, 
170.862732, 0.000000, 
172.039932, 0.000000, 
173.093353, 0.000000, 
173.905746, 0.000000, 
174.921585, 0.000000, 
175.715836, 0.000000, 
176.613937, 0.000000, 
178.033615, 0.000000, 
179.047195, 0.000000, 
180.192978, 0.000000, 
181.081604, 0.000000, 
182.089478, 0.000000, 
182.869232, 0.000000, 
183.834854, 0.000000, 
185.062393, 0.000000, 
185.847672, 0.000000, 
186.856781, 0.000000, 
187.920273, 0.000000, 
188.939987, 0.000000, 
189.958847, 0.000000, 
191.157364, 0.000000, 
191.938126, 0.000000, 
192.942581, 0.000000, 
193.854370, 0.000000, 
194.845490, 0.000000, 
196.226440, 0.000000, 
197.046265, 0.000000, 
197.902740, 0.000000, 
199.026337, 0.000000, 
