-0.162916, 1.093667, 1.943971, 3.025368, 4.018441, 5.194642, 6.066240, 7.190182, 8.162287, 8.984898, 9.824165, 11.058692, 11.807636, 13.019760, 14.099288, 14.863538, 16.016593, 17.043762, 18.161080, 18.801447, 19.897781, 21.000633, 22.124178, 22.871652, 24.047203, 25.187640, 25.953950, 27.075052, 28.156025, 28.986646, 30.145381, 30.966904, 31.986939, 32.956159, 34.132226, 34.903856, 36.178078, 36.980567, 38.156876, 38.817831, 
0.143215, 1.119686, 1.836930, 2.809533, 4.113132, 5.193503, 5.887322, 6.978367, 8.165913, 8.868115, 9.940611, 11.146411, 11.995233, 13.033918, 14.065338, 15.020902, 15.995365, 16.929239, 18.124335, 19.165882, 20.165876, 20.823691, 21.843482, 22.958649, 24.094217, 24.898211, 25.986391, 26.888328, 27.936324, 29.124850, 30.137476, 30.858561, 32.151525, 32.902622, 33.866652, 34.981816, 36.069047, 37.022764, 37.910978, 38.800569, 
-0.182204, 0.822337, 2.179779, 3.068227, 4.156986, 5.097404, 6.159504, 6.977481, 8.182520, 9.061952, 10.106068, 11.016752, 11.868199, 13.108093, 13.803579, 14.869710, 16.197883, 16.813520, 17.813782, 18.908605, 19.927232, 21.090745, 22.059996, 23.126556, 23.954764, 24.923019, 26.065692, 27.024804, 27.938245, 29.034148, 30.052089, 31.170571, 32.171796, 33.124564, 33.949843, 35.141459, 36.030769, 37.163593, 37.967459, 38.953728, 
-0.027280, 0.975501, 1.842589, 3.106593, 4.011045, 5.096176, 6.059754, 7.017871, 7.886690, 8.863335, 9.900945, 11.081388, 11.825225, 13.036312, 14.020033, 14.821609, 15.957512, 17.160578, 18.060456, 18.902325, 20.173067, 20.895048, 21.934682, 23.008739, 24.068877, 25.072202, 25.902830, 27.086573, 27.922085, 29.079993, 30.007028, 31.115361, 32.081504, 33.060709, 33.830758, 34.889814, 35.928034, 36.935935, 37.936045, 38.956429, 
0.017421, 1.199072, 1.845855, 2.963307, 3.889783, 5.005863, 5.982275, 7.193883, 8.111699, 8.877836, 9.970243, 11.159745, 12.142841, 12.840669, 14.146684, 15.163992, 15.815867, 17.121866, 17.877624, 18.848510, 19.869607, 21.102856, 21.856442, 22.920801, 24.154328, 25.190461, 25.952575, 27.053159, 27.880594, 29.110293, 29.894765, 31.068855, 31.936246, 33.084124, 33.814302, 35.008738, 36.177483, 36.807095, 38.114850, 39.026723, 
0.167724, 0.880431, 1.855113, 3.022190, 4.195401, 5.086990, 5.928779, 6.887672, 7.967374, 8.880904, 9.812193, 10.817660, 12.118070, 12.997729, 13.832868, 15.192220, 16.089294, 17.172514, 18.086023, 19.010822, 19.977535, 21.084569, 22.199466, 22.868426, 24.149601, 24.882756, 26.010912, 26.965370, 28.015870, 28.900753, 29.840068, 31.030234, 32.184503, 32.871437, 34.164290, 35.023935, 35.841230, 37.140301, 38.111767, 39.034273, 
0.017867, 0.906095, 2.059019, 3.052732, 4.045243, 5.113352, 5.953711, 7.017362, 7.861250, 8.937127, 10.000389, 11.149096, 12.031463, 13.176459, 13.951674, 14.889444, 16.163582, 16.820483, 18.196666, 18.977530, 19.973393, 21.061017, 22.035958, 23.050689, 24.055298, 25.197099, 26.108646, 27.160835, 28.147216, 28.860552, 30.041704, 30.898590, 32.141383, 33.132531, 33.933357, 35.129223, 36.029703, 36.844600, 38.030373, 38.908391, 
-0.028051, 0.998143, 2.056221, 3.167161, 4.064214, 5.198440, 5.867923, 6.952166, 7.802822, 9.130892, 10.081280, 10.859244, 11.821794, 12.818370, 13.816386, 15.085943, 16.035163, 16.879032, 17.803445, 19.045520, 20.021192, 21.093987, 21.838927, 23.199839, 24.089929, 25.146854, 25.802621, 27.110777, 27.817879, 28.958676, 30.144123, 31.131186, 31.887627, 33.027104, 34.051078, 35.101438, 36.074410, 37.022734, 37.932980, 38.908887, 
0.027755, 1.061514, 2.158041, 2.886322, 4.147451, 4.941366, 6.114569, 7.096890, 8.125733, 8.888745, 10.068783, 11.028342, 11.952579, 13.045883, 13.800179, 15.072004, 15.882028, 17.055515, 17.990161, 18.962017, 20.127676, 20.962760, 22.023165, 23.018675, 23.922071, 25.037877, 26.155054, 27.178793, 27.993313, 28.968819, 30.167135, 31.061549, 31.959826, 33.034147, 34.060249, 35.099572, 36.142850, 36.813266, 37.906395, 38.996848, 
0.138534, 1.004574, 1.873972, 2.810501, 4.167699, 4.898875, 5.865421, 6.800739, 8.098832, 8.946595, 9.940462, 10.866915, 12.191916, 13.077523, 14.183079, 14.861944, 16.173341, 16.905089, 18.057023, 19.175848, 20.041660, 21.101520, 22.019551, 23.124002, 23.903474, 24.844211, 26.097619, 26.807761, 27.910085, 29.137303, 30.150466, 30.859151, 31.821463, 32.829208, 34.132591, 34.809741, 35.904355, 36.956640, 38.097210, 38.847194, 
-0.074633, 0.939307, 2.108585, 2.979304, 3.880669, 4.949448, 6.015766, 6.817293, 7.946600, 8.954857, 10.087078, 11.061847, 12.154401, 13.080199, 14.158618, 15.110613, 16.185521, 17.151461, 17.892696, 18.935703, 19.996408, 21.113257, 21.959900, 22.947894, 23.892966, 24.838572, 25.963100, 27.136053, 27.993580, 29.131815, 29.818247, 31.050819, 32.179156, 32.934764, 33.836249, 35.155933, 36.099711, 36.882033, 38.165344, 39.068832, 
-0.061900, 0.945164, 1.944193, 2.875285, 4.044549, 4.915086, 6.061925, 7.127625, 7.812143, 8.915710, 9.821020, 11.186076, 11.917849, 13.053185, 13.829206, 15.085323, 15.967981, 17.177611, 18.086736, 18.937838, 20.028812, 20.825185, 21.849133, 23.127837, 24.103955, 24.870869, 26.054717, 26.895922, 28.006568, 29.144461, 30.010389, 31.199482, 31.801428, 32.909824, 33.829976, 34.910777, 35.963964, 36.920723, 38.085929, 38.953005, 
-0.016486, 0.842848, 1.899935, 2.825864, 4.153950, 5.085089, 5.974494, 7.129053, 8.120530, 9.180509, 10.126827, 11.101575, 12.153126, 13.009268, 14.181953, 14.865104, 16.048547, 17.068562, 18.091427, 19.048225, 20.016644, 21.033520, 22.191896, 22.963240, 23.864952, 24.897892, 25.949608, 26.913040, 28.099848, 28.834717, 29.953936, 31.144743, 32.115359, 33.195336, 34.150317, 34.998900, 35.901299, 36.943428, 38.170755, 39.030522, 
-0.118261, 1.011214, 2.046185, 2.965378, 4.122401, 5.034410, 6.185163, 7.100773, 7.817515, 8.822095, 10.023880, 10.853191, 12.089125, 13.108843, 13.952455, 15.105751, 16.136110, 16.971693, 18.128685, 18.859111, 19.986840, 20.884454, 22.034165, 23.061066, 23.898819, 24.933245, 25.884118, 27.079612, 27.876774, 28.811154, 30.029513, 31.183705, 31.992100, 33.199930, 33.950716, 34.966496, 36.176190, 36.828676, 37.976947, 38.874669, 
0.071397, 1.188345, 1.860656, 2.811930, 4.164707, 5.152960, 6.162711, 7.049571, 7.907894, 8.964429, 9.941852, 10.820489, 12.015191, 13.082425, 13.804203, 14.891161, 15.849116, 17.096422, 17.965274, 18.991995, 20.096109, 21.019915, 21.915145, 22.844159, 24.060094, 24.927458, 26.130649, 26.926398, 27.957925, 29.108588, 29.926162, 31.113069, 32.180937, 32.931616, 33.955614, 34.951411, 36.070399, 36.817984, 38.107052, 38.898863, 
-0.183798, 0.965101, 1.909201, 3.195389, 4.179691, 4.899336, 5.996108, 6.939978, 7.922701, 9.002307, 10.143750, 10.815016, 12.141721, 12.831862, 14.191018, 15.169664, 16.037420, 16.806674, 18.060308, 19.027360, 19.807676, 20.976991, 21.809106, 23.115621, 23.805811, 24.864588, 26.177391, 26.832637, 28.118131, 28.966185, 29.877562, 31.189328, 32.015129, 32.913531, 34.009783, 34.870884, 36.022473, 36.941777, 37.925168, 38.860974, 
0.069263, 0.866713, 2.148052, 2.940443, 3.832842, 5.130213, 5.988450, 6.817063, 8.019172, 9.169152, 9.859468, 10.892759, 11.835400, 13.081424, 13.803957, 14.813180, 15.938208, 17.087825, 18.085625, 19.164020, 20.022171, 21.186620, 22.067807, 23.194213, 24.068942, 24.809820, 25.939292, 26.873442, 28.095017, 28.855636, 30.088408, 30.862937, 31.932587, 33.071209, 34.073985, 34.857856, 35.898087, 37.021207, 38.036469, 39.140528, 
-0.045991, 0.812481, 2.060693, 3.158534, 4.156999, 4.907459, 6.059469, 6.961318, 8.111447, 9.017735, 10.198512, 11.033689, 12.035101, 13.055809, 14.094179, 15.059950, 16.001429, 16.970758, 17.981281, 19.112644, 20.141038, 20.984415, 21.940630, 22.841957, 23.987066, 25.104684, 25.816823, 27.085079, 28.105759, 28.858979, 29.861617, 31.188745, 31.855751, 33.164871, 34.099115, 35.048934, 35.860692, 37.064888, 37.896629, 38.929952, 
0.163972, 1.092896, 2.019614, 2.992334, 3.939203, 5.037226, 5.953706, 6.859508, 8.180097, 8.933093, 9.948882, 10.857741, 12.072137, 13.062938, 14.074980, 14.898250, 16.078081, 16.827217, 17.850830, 18.895770, 20.032556, 21.155890, 21.973363, 22.926111, 23.955639, 24.804259, 26.040861, 26.883318, 27.890126, 28.822747, 29.883813, 30.873985, 32.101239, 33.084412, 33.989307, 35.002847, 35.893840, 37.021177, 38.003347, 38.976746, 
-0.093708, 1.130930, 2.023956, 2.836367, 4.122773, 4.887278, 5.831703, 6.918324, 7.914573, 9.013172, 9.891532, 11.147823, 11.982748, 12.853764, 14.137423, 14.987655, 16.106835, 16.951783, 18.167127, 19.185742, 20.067534, 21.050256, 21.870922, 23.103327, 24.130377, 24.885563, 26.187086, 26.826116, 28.124799, 29.008744, 30.059015, 31.061828, 31.945763, 32.861213, 34.069632, 35.034037, 36.193857, 37.089761, 37.908671, 39.006570, 
-0.166910, 1.183981, 1.814485, 2.830802, 4.168325, 4.827337, 5.973838, 7.009519, 7.898578, 8.877579, 9.867644, 11.052977, 12.050139, 12.884854, 13.930874, 14.882947, 15.960856, 17.193521, 17.852555, 19.138195, 20.170729, 21.092442, 21.989071, 23.132191, 23.966809, 24.894795, 25.850430, 27.010137, 27.815693, 28.906984, 30.070461, 31.064903, 31.995198, 32.815536, 34.008250, 34.961261, 36.049796, 36.972028, 37.813969, 38.940935, 
-0.010396, 0.864380, 1.977731, 3.089237, 4.132455, 4.998697, 6.156649, 6.905261, 8.169826, 9.116946, 10.015185, 11.087774, 11.874918, 12.982746, 14.066490, 14.914949, 15.805495, 17.002194, 18.148586, 19.142043, 20.146430, 21.191234, 22.180777, 22.863496, 23.898183, 25.060377, 25.836263, 27.061707, 27.858579, 29.041613, 29.848211, 30.871438, 31.976330, 33.033805, 34.027714, 34.995356, 36.116403, 37.185348, 37.836384, 39.083502, 
-0.120508, 1.164847, 2.076991, 2.919837, 4.156563, 5.163026, 6.009513, 6.964839, 7.826765, 9.045026, 10.161555, 11.142466, 11.988246, 13.013071, 14.118775, 15.046547, 16.170959, 17.057050, 18.077836, 19.168785, 20.121736, 20.821803, 22.106333, 23.071346, 23.842615, 25.198654, 25.897932, 27.017069, 27.868790, 28.846639, 30.126444, 30.847312, 31.929279, 32.807098, 34.065916, 34.900121, 36.196470, 36.946232, 37.887239, 38.984711, 
-0.048411, 1.037560, 2.107259, 2.842417, 3.948699, 5.041751, 6.088062, 6.985873, 8.065900, 9.168804, 10.005287, 10.949431, 11.822753, 13.139518, 13.881940, 15.141033, 15.900395, 16.810471, 17.905708, 18.910365, 19.945562, 21.035167, 21.999661, 22.835873, 24.008432, 24.915118, 25.997553, 26.958065, 28.172903, 29.115262, 30.080209, 30.880764, 32.036348, 32.868514, 33.810405, 34.814732, 36.020074, 36.984548, 37.917437, 38.824090, 
-0.074958, 0.845892, 1.917023, 3.075392, 4.174264, 5.111163, 5.852603, 7.135775, 8.035352, 9.015562, 10.114549, 11.158483, 11.828134, 12.856848, 13.810619, 15.136653, 15.856074, 16.902252, 17.815559, 19.195646, 19.866193, 21.104567, 21.832868, 23.082258, 23.945491, 25.196112, 26.119124, 27.038140, 27.815909, 28.919907, 30.167508, 30.979556, 31.824102, 33.111817, 34.172190, 34.866594, 35.919586, 37.073417, 37.969472, 39.175262, 
0.154013, 0.919915, 1.943904, 2.877939, 4.094539, 4.894746, 6.019202, 6.878997, 7.802864, 9.157275, 9.940768, 10.946029, 12.060051, 12.913159, 13.840764, 15.120974, 15.899045, 16.908804, 17.890038, 18.919351, 20.148199, 20.821999, 22.110992, 23.055202, 24.086458, 24.931353, 26.004481, 27.099371, 28.013585, 29.061580, 30.070769, 30.833458, 32.057271, 32.970427, 34.154796, 34.925592, 36.010272, 37.125614, 37.844342, 38.998683, 
-0.053036, 0.942995, 1.846345, 3.108638, 4.019505, 4.982260, 6.111939, 6.982776, 7.808512, 9.163152, 10.009041, 10.985936, 12.167318, 13.019392, 13.992118, 14.935483, 16.030295, 17.024046, 17.838703, 19.091970, 19.821102, 20.877565, 22.108726, 22.940578, 23.984785, 24.870418, 26.177175, 27.082079, 27.962999, 29.115154, 29.937023, 30.884207, 32.197430, 32.894019, 34.055092, 34.872264, 36.168490, 36.875579, 38.075259, 38.917149, 
0.196243, 0.959579, 1.978034, 3.158985, 4.026077, 4.893640, 5.867967, 6.868919, 8.064567, 9.164573, 10.008687, 10.892914, 11.827427, 13.032100, 14.157202, 14.821100, 15.855875, 16.909881, 17.859503, 19.146474, 20.128044, 21.181193, 22.009136, 23.027192, 23.889345, 24.968449, 26.152705, 26.872447, 27.902201, 28.979265, 30.022323, 30.978415, 31.926954, 33.037601, 33.991227, 35.002031, 35.915318, 37.024777, 38.040217, 39.144158, 
0.020251, 0.954340, 1.882335, 3.110371, 4.027758, 4.970656, 5.883124, 7.072216, 7.806241, 8.871946, 9.849054, 10.914107, 12.090607, 13.098830, 13.812036, 14.870927, 15.853788, 16.992384, 18.127748, 18.859329, 19.996696, 20.942084, 21.911995, 22.852216, 24.051991, 25.043788, 25.947300, 26.880130, 27.916722, 29.121688, 29.980346, 31.022227, 31.832440, 32.914106, 33.841119, 35.083772, 35.898262, 36.894423, 38.141279, 38.977582, 
-0.052983, 0.879262, 2.065235, 3.005764, 4.097782, 4.874365, 6.046074, 7.182781, 7.914422, 9.175787, 9.996462, 10.978946, 11.999008, 12.829039, 14.195504, 14.976639, 16.181812, 16.892523, 18.033815, 18.961865, 20.134427, 21.040169, 21.801952, 23.099229, 24.012500, 24.978781, 26.189899, 27.101846, 27.965583, 29.013970, 30.162976, 30.885312, 32.003218, 33.175406, 33.844849, 35.021955, 36.189241, 37.169772, 38.126036, 39.033656, 
0.062406, 0.999253, 1.870072, 3.108949, 4.148847, 4.913840, 6.148533, 6.950777, 7.957372, 8.933051, 10.170354, 10.953138, 11.930011, 13.164477, 14.145625, 15.019244, 15.810999, 16.914093, 18.059844, 18.903137, 19.893333, 21.150068, 21.884951, 23.110114, 24.107386, 24.942445, 25.870488, 26.941835, 27.959965, 29.197052, 30.038607, 30.852395, 32.093549, 32.935714, 34.046344, 35.199037, 36.057796, 37.194391, 38.113888, 38.938091, 
-0.081779, 0.901541, 1.936087, 3.037391, 4.057054, 4.934762, 6.148654, 7.029497, 7.949311, 8.919401, 9.811248, 11.050418, 11.817531, 12.851610, 14.000259, 14.844644, 15.875414, 16.937906, 18.167849, 18.914490, 19.805380, 20.847955, 22.022545, 22.874751, 24.142770, 24.897734, 26.078243, 26.819460, 28.180700, 28.923280, 29.824833, 31.056514, 32.034106, 32.862752, 33.963079, 35.134842, 36.004340, 37.013126, 38.170909, 39.154343, 
0.054808, 1.101068, 2.048119, 2.820493, 4.080161, 5.038496, 6.096722, 6.988263, 8.000715, 9.041637, 10.109504, 11.171295, 12.103880, 13.189888, 13.839932, 14.913865, 16.134584, 16.981862, 17.871450, 18.888909, 20.112762, 20.993966, 22.140176, 22.944309, 23.914318, 25.173804, 26.076997, 26.878654, 27.842566, 29.140413, 29.958701, 31.153601, 31.839023, 32.814502, 33.855323, 35.095586, 35.835262, 36.927010, 37.900660, 38.954711, 
-0.066427, 0.964423, 2.038720, 3.058242, 4.167481, 4.953106, 5.915277, 6.882662, 7.928819, 9.001810, 9.865829, 11.199262, 12.056514, 13.174934, 14.048119, 14.946266, 16.125107, 17.179680, 17.992849, 18.822185, 20.089758, 21.176484, 21.859663, 23.030272, 23.835553, 25.077856, 25.904695, 27.194776, 27.861935, 28.847939, 29.994074, 31.059489, 32.165256, 32.830842, 34.100781, 34.800626, 35.935168, 37.173974, 38.002009, 39.091286, 
0.054961, 1.057957, 1.872303, 3.160493, 4.169296, 5.071577, 6.071711, 6.948099, 7.971738, 9.196548, 9.953987, 10.948352, 12.027015, 12.966757, 13.801380, 14.988174, 16.187713, 16.969748, 17.926435, 19.045824, 20.072007, 20.952251, 21.813700, 22.898085, 24.153499, 25.001109, 25.997223, 27.010560, 28.135293, 28.967817, 30.045833, 30.936479, 32.086529, 32.952581, 33.868777, 34.858604, 35.985453, 37.130587, 38.047294, 38.815839, 
-0.052200, 0.960369, 1.946238, 2.944630, 3.961705, 4.993785, 5.894989, 7.175377, 8.145295, 9.075458, 10.155796, 11.163642, 11.900970, 13.009131, 13.806064, 14.956225, 16.046006, 16.961242, 17.988264, 19.003373, 19.964660, 20.919704, 22.178704, 23.070644, 24.102654, 24.985251, 26.127835, 26.803009, 27.871319, 29.185589, 29.823228, 31.096367, 32.171813, 33.091107, 33.972916, 35.078519, 36.110105, 37.163523, 38.156398, 39.184400, 
0.004493, 0.934940, 1.912533, 3.086092, 4.110851, 4.994544, 5.835831, 6.956213, 7.859719, 8.833222, 9.826952, 10.877204, 11.938498, 13.139750, 14.154343, 14.895103, 15.844928, 16.871786, 18.148000, 19.191146, 19.937765, 21.151229, 21.981811, 22.964461, 24.197074, 25.085443, 26.074089, 27.083437, 27.941900, 28.839160, 29.830470, 30.845014, 31.976333, 33.048396, 33.956942, 34.892170, 36.134105, 37.054683, 37.926761, 38.862409, 
-0.115362, 0.860714, 2.144168, 3.125260, 4.177174, 5.152970, 5.990574, 6.881579, 8.020113, 9.117895, 9.902512, 10.867351, 11.860910, 12.963712, 13.801940, 15.158157, 15.814609, 17.124782, 18.144814, 19.106265, 20.171460, 21.025804, 22.092972, 22.883339, 24.191667, 25.065081, 25.857169, 27.053662, 28.064572, 28.913447, 29.956187, 30.998122, 32.034704, 32.835386, 34.088118, 34.962585, 35.908194, 36.813147, 38.142818, 39.143694, 
-0.130235, 1.127401, 1.807119, 3.022803, 3.971018, 5.089775, 6.015381, 6.922889, 7.998009, 8.869488, 9.944791, 10.958398, 11.819383, 13.182987, 14.055202, 14.868149, 15.805652, 16.847936, 18.053584, 19.183384, 19.854533, 20.923555, 22.063547, 22.894519, 24.080252, 25.175346, 25.989788, 27.103076, 28.074368, 28.802032, 30.076199, 30.974249, 32.192149, 33.198852, 33.900549, 34.824357, 35.916894, 36.912285, 38.109573, 38.919554, 
0.108814, 1.189368, 2.154291, 3.152378, 3.964343, 5.126880, 5.965097, 6.927804, 8.084686, 9.176562, 9.856359, 10.984632, 11.837581, 12.832365, 13.987133, 15.037219, 16.098768, 16.961407, 17.949509, 18.826548, 19.963496, 21.068228, 22.116150, 22.855871, 23.958520, 25.036577, 25.935931, 27.078557, 27.924902, 28.875202, 30.115460, 30.969690, 32.115234, 32.834094, 33.837327, 34.886265, 35.952607, 37.184168, 38.167710, 39.105701, 
-0.073423, 0.975492, 1.872106, 3.116514, 3.865349, 4.872305, 6.068288, 6.834601, 7.979515, 8.978099, 9.863383, 10.996616, 12.127542, 13.043127, 14.038832, 14.928131, 15.803233, 17.098112, 18.033606, 19.194891, 19.852694, 21.170850, 21.961014, 23.184310, 23.933050, 25.050618, 26.118427, 27.186292, 27.820864, 29.101227, 29.886023, 30.993418, 32.187319, 32.839597, 33.868097, 35.081915, 36.097509, 36.947415, 38.059642, 39.187017, 
-0.049024, 0.985068, 2.175529, 2.973227, 4.076549, 5.194229, 5.952368, 6.849585, 8.045725, 9.100739, 10.110950, 10.925447, 11.995926, 12.875098, 14.171757, 14.853073, 15.949824, 16.984492, 17.803606, 18.829702, 20.076594, 20.963884, 21.912915, 22.930018, 24.192134, 25.133504, 26.080889, 26.901875, 27.897167, 29.090511, 30.146657, 30.890489, 31.858543, 33.102969, 34.101288, 35.117896, 36.090276, 37.148417, 38.047541, 39.167832, 
0.103856, 1.187553, 2.147379, 3.003389, 3.898715, 5.190176, 6.026291, 6.964255, 7.868806, 9.163276, 9.883000, 11.020285, 11.879998, 12.912804, 13.876931, 14.909773, 16.185914, 16.812514, 17.896162, 19.183477, 19.967955, 21.139871, 22.165562, 23.095811, 24.138547, 25.049044, 26.150308, 27.093252, 27.830295, 29.193836, 29.928763, 30.851308, 31.925241, 32.850641, 34.192210, 34.983513, 35.850446, 37.177278, 37.901024, 38.948387, 
0.028062, 1.126679, 2.090803, 2.898887, 4.150834, 4.922274, 5.882438, 7.194856, 8.184076, 8.887116, 9.951249, 10.901494, 11.859466, 13.165326, 13.882882, 14.911841, 15.848077, 16.884313, 18.149900, 19.136958, 19.919589, 20.876575, 22.086152, 23.013624, 24.068111, 24.849782, 26.121596, 26.909098, 28.158090, 28.922937, 29.931770, 31.128753, 31.826463, 33.198350, 34.137156, 35.015000, 35.917614, 37.181495, 38.090192, 38.831430, 
-0.082094, 1.127767, 1.896568, 2.938281, 4.018685, 5.133596, 6.113619, 7.152308, 8.006159, 8.808955, 10.151678, 10.857674, 11.972466, 13.039389, 13.906301, 14.820596, 16.146222, 17.116314, 17.870339, 18.891493, 19.981773, 20.837740, 21.921290, 22.994825, 24.076562, 25.095250, 25.916847, 26.884661, 28.008041, 28.917421, 30.188252, 30.806549, 32.010446, 33.125085, 34.103557, 35.094967, 36.076062, 37.050825, 37.832346, 38.819893, 
0.062378, 1.053468, 2.079730, 2.813533, 3.965280, 4.954460, 6.171454, 7.102873, 7.945049, 8.955548, 10.122007, 11.164769, 12.052104, 13.145203, 14.130805, 15.141257, 15.923095, 16.970289, 17.862202, 18.810819, 20.092387, 21.062461, 21.865478, 23.113438, 23.826705, 24.922606, 25.851642, 26.980443, 27.899023, 29.034152, 29.953865, 30.923908, 31.855123, 32.827134, 33.907516, 34.963739, 36.058061, 37.198098, 38.104602, 38.855620, 
0.025242, 1.103288, 1.925300, 3.169993, 3.876773, 4.971450, 6.054495, 6.923674, 7.866658, 9.075093, 9.984121, 11.062573, 11.841868, 13.063585, 13.982998, 14.993594, 15.870185, 17.133382, 17.999742, 18.892510, 20.073212, 20.880426, 22.118654, 23.190354, 23.894852, 25.115139, 25.932060, 27.087894, 28.010563, 29.168622, 29.823338, 30.835933, 32.026429, 32.883736, 33.889740, 35.059075, 35.832754, 36.967617, 38.190803, 39.088981, 
0.025968, 1.165436, 2.018765, 2.980583, 3.989423, 4.823027, 6.144003, 6.903505, 8.028720, 9.145795, 9.954262, 11.020135, 12.181614, 13.033863, 14.095242, 14.938766, 16.017238, 17.187184, 17.899113, 19.187839, 20.010924, 21.044585, 21.828705, 22.868456, 23.844964, 25.086521, 25.815747, 27.145215, 27.802618, 29.185813, 29.842521, 31.121573, 31.881757, 33.023411, 34.149113, 34.832921, 36.183629, 37.078550, 38.076278, 38.838599, 
-0.048305, 1.132695, 1.853935, 2.972530, 4.195155, 4.970001, 5.945575, 7.074090, 8.124354, 9.125631, 9.817994, 10.840507, 12.135213, 12.849235, 13.890598, 15.157861, 15.829175, 16.910847, 18.163708, 18.830303, 19.814662, 21.149153, 22.046997, 22.931119, 24.060545, 24.923870, 25.828884, 26.953775, 28.003575, 29.115053, 29.818577, 31.199510, 32.178080, 33.141728, 34.132176, 35.117710, 36.126002, 37.115899, 37.820446, 38.868786, 
-0.183546, 1.096281, 2.054371, 2.965589, 3.884417, 5.063557, 6.016666, 7.005987, 7.858339, 9.048731, 10.025112, 11.158739, 12.190172, 12.880379, 13.838439, 14.837814, 15.996412, 16.810172, 17.915182, 18.806847, 20.030224, 21.108258, 21.829419, 23.157230, 23.933799, 24.831358, 26.011481, 26.913105, 27.950059, 29.090607, 29.868125, 30.868938, 32.082578, 33.121272, 34.187529, 34.942788, 35.941006, 36.855497, 37.950314, 38.817641, 
-0.171901, 0.989934, 2.194191, 2.850163, 3.957335, 4.813982, 5.866712, 7.056247, 8.173010, 9.080976, 10.192599, 11.164121, 11.905960, 13.040216, 13.929220, 15.100268, 16.100682, 16.816712, 18.072606, 19.108468, 20.026207, 20.970277, 21.909537, 23.101916, 23.961502, 24.937479, 26.194846, 26.961198, 28.155093, 28.936130, 30.106797, 30.920772, 31.801113, 32.984440, 33.949600, 34.992935, 36.136613, 37.084726, 37.809464, 39.035542, 
0.001595, 1.175390, 1.965347, 3.022793, 3.993114, 5.033151, 6.048554, 7.096709, 8.137899, 9.114342, 9.807000, 10.836547, 11.852702, 12.964627, 14.176780, 15.183650, 16.161477, 16.894250, 18.191393, 19.187957, 20.195057, 21.044136, 21.980265, 22.970870, 23.817174, 25.023485, 25.837443, 27.121186, 28.095397, 29.158056, 29.979870, 31.136518, 32.174006, 32.875906, 33.838602, 34.917367, 36.052323, 36.896921, 38.185784, 39.129786, 
0.018511, 0.986716, 2.105412, 2.952332, 3.969213, 5.152517, 5.995651, 6.857387, 8.179009, 9.119382, 9.987818, 10.818574, 11.861634, 13.079333, 13.809066, 15.060557, 16.067457, 17.149601, 17.972393, 18.913915, 19.911509, 21.045555, 21.978269, 22.868543, 24.021739, 25.125137, 26.139495, 27.060761, 28.118520, 28.996763, 30.057594, 31.084085, 31.844960, 33.081918, 33.984757, 34.815455, 35.851150, 37.192322, 38.070667, 38.850783, 
-0.127294, 0.903337, 1.966423, 2.919404, 3.986429, 4.954156, 5.831903, 6.902525, 7.992495, 8.804861, 10.066631, 11.198688, 11.874478, 13.031240, 13.808384, 15.056230, 15.875832, 16.814903, 17.889980, 18.823347, 19.984121, 20.806272, 21.957588, 23.056711, 24.070193, 24.939827, 26.109601, 27.185173, 27.861153, 29.156558, 30.014439, 31.062408, 31.950792, 32.903796, 34.173521, 34.990462, 35.910433, 36.922947, 38.090580, 39.051555, 
0.119569, 0.982977, 2.190921, 2.868370, 4.150441, 5.080895, 5.962717, 7.154438, 8.159412, 8.937911, 9.815465, 10.800577, 12.028278, 12.922604, 13.925395, 14.989239, 16.188959, 16.939823, 18.042490, 18.812071, 19.822190, 21.174572, 21.863897, 23.064401, 23.839456, 24.978321, 25.802697, 27.070996, 27.935102, 28.955932, 30.101793, 30.829699, 31.850008, 33.170453, 34.061755, 34.829002, 35.897946, 36.875112, 37.974704, 38.934287, 
0.004915, 1.009815, 2.101830, 3.158623, 4.000823, 4.875246, 6.017185, 6.938413, 7.966195, 9.090407, 10.077448, 10.831055, 11.870254, 13.092851, 13.933514, 14.978889, 15.975304, 17.196246, 17.829151, 18.979163, 19.844001, 20.827229, 21.949317, 22.839157, 24.130156, 25.104254, 26.157258, 26.817335, 28.032584, 28.829571, 29.927417, 30.936300, 32.171521, 33.164589, 34.006551, 34.819610, 35.830034, 36.936888, 38.115917, 38.951826, 
0.120474, 0.801379, 1.816239, 3.106055, 4.120753, 4.800238, 6.115828, 7.097425, 8.138820, 9.109678, 9.906822, 11.055806, 11.971999, 12.909546, 13.847250, 15.109258, 16.174247, 17.013584, 18.033336, 19.155697, 20.091162, 21.143921, 22.070707, 22.943018, 24.157170, 24.983286, 26.155704, 27.039170, 27.927034, 29.153267, 30.070443, 30.938571, 31.904001, 32.915835, 33.902533, 35.138034, 36.010814, 36.816711, 37.832599, 38.834788, 
0.088274, 0.806732, 1.949552, 2.831083, 4.111606, 4.992766, 6.072664, 6.899896, 8.099660, 9.184158, 10.058227, 11.099493, 12.108688, 12.955451, 14.004222, 14.972193, 15.879352, 17.105009, 18.031017, 18.872468, 20.167328, 21.028394, 21.995901, 22.881691, 24.118058, 25.122857, 25.912095, 26.985135, 27.927186, 28.836393, 30.150766, 30.964945, 31.965698, 32.854920, 34.166868, 34.970238, 35.893544, 37.079791, 38.056492, 39.016290, 
-0.003576, 0.985909, 1.893307, 3.105210, 4.195893, 4.910971, 5.847816, 7.061353, 8.112833, 8.999650, 9.805459, 10.857066, 12.092569, 13.081439, 14.132705, 15.186739, 16.051824, 16.840966, 17.834205, 19.193125, 19.893481, 21.160331, 22.182332, 23.191220, 24.118889, 24.873245, 25.940817, 27.054889, 27.880856, 29.031354, 30.062497, 30.987373, 31.801768, 32.901396, 34.004796, 35.126253, 35.810103, 37.120753, 38.143313, 38.921890, 
0.020966, 0.807825, 1.881280, 3.047217, 4.135624, 4.861528, 5.972854, 6.955242, 8.199007, 9.128018, 10.014255, 11.010138, 12.024576, 12.986105, 14.155845, 14.938721, 15.897159, 16.947095, 18.059469, 19.113998, 19.960819, 20.909688, 22.129937, 23.067991, 23.902926, 25.079636, 26.179965, 27.011927, 28.144841, 29.148786, 30.134423, 31.051619, 32.126834, 33.193274, 34.102826, 35.198527, 36.122224, 37.076783, 38.132066, 38.873702, 
-0.157267, 0.878872, 1.913048, 3.076119, 3.831168, 4.951647, 5.934215, 7.028393, 8.081052, 9.092433, 9.857998, 11.167601, 12.103556, 13.037711, 14.136064, 14.957027, 15.896208, 17.184676, 17.974519, 19.109280, 19.948711, 20.896860, 21.819691, 23.058587, 24.185061, 25.157365, 26.050426, 27.034273, 27.932934, 29.067208, 29.868997, 31.149063, 31.903566, 33.074426, 33.825227, 35.152133, 36.163274, 36.941449, 38.084798, 39.182481, 
0.094199, 0.989395, 2.063641, 2.876683, 4.143911, 5.148177, 5.962356, 7.169574, 8.069624, 9.115779, 9.898125, 11.108625, 11.890428, 13.048573, 13.812286, 15.021004, 15.837783, 17.137044, 17.948153, 18.859812, 20.151291, 20.833991, 22.003854, 23.015580, 24.081905, 25.037076, 25.806539, 26.817364, 28.026109, 29.022001, 30.181193, 30.940555, 31.878313, 32.836965, 34.088023, 35.142305, 36.184025, 37.117263, 37.909775, 38.919653, 
-0.128294, 0.979851, 1.864587, 2.804787, 4.095656, 4.873373, 6.100963, 6.897896, 7.998250, 9.061977, 10.163830, 10.880066, 11.876473, 12.902568, 14.111191, 15.188641, 16.082609, 16.822735, 17.845461, 19.150083, 19.993802, 21.043464, 21.927479, 23.184833, 23.821573, 24.877523, 25.922297, 26.859971, 27.903482, 29.144517, 30.075179, 30.877671, 32.114215, 32.835118, 33.882332, 34.812840, 36.111952, 36.834505, 38.052929, 39.048600, 
-0.163168, 1.179245, 1.806528, 2.820446, 3.991929, 4.957153, 5.872807, 7.136748, 8.193175, 9.185113, 9.813084, 11.103631, 11.983956, 13.070516, 14.071929, 15.176531, 15.857197, 17.149229, 17.926534, 19.031593, 19.951205, 21.073041, 22.190080, 23.086256, 24.107108, 24.856348, 25.837924, 27.182648, 28.058359, 28.992949, 29.801916, 31.158721, 31.899808, 32.883528, 34.028919, 34.833341, 36.015830, 37.122011, 37.928134, 39.088368, 
0.050189, 1.111364, 2.064157, 3.116983, 3.887407, 5.001115, 5.895379, 7.021954, 8.172332, 9.012715, 9.828749, 10.938941, 12.066331, 12.912522, 14.068323, 14.980745, 15.949249, 16.993360, 17.973461, 19.104843, 19.823219, 21.008519, 21.869651, 22.920732, 23.928534, 25.077639, 25.946557, 26.874634, 27.971337, 29.014241, 29.822504, 30.836779, 31.946838, 32.877275, 33.897263, 35.007599, 36.036511, 37.008194, 38.136666, 39.005218, 
-0.067458, 1.049462, 1.870156, 3.172016, 3.813854, 4.804907, 6.198634, 7.095849, 7.914310, 8.841027, 9.845103, 10.892126, 12.001407, 13.040732, 13.969145, 15.137969, 15.935445, 17.169364, 18.123055, 18.831113, 20.099656, 21.026617, 21.824868, 22.845902, 23.964534, 25.143746, 26.034555, 27.188469, 28.142802, 29.022678, 29.907725, 31.158119, 32.151947, 33.109086, 33.954666, 35.106830, 35.843790, 36.806826, 38.113657, 38.972903, 
0.188645, 0.815911, 2.123823, 3.044910, 4.140697, 4.887848, 5.823726, 6.974323, 7.984100, 9.122024, 9.927237, 10.885244, 11.839950, 13.102963, 14.120889, 15.022645, 15.868948, 17.053097, 17.907884, 18.878936, 20.064052, 20.996297, 21.945214, 22.884616, 24.040374, 24.824575, 25.922255, 26.928522, 27.894776, 28.851414, 30.132727, 30.962015, 32.190620, 33.068666, 34.018274, 35.102584, 36.003335, 36.834497, 38.112777, 38.895826, 
-0.181950, 0.925621, 2.054203, 3.192286, 4.153106, 5.105382, 5.864390, 6.831993, 8.168814, 8.818115, 9.939285, 10.865824, 11.947544, 13.133094, 14.050439, 14.843248, 15.875249, 17.091394, 18.181133, 19.189418, 19.893002, 21.101028, 22.134667, 22.875626, 23.930423, 25.081898, 26.021030, 27.027936, 27.805462, 29.163827, 29.945891, 30.861866, 32.194044, 33.166378, 33.956754, 34.815534, 36.187755, 37.072863, 37.914669, 38.869616, 
0.059765, 1.059361, 2.043075, 2.899015, 4.174433, 5.013977, 5.909531, 7.004983, 8.107953, 8.905670, 9.908891, 10.859599, 12.135551, 12.901389, 14.197828, 15.135836, 15.910470, 17.073114, 17.941381, 18.927826, 20.073269, 21.042808, 21.970649, 23.107023, 24.123361, 24.913392, 25.847672, 26.849780, 28.138138, 29.123562, 30.186366, 31.064210, 31.964960, 32.863071, 33.830058, 35.096371, 35.851837, 37.187599, 38.107438, 38.869759, 
-0.056917, 0.812517, 2.088493, 3.099001, 4.138636, 4.998067, 6.118376, 7.016439, 8.179390, 9.119385, 10.103952, 10.809609, 12.131918, 13.113970, 13.910620, 15.127184, 15.851112, 17.170560, 17.940436, 18.866613, 19.926797, 21.076359, 22.139915, 22.877721, 23.861630, 24.866159, 26.146749, 27.195857, 28.149523, 28.933799, 30.058639, 30.921703, 32.082049, 32.965728, 34.092920, 35.026970, 35.981405, 36.892489, 38.129257, 38.831185, 
0.135882, 0.967837, 2.112894, 3.158510, 4.155976, 5.078151, 6.081237, 6.980456, 7.871229, 8.975734, 10.132954, 11.127969, 12.153231, 12.845952, 14.078184, 14.955473, 15.822966, 17.028146, 18.058952, 18.814347, 20.005960, 21.048646, 22.147632, 23.161235, 23.993582, 24.852122, 26.053748, 26.976859, 27.891383, 28.842723, 29.889116, 31.192417, 31.800526, 33.063829, 33.832574, 34.890966, 35.918050, 36.808831, 37.930194, 39.121535, 
0.141988, 1.013613, 2.066690, 2.825076, 4.077694, 4.867075, 5.836313, 7.108676, 8.083727, 9.065065, 9.979781, 10.824132, 11.955605, 13.038665, 14.129777, 14.884131, 16.044452, 16.846610, 17.887677, 18.877355, 20.108906, 21.098714, 22.180673, 23.012080, 24.058459, 25.164877, 26.149407, 27.156310, 28.066645, 28.895642, 29.998156, 31.110429, 31.937871, 33.168570, 33.940357, 35.170773, 36.080656, 36.879182, 38.114618, 39.145919, 
0.110490, 0.877842, 2.043463, 2.936147, 4.070692, 4.969955, 5.814402, 6.930715, 7.898722, 8.945720, 9.828748, 10.854244, 12.117648, 12.831344, 13.825666, 14.945412, 16.020364, 16.915222, 17.830001, 18.965899, 19.802521, 20.891654, 22.021693, 23.125765, 23.902167, 25.087353, 25.912903, 27.115005, 28.039584, 29.111851, 29.816238, 31.071996, 31.951909, 33.146643, 33.813832, 35.128267, 35.994760, 36.885970, 38.152852, 38.929067, 
-0.083894, 0.838392, 1.865054, 3.013984, 4.009944, 4.986207, 5.877733, 6.954561, 8.108771, 8.964928, 10.016839, 11.047891, 11.822727, 12.969404, 14.053928, 14.864461, 15.867223, 17.063280, 17.918984, 19.011546, 20.108691, 20.941575, 22.061914, 23.040544, 24.019835, 24.954540, 25.886076, 27.020973, 27.867650, 28.824833, 30.161463, 30.830525, 32.082772, 32.948164, 33.937689, 34.853481, 35.810167, 37.130698, 37.972529, 39.080154, 
-0.079170, 1.030248, 1.816077, 2.922649, 4.124338, 5.025974, 6.025627, 7.118980, 7.826576, 9.190347, 9.930247, 11.022763, 12.102657, 13.173105, 13.900232, 15.053918, 16.018922, 17.168303, 17.844569, 18.961364, 19.806528, 21.164832, 22.061237, 23.118899, 23.847724, 24.964563, 26.002312, 26.990188, 28.088923, 29.191527, 29.919308, 30.992332, 31.884293, 33.172457, 33.919663, 35.023426, 36.031994, 37.119296, 38.167023, 39.160277, 
0.138337, 0.827464, 1.902466, 3.053907, 4.186278, 4.894507, 5.948563, 7.064301, 8.112075, 8.905637, 10.116658, 10.846217, 11.903901, 13.156027, 14.121178, 14.967516, 15.920747, 17.163427, 18.158064, 18.826140, 20.148760, 20.856211, 22.045572, 22.815570, 24.068128, 24.966071, 26.019757, 27.123179, 28.151483, 28.974580, 29.992558, 30.935263, 32.094746, 33.077737, 33.860274, 34.826409, 36.188203, 36.821607, 37.817950, 39.092791, 
0.190232, 0.913929, 1.955203, 2.862903, 4.165388, 4.947352, 6.164966, 6.998518, 8.122744, 8.985477, 9.864510, 11.038565, 12.178798, 13.087099, 13.840752, 14.984272, 15.840615, 16.874707, 18.110786, 19.191805, 19.879899, 21.082079, 21.820601, 22.913547, 23.989713, 25.177673, 25.886710, 27.181150, 27.855614, 29.164715, 30.010565, 30.932967, 31.976787, 32.896195, 33.832537, 35.120742, 35.928577, 36.820602, 38.110007, 39.004037, 
-0.039917, 0.854573, 1.890293, 3.162143, 3.995611, 5.110573, 5.968021, 6.971095, 7.891296, 8.971263, 9.803580, 10.820437, 11.976087, 12.836748, 14.174217, 15.089639, 16.005237, 17.136102, 17.914989, 18.919348, 19.900254, 20.975783, 22.102057, 23.171923, 23.961460, 24.819862, 26.168715, 26.904869, 28.147836, 28.880575, 30.090962, 31.125688, 32.071341, 33.157016, 34.103121, 35.111133, 35.949749, 37.058332, 37.855226, 38.886042, 
0.156926, 1.140051, 1.967228, 2.852787, 3.837104, 5.176033, 6.110286, 7.082269, 7.825062, 8.816475, 9.932147, 10.874711, 11.842215, 13.177990, 13.851209, 14.923419, 15.815572, 17.047616, 17.965339, 18.849037, 20.119489, 20.800058, 22.124337, 22.984549, 23.885037, 24.962819, 25.968362, 26.848283, 27.873983, 29.009131, 30.018317, 30.973425, 32.032229, 32.905817, 34.197028, 35.101375, 36.181045, 37.097481, 37.817334, 39.166776, 
-0.066819, 0.910292, 2.094074, 3.140700, 3.824413, 5.059228, 5.974741, 6.800711, 7.820808, 9.100479, 10.169655, 10.808246, 12.111420, 13.015845, 14.018885, 14.895547, 16.126970, 17.104292, 17.896099, 18.859254, 19.950273, 20.903868, 21.874434, 22.856055, 23.994461, 25.155659, 26.025084, 27.044480, 28.147582, 29.101084, 29.942915, 30.814805, 31.977314, 32.981821, 34.067621, 34.992652, 36.129699, 37.073871, 37.809646, 38.926114, 
0.137246, 0.854927, 2.092197, 2.888189, 3.999657, 4.895597, 6.139658, 6.804134, 8.179788, 9.124959, 9.813723, 11.115544, 12.193606, 12.907748, 13.874597, 15.181903, 15.938148, 17.109372, 17.993561, 18.913429, 20.155754, 20.853802, 22.148912, 23.019254, 24.032789, 25.139334, 25.828886, 26.806697, 28.000643, 28.934660, 30.186277, 31.030518, 31.895608, 32.917990, 34.061350, 34.883357, 35.977599, 37.171505, 37.910424, 39.195575, 
-0.155274, 1.028314, 2.014980, 3.031940, 3.935101, 5.000184, 6.027071, 7.163661, 8.033411, 8.903628, 9.994653, 10.809242, 12.186409, 13.168941, 14.115101, 14.883124, 16.051106, 16.957319, 17.859621, 19.053705, 19.951251, 21.090882, 21.851572, 23.034646, 23.849362, 24.966109, 26.096117, 26.870385, 28.019251, 29.041403, 29.930394, 30.858702, 32.097486, 33.113323, 33.913740, 35.187825, 35.808503, 36.818496, 37.865740, 39.031359, 
0.119364, 0.954825, 2.114519, 3.132210, 4.130107, 4.881721, 6.159376, 7.012171, 7.842798, 8.856167, 10.077129, 11.063737, 12.106497, 13.104257, 14.152354, 15.059547, 16.113334, 16.939936, 17.949060, 19.143157, 19.885280, 20.904912, 22.048223, 23.138654, 23.950395, 25.103948, 25.812123, 27.068812, 28.141326, 28.928457, 29.838644, 31.138087, 31.807370, 33.004415, 34.051898, 34.836983, 35.998177, 37.175699, 38.187198, 39.187728, 
0.161300, 0.979046, 1.894337, 2.898848, 3.815239, 4.916502, 5.992863, 7.197860, 7.809884, 8.807116, 9.952312, 11.110704, 11.863546, 13.088289, 13.949588, 14.956947, 15.986205, 16.809901, 18.017270, 19.092741, 20.045245, 21.010303, 21.919594, 23.084763, 24.048483, 25.181225, 26.027276, 27.043619, 27.952700, 28.954034, 30.068503, 30.860170, 32.097823, 33.070007, 34.165931, 35.135506, 36.122771, 37.001895, 37.929432, 39.068527, 
-0.072597, 0.998875, 1.962970, 3.016163, 4.042183, 5.146656, 6.085565, 7.016557, 7.873600, 8.815539, 9.818212, 10.998031, 12.094831, 12.862636, 14.031358, 15.175501, 15.895059, 17.030236, 17.977841, 19.151545, 20.003199, 21.104135, 21.981820, 22.951042, 24.088690, 25.087081, 26.111495, 26.867923, 27.812409, 29.025972, 29.820926, 30.833458, 32.083375, 32.868467, 34.150648, 34.954058, 35.911050, 36.884600, 38.045658, 38.879494, 
0.098419, 1.017268, 1.906251, 2.830892, 3.810204, 5.073088, 5.949257, 6.889973, 7.816014, 8.837043, 10.174891, 10.803925, 11.968803, 13.172678, 13.869464, 14.803769, 16.097510, 17.072163, 17.841738, 19.087118, 20.096059, 21.196829, 21.814739, 23.029529, 23.850391, 24.922406, 26.113940, 26.848496, 27.887609, 29.172101, 30.137182, 30.991330, 31.952592, 33.046823, 34.115425, 34.997861, 36.098919, 37.073295, 37.850895, 39.058974, 
-0.052296, 0.971570, 1.824155, 3.132728, 3.844964, 5.126332, 6.194430, 7.105115, 8.172821, 9.012715, 10.182580, 10.953095, 12.072092, 12.808104, 14.056292, 15.018595, 15.863883, 16.855122, 17.998479, 19.090118, 19.857557, 20.866947, 22.032620, 23.006314, 23.836584, 25.040040, 26.169354, 26.975607, 27.913725, 29.175727, 29.946039, 30.901658, 32.022342, 32.862742, 34.113570, 34.849655, 36.043185, 37.193090, 38.047658, 39.094559, 
-0.055533, 0.841021, 2.146813, 3.029667, 3.805216, 5.128029, 5.936295, 6.932208, 8.007699, 8.800288, 9.975817, 11.049628, 11.957701, 12.895262, 13.904057, 14.846432, 15.853780, 16.906704, 18.090017, 18.894681, 19.860243, 21.088016, 22.031075, 22.950777, 24.166228, 25.164773, 26.196456, 26.803911, 28.084102, 29.066199, 30.176498, 31.018858, 32.193933, 33.105640, 34.102251, 35.074218, 36.078855, 37.162463, 38.128951, 39.047684, 
-0.078651, 0.908113, 2.103491, 3.026438, 4.145337, 5.093664, 6.188017, 7.106516, 7.901828, 8.915454, 9.821828, 11.106885, 12.140328, 12.989230, 13.828732, 15.150110, 16.182154, 17.190045, 17.806437, 18.916424, 20.160726, 21.004279, 22.067858, 22.948237, 23.911009, 24.854025, 26.043438, 26.964099, 28.069777, 28.997515, 29.958936, 31.162169, 31.875401, 33.081994, 34.129834, 35.086859, 36.079387, 36.959791, 37.957610, 39.102245, 
0.052105, 0.942207, 1.898520, 2.858593, 3.832708, 4.865418, 5.875821, 6.869140, 7.941631, 8.849837, 10.138922, 11.036462, 11.917249, 13.037502, 13.852538, 15.018731, 16.043553, 17.004407, 17.865745, 19.145960, 20.133281, 21.164753, 22.100383, 22.956954, 24.063153, 24.917841, 25.828542, 26.971878, 28.079198, 29.116188, 30.131321, 31.195674, 32.049559, 33.151162, 34.014726, 34.855080, 35.862678, 36.840217, 37.917408, 38.807360, 
-0.094122, 1.057092, 2.018506, 3.165873, 4.172687, 5.121050, 6.062057, 6.800114, 7.856646, 9.152235, 10.063410, 10.900445, 11.947603, 12.888984, 13.830139, 15.103689, 15.949157, 16.943997, 18.017233, 18.903298, 20.020019, 21.010742, 21.802028, 23.135397, 23.850350, 25.130982, 25.984214, 27.183665, 27.928591, 29.132182, 30.173513, 31.188489, 31.969134, 33.006841, 33.876058, 35.187545, 35.819881, 36.821008, 37.986875, 39.066441, 
0.110788, 0.842515, 2.052803, 3.001083, 3.956049, 5.107375, 5.987434, 7.086357, 8.151194, 9.134926, 9.839306, 10.963260, 11.965261, 13.033247, 14.031307, 15.059424, 16.065907, 17.004220, 17.968973, 18.904672, 19.998916, 21.129343, 21.958098, 23.011528, 24.070953, 24.992265, 26.094413, 26.845115, 28.022523, 29.147473, 30.159057, 31.060273, 31.976124, 32.841325, 34.096130, 34.971789, 36.038657, 36.981081, 38.147430, 39.193273, 
0.090533, 1.174774, 2.084155, 3.128000, 4.185604, 5.198146, 6.055771, 6.879667, 7.948666, 9.133527, 10.069775, 11.066782, 11.875473, 12.845905, 14.196132, 14.884563, 16.042098, 16.871299, 17.806826, 19.193555, 19.981531, 21.197877, 21.856825, 22.846544, 23.904807, 25.114232, 26.069012, 26.947306, 27.910623, 29.038422, 29.847561, 30.870759, 32.112368, 32.816352, 34.131014, 34.826772, 36.129092, 37.037379, 37.910854, 38.836688, 
0.183731, 0.846607, 2.077964, 3.044448, 3.809322, 5.195020, 5.831239, 7.030888, 7.899230, 8.804202, 9.824149, 11.116477, 12.008164, 12.801119, 14.116975, 15.140834, 15.983178, 17.017788, 18.142994, 18.876377, 20.021848, 20.868877, 21.838576, 22.909146, 24.112933, 25.183724, 26.166484, 27.141009, 27.959221, 28.800252, 29.826480, 30.952613, 31.895630, 32.906554, 34.029330, 34.824791, 35.951293, 36.825372, 37.838227, 39.042550, 
-0.135988, 0.802533, 2.114827, 3.103243, 4.118473, 4.855520, 5.873784, 7.113550, 7.929681, 9.173219, 10.190463, 10.828738, 11.967048, 12.972542, 13.883877, 15.171614, 16.162288, 16.920090, 18.152489, 19.121872, 19.848802, 20.955379, 21.933087, 22.841380, 23.956032, 25.004525, 26.067786, 26.918019, 27.963927, 28.909538, 29.952991, 30.891067, 31.988230, 33.036316, 34.041001, 35.056265, 36.061520, 37.061191, 37.946835, 39.168017, 
0.102904, 0.815521, 2.069986, 3.049792, 3.800743, 5.103435, 6.177585, 6.870221, 7.818383, 9.185408, 9.849377, 11.053869, 12.078812, 12.851009, 13.814987, 14.861546, 16.019582, 16.987339, 17.951762, 19.042025, 20.015592, 20.922228, 22.130413, 22.955555, 23.977997, 25.173119, 26.183059, 26.845494, 27.883750, 28.803941, 29.849071, 30.881694, 31.874797, 33.049829, 34.010769, 35.122459, 35.839287, 37.186263, 37.846826, 39.046680, 
-0.079099, 1.196808, 1.856265, 3.044125, 3.820108, 4.988290, 6.110997, 6.948827, 7.859927, 8.930054, 9.892698, 11.016449, 12.057088, 12.824846, 14.088837, 14.896907, 15.859150, 16.925860, 17.923103, 18.943144, 20.174909, 21.075553, 22.039360, 23.088911, 23.801690, 24.856480, 25.938890, 27.047819, 28.009775, 28.986907, 29.852047, 31.100404, 32.172790, 32.992221, 34.141792, 34.943557, 36.112102, 37.089235, 38.068850, 39.000670, 
-0.162905, 0.950301, 1.946176, 2.830066, 4.082131, 4.938801, 5.861465, 6.989317, 7.922728, 8.900611, 10.085001, 11.183949, 11.965863, 12.827741, 14.002788, 15.073105, 15.973270, 16.860375, 18.046612, 18.942038, 20.014167, 21.076696, 22.052053, 22.855106, 23.897761, 24.838369, 25.949235, 27.090216, 27.890217, 29.096179, 30.124715, 31.024809, 31.892781, 33.086089, 34.136588, 34.949991, 35.962674, 37.031238, 38.185106, 38.942878, 
-0.173538, 0.977891, 2.045290, 2.825584, 4.112595, 5.036395, 6.153741, 7.110329, 7.869555, 8.906854, 10.171261, 11.110969, 12.172051, 13.126091, 14.155129, 15.092307, 15.920433, 17.135225, 18.149167, 18.948294, 19.946859, 20.900353, 21.896145, 23.061390, 24.114288, 25.187346, 25.932220, 26.806642, 27.898701, 28.800811, 30.123789, 31.142429, 31.983116, 32.988634, 33.827159, 34.993210, 35.894331, 37.058188, 37.998571, 38.832284, 
0.151857, 1.126263, 1.970750, 3.161926, 3.853963, 5.096029, 6.124395, 7.080000, 7.946591, 8.969079, 10.101849, 10.815125, 12.123826, 13.195316, 13.907906, 15.011467, 15.849880, 16.849163, 18.141714, 18.984585, 19.814192, 21.019230, 22.045749, 23.041931, 24.019435, 25.177531, 26.102373, 27.156943, 28.053594, 28.836968, 29.929654, 31.127024, 31.990761, 33.038068, 33.829425, 34.992111, 36.093227, 36.949988, 37.916423, 39.103194, 
