-0.034731, 0.994016, 1.994162, 2.902560, 3.941206, 5.011970, 6.024838, 6.927814, 7.955623, 8.927350, 9.926473, 11.089421, 11.995598, 13.066052, 13.977136, 14.910015, 16.074906, 16.904260, 17.972659, 19.007765, 19.967767, 21.083576, 21.978030, 22.976872, 23.920070, 25.059634, 26.069345, 26.993708, 28.016399, 28.975804, 30.058108, 30.920150, 32.094376, 33.077083, 33.964631, 35.084016, 35.977547, 36.913760, 37.998668, 39.082769, 
-0.047254, 1.051798, 2.005774, 3.052139, 3.921190, 5.073568, 5.925194, 6.930716, 8.095768, 9.078852, 10.037984, 11.043302, 12.068864, 12.935930, 14.039310, 14.992194, 16.014171, 17.084401, 17.924676, 18.964423, 19.939498, 21.004513, 21.934721, 22.905480, 23.946000, 25.091776, 25.997834, 27.049596, 27.984560, 29.021384, 30.008038, 30.960114, 32.040739, 33.065792, 33.996805, 35.073118, 35.926134, 37.058590, 37.944620, 38.900142, 
-0.027480, 1.020884, 1.984701, 3.051703, 4.072227, 5.078653, 5.959009, 7.013061, 7.901928, 8.955875, 10.007117, 11.032815, 11.936405, 12.975875, 14.012364, 15.022906, 16.054275, 16.919363, 17.980422, 19.050018, 19.953710, 20.955275, 21.964915, 23.081213, 23.966861, 25.008043, 25.914646, 26.918113, 28.007077, 29.039051, 29.906017, 30.994502, 32.090463, 33.053852, 34.005804, 34.904391, 36.015326, 36.971823, 38.011446, 39.021997, 
0.037517, 0.987682, 1.990302, 2.940193, 4.034034, 5.097564, 6.049818, 7.010367, 7.991719, 9.090279, 9.932889, 10.952477, 12.091236, 12.935290, 14.049639, 15.097981, 15.930217, 17.092542, 18.003911, 19.099997, 19.903856, 20.922105, 22.062098, 22.933064, 24.068777, 25.058276, 26.019642, 26.947526, 28.083542, 29.027971, 29.915668, 31.080931, 31.933228, 32.938623, 34.041778, 35.087283, 36.099026, 36.904439, 37.950300, 39.039801, 
-0.015626, 1.067933, 2.002109, 3.057486, 3.974977, 4.909830, 6.072426, 6.905831, 8.095496, 8.952179, 9.902814, 11.052271, 11.935034, 12.958563, 14.095091, 14.960243, 16.069257, 17.024914, 17.910053, 19.031820, 19.991717, 20.931084, 21.952457, 22.950964, 24.071921, 25.076031, 25.964892, 27.055410, 28.026457, 28.995844, 29.971849, 31.002522, 31.924167, 33.041445, 33.934283, 35.018641, 35.945304, 37.061559, 37.932270, 39.050210, 
0.094079, 1.040615, 1.992229, 2.941083, 4.094682, 5.098963, 5.965600, 6.941922, 7.984964, 8.927464, 9.978998, 10.906057, 11.984556, 13.087579, 13.924658, 14.926551, 15.939123, 17.077859, 18.071487, 19.058234, 19.935633, 21.016812, 22.027998, 23.010378, 23.941709, 24.977892, 26.080720, 26.921355, 27.963191, 29.021540, 29.962368, 30.901739, 31.921244, 32.965348, 33.938643, 34.978072, 36.015250, 37.043762, 37.900764, 38.990916, 
0.082893, 1.037767, 2.019900, 3.029055, 3.912487, 4.997273, 5.910701, 6.955690, 7.959301, 8.976894, 10.022417, 10.982921, 11.940832, 12.917390, 14.037313, 15.062942, 15.916043, 17.062428, 18.042733, 19.071704, 20.030615, 20.940676, 21.908070, 23.074653, 23.907807, 24.958689, 26.018293, 26.980354, 28.093475, 29.045090, 29.997400, 31.005842, 32.032026, 32.975728, 34.060440, 34.997739, 35.969830, 36.997963, 37.958244, 39.057907, 
0.058448, 1.071270, 2.082589, 2.996177, 3.924585, 4.955345, 5.908211, 6.931748, 8.099925, 9.012058, 10.041229, 11.036049, 12.012387, 13.072275, 14.097061, 15.046725, 16.000559, 17.075622, 17.971220, 18.946650, 19.936065, 20.979151, 22.064529, 22.948681, 24.021343, 24.941585, 25.968947, 26.962176, 27.996069, 29.091204, 29.978694, 30.970474, 31.970476, 33.077469, 34.036387, 34.989409, 36.088966, 36.904647, 37.909729, 38.953058, 
0.019590, 1.027757, 1.919382, 3.064245, 4.054342, 4.931649, 6.096231, 7.062086, 8.068497, 9.068602, 9.911904, 10.968293, 11.924877, 13.094772, 14.023399, 14.943003, 16.052075, 17.023192, 18.081291, 19.014555, 19.924337, 20.932790, 21.982133, 23.083687, 23.931465, 25.010594, 26.095183, 27.009044, 27.973828, 28.930565, 30.018988, 31.081992, 32.016306, 32.904298, 34.040975, 34.978769, 36.050778, 36.980805, 37.977335, 39.094997, 
-0.000093, 0.912452, 1.970446, 2.924218, 4.033834, 5.040723, 5.931349, 7.096840, 7.977714, 9.040630, 10.016572, 11.071614, 11.911316, 13.012589, 14.027025, 15.011696, 16.057792, 16.962304, 17.908797, 18.929051, 19.974599, 20.962110, 21.920004, 22.941136, 24.014103, 25.004728, 25.970434, 27.045922, 28.080184, 29.014234, 30.052393, 30.958177, 32.016342, 32.988897, 34.073447, 35.058179, 36.028019, 37.029389, 38.099791, 39.075798, 
-0.014291, 0.915859, 2.032829, 3.032548, 4.044033, 5.050210, 6.071214, 6.951056, 8.087479, 9.041846, 10.001505, 11.080703, 12.081008, 13.011089, 14.019191, 15.068446, 16.075423, 17.022777, 17.930310, 18.978032, 19.952949, 21.010160, 22.099150, 22.960330, 23.913677, 25.054958, 25.972112, 26.953156, 27.968482, 29.007359, 29.916859, 30.919015, 31.903958, 33.020155, 34.098861, 34.967991, 35.936486, 37.047788, 37.974028, 38.916385, 
0.058980, 0.998166, 1.920298, 3.086290, 4.077664, 5.000267, 6.015165, 7.056343, 8.032288, 8.933991, 10.004064, 11.041310, 11.907062, 13.013132, 13.997396, 15.098925, 16.054807, 16.920079, 18.045425, 18.978274, 20.070071, 21.058496, 21.934621, 23.023738, 24.029470, 24.906579, 25.943425, 26.988669, 27.971914, 28.937750, 29.939736, 30.936420, 32.035417, 32.927387, 33.920517, 34.959706, 35.987655, 37.087667, 38.030579, 38.934124, 
0.046207, 0.986037, 2.058672, 2.934048, 3.923219, 5.030878, 5.930853, 7.028939, 8.082162, 8.924975, 9.986097, 10.910407, 12.074583, 13.032129, 14.052183, 14.964256, 15.959083, 17.079885, 17.962644, 18.921074, 20.025033, 20.981728, 22.063008, 22.975110, 23.950040, 24.983024, 26.046672, 26.951926, 27.968335, 28.976156, 30.018154, 30.930447, 32.062305, 33.040258, 33.938554, 34.982750, 35.984838, 36.910398, 37.916621, 38.961379, 
-0.072491, 0.946812, 1.973667, 3.039347, 4.044933, 4.964196, 5.918439, 7.068069, 8.096508, 9.068664, 9.972793, 11.064644, 11.980691, 13.062680, 14.016609, 15.049610, 16.000296, 16.924056, 17.944021, 19.009880, 20.016027, 21.087218, 21.921084, 22.957868, 24.082988, 24.911316, 25.999533, 26.903438, 28.070556, 28.906385, 30.053937, 30.990998, 32.025003, 32.942006, 34.037334, 35.067812, 36.018323, 36.916330, 37.982310, 38.964742, 
0.066303, 1.020226, 2.095590, 2.947020, 4.009699, 5.004853, 5.941464, 6.973518, 7.989777, 8.951162, 9.957304, 11.047735, 12.004255, 13.031177, 14.092127, 15.052801, 15.986976, 16.916530, 18.068844, 19.087159, 20.044714, 20.906436, 21.985692, 23.070228, 24.056646, 25.012297, 26.095512, 26.996213, 28.015356, 29.049117, 29.944240, 30.929310, 31.987967, 33.093635, 34.087240, 35.007856, 36.060177, 36.905501, 38.081162, 38.953227, 
-0.021890, 0.998009, 2.076263, 3.023164, 3.902811, 5.013414, 6.026136, 6.948324, 7.900803, 9.025378, 9.959640, 11.088782, 11.995939, 13.073602, 13.926127, 15.051922, 16.078297, 16.921311, 18.028901, 18.918515, 19.924562, 20.975159, 22.051129, 22.904322, 24.041628, 25.076850, 25.954048, 26.918470, 27.973598, 28.995240, 30.031844, 31.058419, 31.956953, 32.970633, 33.955103, 35.045798, 36.078619, 36.991136, 38.059315, 39.053931, 
-0.043977, 1.097524, 1.968120, 2.944282, 3.987482, 4.922768, 6.071632, 7.011977, 7.980905, 9.010829, 10.052582, 11.035891, 11.920341, 12.930367, 13.902329, 14.966399, 16.006272, 17.027402, 17.906887, 19.017206, 20.098423, 20.951557, 22.079340, 22.922737, 24.029248, 25.088713, 25.920194, 26.934529, 28.061145, 29.020458, 29.984448, 31.010155, 32.055494, 32.911378, 33.946795, 34.968378, 36.071540, 37.077981, 37.919926, 38.933100, 
-0.014753, 1.073604, 1.937013, 2.922444, 4.007759, 5.075033, 5.921892, 7.061260, 7.991551, 8.972746, 10.056167, 10.907779, 11.917719, 12.973305, 13.945806, 15.027187, 16.038623, 17.066163, 18.007035, 18.970355, 20.068721, 21.012839, 22.028270, 23.005222, 23.923431, 25.057417, 26.017212, 27.043364, 27.909321, 28.987814, 29.964990, 30.978127, 32.010152, 33.084392, 33.972141, 34.917951, 35.961814, 37.057580, 38.045459, 39.064113, 
-0.027162, 0.906270, 1.926462, 3.069187, 4.062899, 5.031490, 5.978324, 7.064151, 7.908542, 8.940963, 9.947826, 11.057004, 12.036467, 12.995760, 14.006868, 14.944479, 15.984668, 16.931212, 17.913040, 18.943697, 20.012484, 21.007463, 22.079852, 23.064450, 23.972122, 24.961921, 26.092102, 27.037758, 28.029230, 29.023806, 30.038894, 31.041168, 32.031982, 33.080875, 34.030305, 34.901657, 36.033082, 36.952816, 38.057214, 38.968928, 
0.068590, 1.093993, 2.037990, 3.034002, 3.910147, 5.074757, 5.908216, 7.087346, 8.011249, 9.083351, 10.088743, 10.910442, 12.068845, 13.084310, 13.987193, 15.012567, 15.974633, 17.089227, 17.988483, 19.028735, 20.030453, 21.095324, 22.021200, 23.087080, 24.081354, 24.970799, 25.922929, 27.032599, 27.997959, 29.037744, 29.901977, 31.084789, 31.992027, 32.919754, 34.022567, 35.079593, 36.003334, 37.089377, 37.949897, 38.930347, 
-0.084810, 1.000984, 2.033767, 3.093156, 3.981817, 5.094577, 5.925697, 6.921533, 8.015543, 9.092656, 9.926597, 11.030887, 11.995744, 13.014676, 14.071357, 15.047780, 16.072916, 17.057873, 18.065342, 19.065019, 20.061193, 21.038335, 22.042472, 22.904256, 24.095141, 25.084966, 25.911436, 27.083243, 27.969929, 29.097220, 30.043222, 30.931161, 31.999474, 33.062803, 34.007874, 34.926676, 36.075875, 37.054715, 37.984531, 39.066471, 
0.008609, 1.085768, 1.957954, 2.920804, 3.904902, 5.025017, 6.040820, 6.952215, 7.945499, 9.085561, 10.053810, 10.978110, 11.981657, 12.996297, 14.078557, 14.965188, 15.994460, 17.047216, 17.982972, 19.053872, 19.943160, 21.091740, 21.946856, 23.036241, 23.935577, 25.045330, 25.914985, 27.065371, 28.012687, 28.915571, 30.048316, 31.049661, 32.078666, 32.995025, 34.010869, 35.036036, 35.971114, 37.097787, 38.004334, 38.999932, 
-0.065391, 0.911547, 1.980006, 2.988143, 3.990498, 5.036629, 5.937923, 7.033990, 8.097087, 8.993375, 9.955288, 10.993685, 12.034639, 12.927914, 13.923346, 15.008409, 16.065809, 17.018450, 18.095458, 18.980907, 19.977658, 20.906890, 22.058275, 23.031485, 24.062399, 24.905879, 26.094783, 27.058674, 28.092423, 29.098998, 29.904619, 30.994640, 31.956681, 32.993889, 34.066318, 35.066293, 36.035566, 37.053177, 38.011610, 38.983064, 
-0.002564, 1.059058, 1.916944, 2.984597, 4.091791, 5.075842, 6.014217, 6.913938, 7.926277, 8.946356, 10.069236, 10.933412, 12.086188, 13.000871, 13.987190, 14.981356, 16.063310, 16.929501, 18.097547, 19.040579, 19.954557, 21.055178, 21.932289, 23.061230, 24.048869, 25.018354, 25.943285, 27.059359, 27.965274, 28.956070, 29.967180, 31.021633, 32.093346, 33.057601, 34.000240, 34.914511, 36.065296, 37.060386, 38.072618, 38.963093, 
0.041138, 0.910543, 2.026469, 3.088900, 3.916391, 5.093426, 5.938606, 7.073789, 7.949900, 9.070569, 9.902291, 10.948966, 12.044403, 12.974209, 14.000060, 14.994053, 15.980193, 17.018609, 17.951002, 19.024211, 20.045598, 21.014751, 22.010182, 22.915686, 23.966685, 24.935888, 26.069218, 27.067853, 28.047832, 29.084601, 29.967697, 31.024017, 32.045894, 33.094846, 33.998204, 35.028955, 36.065668, 37.013972, 38.001747, 39.083128, 
0.085120, 1.006522, 2.017169, 2.942201, 3.992255, 5.032748, 6.002942, 7.085611, 7.908395, 8.978868, 10.053125, 11.070999, 12.072112, 12.910043, 14.071570, 14.929171, 15.954679, 17.044560, 17.945320, 19.022244, 19.955906, 21.043833, 22.077071, 23.074611, 23.942857, 25.058231, 26.024275, 27.092999, 27.998287, 28.982163, 30.015970, 31.085293, 31.992535, 32.999604, 34.019886, 34.986030, 35.950461, 37.005919, 37.970918, 39.062133, 
0.000751, 0.921156, 1.981777, 2.943139, 3.996817, 5.064680, 5.929101, 6.951377, 8.051039, 9.038029, 10.041443, 10.999212, 12.017681, 13.011635, 14.076677, 14.972650, 15.904793, 16.918051, 17.917038, 19.092143, 19.996335, 20.998826, 21.953844, 22.980512, 24.077290, 24.957899, 25.998287, 26.926389, 27.986815, 29.028603, 30.076602, 31.029616, 31.995888, 33.022816, 34.064041, 35.018035, 35.900813, 36.932230, 38.090224, 39.070749, 
-0.044674, 1.054866, 1.939493, 3.080954, 3.902574, 5.070849, 5.971881, 6.963599, 7.921025, 9.031935, 10.034798, 11.002874, 12.097399, 13.051826, 14.059292, 15.063855, 15.919550, 17.043087, 17.988163, 18.996390, 20.027193, 21.089695, 22.007093, 23.051835, 23.922070, 25.079960, 26.021584, 26.904052, 28.023909, 28.920900, 30.071192, 30.929534, 31.981138, 32.922535, 34.028476, 34.962996, 35.903683, 36.947694, 37.939807, 39.018694, 
0.042672, 0.947130, 1.979971, 3.002567, 3.922442, 5.022857, 5.975187, 7.058771, 8.079721, 9.023339, 9.900606, 11.052722, 12.058428, 12.935890, 14.039241, 15.049442, 15.917027, 17.074374, 18.066229, 18.953532, 19.911372, 20.997761, 21.922414, 22.947896, 23.979855, 24.918836, 25.969050, 27.017387, 27.999898, 29.081071, 30.025595, 30.922366, 31.930282, 33.049392, 33.999827, 34.927839, 35.985689, 37.003550, 38.058703, 39.053290, 
0.069025, 1.085036, 2.012152, 3.053840, 4.089810, 4.941689, 5.916097, 6.984503, 8.096954, 8.943523, 10.004849, 11.044682, 12.069300, 13.089976, 14.081709, 14.937552, 15.984716, 16.931021, 17.900093, 18.940275, 19.918910, 20.902849, 22.014209, 22.907644, 23.965749, 24.985701, 26.097797, 26.939126, 27.946927, 29.090324, 29.909135, 31.025783, 31.978601, 33.054131, 33.903576, 34.990163, 36.029250, 37.022461, 37.934209, 38.906312, 
0.062781, 0.913571, 1.979591, 2.989146, 3.900626, 4.902148, 5.984647, 6.987770, 7.995223, 9.039349, 10.086635, 10.956048, 12.079333, 12.936242, 14.054397, 15.008139, 16.089096, 16.951631, 17.918449, 19.098073, 19.945547, 20.927326, 22.011144, 23.024246, 24.080344, 25.075504, 26.044070, 27.010401, 28.016784, 28.940091, 30.069690, 30.903717, 32.097749, 33.026444, 33.914618, 35.018480, 35.904314, 36.965018, 38.078171, 39.015241, 
-0.087609, 0.906667, 1.999248, 2.995227, 4.027190, 4.935333, 5.977315, 7.015414, 8.045022, 8.960820, 10.062963, 11.047250, 12.061311, 12.933714, 14.001673, 14.905179, 15.996417, 17.033457, 17.983350, 18.908351, 19.962972, 21.099600, 22.042170, 23.073917, 24.027008, 25.072465, 25.966905, 26.996685, 28.005349, 29.037282, 30.012647, 31.067642, 31.976113, 33.064645, 33.991670, 35.013167, 36.016299, 37.036571, 37.921417, 38.925346, 
0.006040, 1.043860, 1.996833, 2.923179, 4.083006, 5.035048, 6.037072, 7.054720, 7.952128, 9.016565, 10.078131, 11.045079, 11.990837, 12.957253, 14.015802, 15.021261, 16.076873, 16.905999, 18.009613, 18.945156, 20.014535, 20.983289, 22.010434, 22.912892, 23.966810, 24.904924, 25.954547, 27.019796, 27.979203, 28.914437, 29.922681, 31.002941, 32.027696, 33.062208, 33.975734, 35.052308, 35.902070, 36.995322, 37.979723, 39.038975, 
0.012941, 0.945017, 1.997180, 2.962721, 3.962806, 4.912791, 6.099778, 7.059054, 8.058413, 8.991955, 10.074197, 10.934670, 12.001942, 12.934442, 13.943145, 15.017848, 15.943268, 17.038102, 17.972428, 18.949114, 20.040005, 20.935230, 22.030193, 23.040486, 24.003420, 24.931545, 25.984679, 27.002878, 27.982832, 29.074329, 30.084441, 30.903150, 31.974227, 32.963059, 34.056885, 34.968337, 35.924814, 36.972391, 38.098653, 38.932642, 
0.079829, 0.930023, 1.998559, 2.964847, 4.060459, 5.048823, 6.017690, 6.940979, 7.926561, 9.053346, 9.954757, 11.099234, 12.003866, 13.095137, 13.984251, 15.017482, 15.986709, 16.935453, 18.023061, 18.970725, 20.080640, 21.053682, 22.064490, 22.932024, 23.918462, 24.984026, 26.045906, 27.090756, 28.067800, 29.025574, 29.952049, 31.030004, 31.996772, 32.998900, 33.981891, 35.074529, 36.010098, 37.050662, 38.055943, 39.032881, 
0.001754, 0.908792, 2.035030, 3.022503, 4.029165, 4.965546, 6.032235, 6.999008, 8.001020, 9.017145, 10.060748, 10.924627, 12.036584, 12.937670, 13.934010, 14.928175, 15.959210, 17.019733, 18.012249, 19.067486, 19.941487, 20.935765, 22.052385, 23.097004, 24.013011, 24.996696, 26.026145, 27.021639, 27.943102, 28.960719, 29.969582, 31.074043, 31.967088, 33.027666, 34.085913, 34.951357, 35.995428, 36.926811, 38.003302, 39.011387, 
-0.048923, 0.943550, 1.975622, 2.978883, 4.055208, 4.987827, 5.962612, 7.064162, 8.016473, 9.029197, 10.089443, 10.926034, 11.980513, 12.915696, 13.993372, 14.955715, 16.008346, 17.034117, 17.906957, 18.931603, 19.902264, 20.976204, 22.042501, 22.973866, 24.033827, 24.996054, 25.957315, 26.981253, 28.084537, 28.904890, 30.067099, 30.929803, 32.005924, 32.926137, 34.093096, 35.012322, 36.063334, 37.057863, 38.013475, 38.980903, 
-0.072881, 1.054520, 2.008776, 2.903876, 3.917067, 5.022406, 6.060497, 6.963835, 8.029664, 8.968412, 9.925081, 10.948461, 11.971618, 13.035907, 14.069436, 15.017560, 15.962278, 16.942625, 18.039908, 18.981188, 19.968309, 20.943178, 22.040501, 23.099353, 23.966940, 24.965998, 26.098838, 27.033463, 27.933824, 29.094058, 30.034799, 30.983365, 32.086684, 33.006120, 33.940432, 34.942227, 35.921113, 36.967767, 38.028216, 39.025768, 
-0.098531, 1.032082, 2.079298, 3.079896, 4.086129, 4.957453, 6.099553, 6.918723, 8.084383, 9.092476, 10.017622, 11.078563, 11.987771, 12.991023, 13.947484, 14.971597, 16.055414, 16.925058, 17.920166, 18.981221, 19.975159, 20.947254, 22.090985, 23.038044, 23.971381, 24.908651, 25.934030, 26.963502, 28.000726, 28.916533, 30.097427, 31.097424, 31.996737, 32.950182, 33.912932, 34.901500, 35.975211, 36.932550, 37.902374, 38.909706, 
-0.094902, 0.904433, 2.009421, 2.948271, 3.916118, 4.999947, 6.021961, 6.976443, 7.990796, 8.951061, 9.946051, 11.005587, 11.908024, 13.056442, 13.915087, 14.935338, 16.032842, 17.026639, 18.093525, 18.937257, 20.054410, 20.963752, 22.095983, 22.927090, 24.072321, 25.025229, 26.008682, 27.057099, 28.090797, 28.939639, 30.069920, 31.005170, 32.061912, 33.074140, 33.985871, 34.928659, 35.909097, 37.062916, 38.011742, 39.082041, 
0.010036, 1.084680, 1.962976, 2.911467, 4.015808, 4.949587, 6.027108, 7.094776, 7.915806, 8.933192, 9.988760, 11.089638, 12.075029, 12.913445, 13.945933, 14.992073, 15.952319, 17.078419, 17.946687, 18.983677, 20.028994, 20.955887, 21.991152, 22.965572, 23.908190, 25.035225, 25.979543, 26.938298, 27.980540, 29.000530, 29.934143, 31.076408, 32.066142, 33.097892, 34.076111, 35.076990, 35.901552, 37.098012, 37.925526, 39.094475, 
0.040269, 0.978448, 2.075495, 2.997113, 4.044571, 4.965959, 6.082703, 7.011140, 7.983235, 9.030716, 10.089180, 10.953376, 12.002658, 12.939457, 14.026681, 14.932840, 16.018400, 17.009610, 17.959960, 18.965161, 19.942580, 21.070239, 22.096942, 23.058235, 23.985246, 24.933802, 26.014497, 26.980339, 27.988195, 28.919381, 29.985506, 30.959629, 32.007351, 32.984372, 34.062082, 34.951805, 36.000476, 37.088939, 37.976565, 39.033697, 
0.008948, 1.045017, 2.053202, 3.008456, 3.993340, 4.947051, 5.958731, 7.017275, 8.002256, 9.081804, 10.011396, 10.913876, 11.982993, 13.016818, 14.097124, 15.098581, 16.054390, 17.051305, 18.096227, 19.045466, 19.900470, 21.068428, 21.991252, 22.960058, 23.993478, 25.079750, 26.001716, 27.072649, 27.994267, 28.935307, 30.073134, 30.962391, 32.097059, 33.075013, 34.075364, 34.912794, 36.008893, 36.936738, 37.985023, 39.027699, 
-0.046798, 1.035204, 2.086586, 3.050991, 3.971766, 4.998842, 6.067056, 6.904191, 8.030857, 8.991772, 9.901451, 10.911288, 11.990611, 13.086760, 13.959099, 14.987840, 15.909642, 16.916022, 18.027351, 19.005080, 19.920353, 20.932350, 21.978692, 22.906195, 23.942560, 25.096783, 25.964182, 27.077371, 27.951778, 28.917092, 30.037044, 31.090483, 32.035887, 32.919024, 33.906623, 35.089608, 35.926799, 37.007410, 38.040057, 39.090618, 
-0.090054, 0.985021, 1.909385, 3.063673, 4.070929, 5.092144, 5.913307, 6.906849, 7.987493, 9.071955, 10.052858, 11.004891, 11.942951, 12.983180, 13.919035, 15.060956, 16.069283, 17.035249, 18.019075, 19.032178, 20.072856, 20.970934, 21.965750, 22.931919, 23.910909, 25.040086, 26.036551, 26.995410, 28.019711, 29.071558, 29.952658, 30.917566, 32.050563, 32.995864, 34.067797, 34.947548, 36.072391, 36.996346, 37.948263, 38.938933, 
-0.031528, 0.906049, 1.963351, 2.986828, 3.967580, 5.003128, 5.969309, 6.927830, 7.999237, 8.988432, 10.073004, 10.946515, 11.984630, 12.995805, 14.053131, 14.931841, 15.929382, 16.978945, 18.062824, 19.054148, 20.096713, 20.969869, 21.966635, 23.029742, 24.054870, 25.084375, 25.969353, 26.949269, 27.929839, 29.067042, 29.987059, 31.041142, 32.071113, 32.914078, 34.027651, 34.911152, 35.915850, 36.962796, 38.022928, 39.082516, 
-0.017909, 1.048876, 2.040848, 3.034449, 4.032612, 5.057835, 6.087462, 6.928838, 7.936024, 9.040447, 10.062309, 10.996097, 11.904607, 12.913066, 13.944917, 14.936788, 15.949842, 17.048956, 17.966297, 18.953705, 20.022896, 21.097579, 21.966192, 23.039361, 23.989600, 25.042562, 26.096706, 26.995199, 28.008391, 28.998649, 29.941887, 31.012569, 32.084925, 32.979091, 34.088185, 35.051682, 35.914699, 36.999833, 37.929223, 39.027931, 
0.088688, 1.068746, 1.932712, 3.055070, 3.988456, 5.082183, 5.930257, 6.990703, 7.928194, 9.091923, 9.990925, 11.062358, 11.993288, 12.939736, 13.988369, 15.078502, 16.087213, 16.916187, 17.977350, 18.975640, 20.001193, 20.958304, 22.095149, 23.083533, 23.918123, 24.952799, 26.016301, 26.990602, 28.005134, 29.038468, 29.949436, 30.994495, 32.092361, 33.044289, 34.018700, 34.981873, 36.083441, 36.956092, 37.995443, 38.990064, 
-0.076085, 1.083773, 2.061580, 3.004772, 4.020219, 4.920693, 6.057746, 6.949226, 7.990827, 8.991594, 10.027245, 10.954229, 11.920921, 12.938696, 14.075858, 15.016968, 16.086087, 17.012542, 18.039501, 19.063809, 20.049935, 20.960673, 21.928023, 22.960838, 23.971525, 24.991570, 25.984292, 27.002039, 27.952414, 28.988618, 29.999688, 30.973647, 32.038856, 33.031248, 34.016624, 34.919043, 35.959023, 36.975279, 37.945274, 38.967909, 
0.035897, 0.924886, 2.077924, 2.907571, 3.982022, 5.035460, 6.047158, 7.087379, 7.992120, 9.091319, 10.016099, 11.014123, 11.906486, 12.994665, 13.962231, 15.086556, 15.939674, 17.066662, 17.983645, 19.015830, 20.090314, 20.938469, 22.064408, 23.098401, 24.053540, 24.924415, 25.982228, 26.936831, 27.914030, 29.014126, 30.094323, 31.068796, 32.040284, 33.085463, 34.090475, 34.934779, 36.035078, 37.081796, 38.078646, 38.929381, 
0.008824, 0.996497, 2.036138, 3.039078, 3.926542, 5.071324, 5.965236, 6.926642, 7.941107, 9.014095, 9.903205, 11.009595, 11.913995, 13.054284, 13.993079, 14.975915, 16.062818, 16.967068, 18.090338, 18.945963, 20.079110, 20.954054, 21.950550, 23.009806, 24.058090, 24.987224, 25.915853, 27.027235, 27.949308, 29.081638, 29.978016, 31.032446, 32.096434, 32.940389, 34.054781, 35.033823, 36.063176, 37.082253, 37.975332, 38.983209, 
0.062851, 1.098782, 2.029308, 3.082845, 4.062336, 4.990749, 5.988985, 6.964581, 8.027460, 9.007355, 10.000712, 11.004280, 12.004033, 12.973995, 13.923372, 14.986447, 15.942658, 16.950267, 18.041941, 19.090630, 20.081315, 21.004364, 21.922995, 22.995523, 24.000641, 25.008763, 26.033717, 27.019584, 28.050902, 28.984373, 29.991833, 30.932152, 31.970532, 32.921831, 34.044677, 34.915277, 35.969460, 36.917752, 37.943483, 39.003682, 
-0.083311, 1.048463, 2.082670, 3.073776, 4.063523, 4.944184, 5.945333, 7.003024, 7.903382, 8.901076, 9.984773, 10.953008, 11.941881, 12.953711, 13.920789, 14.981411, 16.028139, 17.085823, 18.030627, 19.076731, 19.984010, 21.029055, 22.033904, 23.026457, 24.061625, 24.997508, 25.999122, 27.055031, 27.919190, 29.030028, 29.903535, 31.007314, 31.905418, 33.035784, 34.078831, 35.046682, 35.996034, 37.076644, 37.933111, 39.064483, 
0.004124, 0.949350, 1.906443, 3.072129, 4.068681, 4.944073, 5.983841, 7.069401, 7.913871, 8.970550, 10.067823, 11.095919, 11.992692, 13.010539, 13.944453, 14.937425, 15.995826, 16.965217, 17.949503, 19.022473, 19.981947, 21.091628, 22.006433, 22.980440, 24.069465, 25.075586, 25.939086, 27.063254, 28.080238, 28.920104, 30.001412, 31.074184, 31.932280, 32.997819, 33.973974, 35.066267, 36.040687, 37.037769, 37.930714, 38.999478, 
0.000668, 0.938536, 2.053355, 3.042858, 3.979825, 5.062905, 6.063607, 7.011064, 8.072711, 8.961314, 10.062224, 10.924557, 12.062805, 12.900499, 14.098763, 14.955513, 15.947857, 16.940376, 17.950594, 18.989463, 20.040574, 21.064352, 21.940019, 23.009779, 23.952687, 24.976355, 25.962660, 26.982485, 28.080391, 28.964263, 29.980538, 30.984498, 32.065173, 33.031411, 34.062801, 34.985132, 36.017582, 37.094434, 38.022659, 39.074599, 
0.084713, 1.006489, 1.912611, 3.011520, 3.951592, 5.071733, 6.034583, 7.079334, 7.924925, 8.994648, 9.935984, 11.019157, 12.092404, 13.043544, 13.917298, 15.031721, 15.922532, 16.930415, 18.017499, 19.074135, 19.983452, 21.074434, 22.020657, 22.920655, 23.907561, 25.000159, 25.941701, 27.024314, 28.073131, 28.929732, 30.096860, 31.080676, 31.924441, 32.965256, 34.088233, 35.086161, 36.056552, 36.983990, 38.093407, 39.088426, 
0.091968, 0.974167, 1.976182, 2.908258, 3.971600, 4.971258, 5.941131, 6.956076, 7.994377, 8.986954, 10.015752, 10.961797, 11.979795, 13.037301, 14.020902, 15.031701, 15.960495, 17.086502, 18.065445, 19.018193, 19.970056, 20.907044, 22.035784, 23.045999, 24.010252, 25.090883, 26.070766, 27.003249, 27.941649, 28.932740, 29.903812, 30.932950, 32.039969, 33.093353, 34.077856, 35.019840, 35.927878, 36.902560, 38.006728, 39.084633, 
0.098980, 1.066180, 1.968041, 2.990919, 4.099215, 4.913488, 5.974586, 6.945090, 8.001487, 8.932192, 9.932374, 11.025840, 11.975684, 13.082892, 14.010321, 15.036649, 16.098462, 17.068794, 18.039178, 19.080415, 20.071542, 21.094944, 21.971781, 22.948953, 24.067966, 24.918796, 25.903436, 26.929139, 28.021962, 28.915572, 30.083423, 30.954188, 32.089414, 32.953591, 33.989607, 35.014962, 35.961421, 37.063909, 37.905859, 38.979558, 
0.084268, 0.903037, 1.907089, 2.930294, 3.992306, 5.090655, 6.007479, 7.019828, 7.992358, 9.030878, 10.088937, 11.029757, 11.921529, 12.967281, 14.024079, 15.024004, 15.903082, 17.033117, 18.075220, 18.902402, 20.020947, 20.976956, 22.090307, 23.094357, 23.967464, 24.935494, 25.917454, 26.978302, 28.037483, 29.003752, 29.906117, 30.925178, 31.919528, 32.943356, 34.016800, 35.046178, 36.076352, 37.013741, 38.087968, 38.908700, 
-0.052101, 0.993665, 2.014509, 3.027016, 3.914129, 4.959522, 5.943180, 6.933791, 7.952195, 9.099127, 10.060992, 10.946374, 12.095777, 12.950339, 13.911047, 14.982643, 15.901274, 17.001900, 17.947326, 18.908950, 19.967926, 20.929644, 22.054522, 22.998298, 23.947046, 24.945540, 26.056692, 26.964700, 28.015174, 28.963681, 30.046899, 30.977217, 32.018609, 32.931904, 33.915823, 34.963778, 35.973655, 36.954313, 38.003760, 38.941980, 
0.041160, 1.075907, 2.048727, 3.046918, 3.918768, 4.923257, 6.035259, 6.943701, 8.084205, 8.974757, 9.997740, 11.024834, 11.942697, 13.062515, 13.927227, 15.007994, 16.027666, 17.030651, 18.053626, 19.059279, 19.996229, 21.043159, 22.009057, 22.925990, 24.057175, 24.915759, 26.095972, 26.993051, 27.911481, 28.944546, 29.974012, 31.054296, 31.973569, 32.948429, 34.085686, 35.053289, 36.078975, 36.946858, 38.061748, 38.971359, 
-0.016023, 1.035119, 1.953216, 3.071532, 3.932188, 4.935543, 6.094357, 6.969162, 8.028233, 9.097515, 10.025203, 11.064819, 11.901891, 12.998873, 14.014261, 14.947376, 16.095649, 16.922526, 18.003779, 19.010870, 19.978991, 21.049812, 21.997777, 23.067960, 23.900280, 24.947673, 25.984757, 27.066167, 28.018371, 28.914302, 30.050993, 31.078893, 32.008824, 32.979231, 34.071553, 35.096472, 36.000152, 37.092725, 37.954749, 38.942636, 
-0.007064, 1.084239, 2.021298, 3.053134, 3.905707, 4.995308, 5.917858, 6.921557, 7.936936, 9.015465, 10.098600, 10.996994, 12.066203, 13.099948, 14.067090, 14.988456, 15.942702, 17.004668, 18.085470, 19.090330, 19.931878, 20.920809, 22.097305, 22.933606, 23.902922, 25.005196, 26.025965, 27.019085, 27.948907, 28.923446, 30.076872, 30.902289, 31.976341, 33.034590, 34.013381, 35.048966, 36.024496, 36.997584, 38.048502, 38.940365, 
0.099816, 0.946201, 2.035676, 3.038480, 4.076912, 5.089976, 6.025394, 6.929572, 7.948201, 9.006693, 9.972392, 11.064773, 11.960529, 13.087698, 13.914214, 14.975814, 16.010951, 17.039851, 18.079290, 18.994194, 19.975565, 21.076735, 22.077229, 23.074764, 24.011933, 24.974083, 26.070923, 26.992806, 27.915165, 28.953504, 30.018218, 31.029525, 32.012231, 32.910547, 33.961723, 35.061157, 35.984565, 37.055030, 38.085920, 39.043872, 
0.071774, 1.051548, 2.055443, 3.089714, 4.087866, 4.929076, 6.098779, 7.084440, 7.918146, 9.045283, 9.943282, 10.967759, 12.056038, 12.917516, 14.044739, 15.085477, 16.052559, 16.927060, 18.087960, 18.951818, 20.050975, 21.026377, 21.970355, 22.974459, 23.991945, 24.973565, 25.985617, 26.951946, 28.011438, 29.091744, 29.981406, 31.049609, 31.930907, 33.094223, 33.993510, 34.985449, 35.948045, 36.940693, 38.045090, 38.941376, 
-0.018024, 1.060360, 1.964067, 2.970608, 3.900262, 5.033069, 6.055635, 7.002505, 8.060357, 9.016059, 9.973427, 10.954965, 11.953062, 12.963648, 14.027670, 15.054009, 15.909177, 17.055181, 17.968640, 18.996435, 19.980916, 21.021735, 21.993233, 23.012734, 23.917596, 25.034100, 26.090056, 26.954518, 28.085568, 28.903339, 29.950199, 30.921619, 32.054786, 32.902285, 34.070623, 34.942385, 36.046893, 36.907025, 38.096458, 39.089214, 
0.047847, 0.936759, 2.012707, 3.046207, 4.046409, 4.958320, 6.040022, 7.006027, 7.946964, 8.942520, 9.905770, 10.936783, 11.976426, 13.070524, 13.942931, 14.959885, 15.938256, 17.064212, 17.964811, 19.093990, 20.038288, 20.972165, 22.093687, 22.923168, 24.024518, 25.016208, 25.977091, 26.990453, 27.940808, 28.928371, 30.021342, 30.925483, 32.092844, 32.963020, 34.045360, 34.940205, 36.053149, 37.087447, 37.973068, 39.005240, 
0.076974, 0.968938, 1.967283, 3.026122, 3.986503, 5.036084, 5.947589, 7.088055, 8.058342, 9.067235, 10.051492, 11.076456, 11.979324, 12.937927, 14.038856, 15.055640, 16.098226, 16.905192, 17.929066, 18.974786, 20.091202, 21.066297, 22.060111, 23.070041, 24.067031, 25.017026, 25.938556, 27.040965, 27.955120, 29.034334, 30.013267, 30.936024, 31.962547, 33.070515, 33.972426, 35.096973, 36.076491, 36.954470, 37.983454, 38.919190, 
0.010751, 0.960050, 2.069830, 2.956272, 3.902809, 4.955048, 5.906524, 7.092379, 7.987655, 8.968886, 10.051585, 11.077330, 11.921877, 12.944761, 14.060626, 14.902140, 15.910427, 17.009985, 17.948310, 18.914988, 20.057685, 21.029945, 21.913396, 22.957815, 23.970563, 25.046071, 26.022303, 26.912461, 27.904289, 28.990062, 29.950371, 31.087151, 32.072523, 33.074485, 33.973508, 34.925108, 35.921888, 37.054276, 38.088800, 39.037521, 
0.046164, 1.017635, 2.077938, 3.061343, 4.095972, 4.985279, 6.011975, 7.021308, 8.077203, 8.973611, 10.013160, 10.911281, 12.035721, 13.015926, 14.035231, 15.066502, 16.017309, 17.074936, 18.031772, 19.033833, 20.092346, 21.002940, 22.076581, 23.054510, 23.904689, 25.099980, 26.045169, 27.022336, 27.900707, 29.033136, 29.906413, 31.084619, 32.013654, 32.971694, 34.046230, 34.962241, 36.005786, 36.989389, 37.907577, 38.973917, 
0.025348, 1.015490, 1.947247, 3.075590, 4.016498, 4.982388, 6.036699, 7.075677, 7.907449, 8.980372, 10.081530, 11.070279, 12.024243, 13.083942, 13.944613, 14.974290, 15.982202, 17.001650, 17.968380, 18.900226, 19.917345, 21.028605, 22.084433, 22.998488, 23.980906, 24.902888, 25.998444, 27.076421, 27.982043, 28.980628, 29.905112, 31.031071, 31.987914, 32.917940, 33.944594, 35.055432, 36.066417, 36.904384, 38.063643, 38.951969, 
0.073351, 0.990524, 2.058424, 2.906892, 3.952082, 4.990319, 6.058342, 6.923398, 7.910141, 8.980962, 10.087150, 10.983782, 11.957834, 13.052513, 13.935492, 14.972104, 15.904144, 16.902385, 17.931153, 18.980895, 20.063109, 21.058498, 22.050443, 22.966979, 23.949310, 25.033864, 25.965328, 27.065637, 28.025771, 29.018565, 29.998916, 30.926910, 31.971788, 33.027734, 33.919710, 35.069281, 36.097279, 37.040363, 38.029287, 38.967999, 
0.041393, 1.001195, 2.003333, 3.065346, 4.050390, 4.932731, 5.927121, 7.085039, 7.991944, 8.951769, 9.983107, 10.971002, 11.928366, 13.047306, 14.011961, 15.049067, 15.939088, 17.048811, 17.911707, 18.949347, 19.910455, 21.018131, 21.906000, 22.930812, 23.992443, 25.022506, 25.998411, 27.088148, 28.005796, 29.004995, 29.947819, 30.956698, 32.058908, 32.925850, 34.002738, 35.046664, 36.052802, 36.977523, 38.022551, 38.938400, 
0.055263, 0.928942, 2.041788, 3.093284, 4.095958, 5.024769, 6.010502, 7.075763, 8.060626, 9.094640, 10.087616, 10.948267, 11.924286, 13.092148, 13.942181, 15.092076, 15.973891, 16.937183, 18.069858, 19.034292, 19.974358, 20.982641, 22.028019, 23.014897, 24.011027, 24.929688, 25.925796, 27.002352, 28.098322, 28.993426, 29.917891, 31.016211, 31.900212, 33.072874, 33.952269, 35.001681, 35.935892, 37.085946, 38.039545, 38.947876, 
-0.058460, 1.023023, 1.977042, 2.992450, 4.050159, 5.011723, 6.006578, 6.959498, 8.030090, 8.940180, 9.996827, 10.963876, 11.912977, 12.996403, 13.925578, 15.003983, 15.948038, 17.092613, 17.961878, 19.036025, 19.974322, 20.965539, 22.012211, 23.085004, 23.960247, 25.018099, 25.950448, 27.012764, 28.078877, 29.089155, 29.993858, 31.070206, 31.957973, 32.925750, 33.988881, 34.976292, 36.064938, 37.041469, 37.974485, 38.967842, 
-0.098432, 1.064386, 1.901003, 2.926671, 4.072949, 5.043631, 5.918763, 7.076034, 7.953232, 8.911833, 9.938624, 10.905753, 12.016538, 13.015695, 13.943641, 15.098644, 16.063942, 17.076460, 18.063460, 19.020885, 19.961402, 21.051449, 22.075369, 22.936923, 23.948865, 25.085059, 26.004047, 26.974731, 27.980422, 28.998993, 29.944376, 31.079876, 32.032360, 32.939171, 34.087054, 34.919953, 35.974310, 37.026879, 37.908047, 39.038969, 
-0.099549, 0.995699, 2.090214, 2.968106, 3.958592, 4.921720, 6.065798, 7.089704, 7.907831, 9.004554, 10.071935, 11.047725, 11.975049, 12.913957, 14.045167, 15.084107, 15.968999, 16.998368, 17.940293, 19.022326, 20.048720, 21.021655, 21.926350, 23.096721, 23.953355, 24.985503, 25.998012, 26.984059, 28.088469, 29.010750, 29.919802, 30.941421, 31.973202, 33.031797, 33.914518, 35.050120, 35.989898, 37.032415, 37.970334, 38.971559, 
-0.019271, 0.938260, 1.930261, 3.078531, 3.946158, 4.952180, 6.039192, 6.941910, 8.057733, 9.061279, 10.048201, 11.070514, 11.965032, 13.077827, 13.914642, 14.975207, 16.062679, 16.977150, 17.903888, 18.942501, 20.048353, 20.929160, 22.058355, 22.991037, 23.910232, 25.044634, 25.960845, 26.996931, 27.984186, 29.056409, 30.026096, 31.076503, 31.954723, 32.945113, 34.076429, 35.043327, 35.962191, 36.940397, 38.060308, 39.084497, 
0.005087, 1.096307, 1.906441, 3.082746, 4.051141, 5.017966, 5.954535, 6.973110, 7.904137, 8.987869, 10.090659, 10.912822, 12.006240, 12.940671, 13.992449, 15.015043, 15.958064, 16.909402, 17.926583, 18.935395, 20.084642, 20.999739, 22.013380, 22.968756, 23.968073, 24.922606, 25.990786, 26.991087, 27.934767, 29.033916, 30.010086, 31.066622, 31.948620, 32.917883, 33.914430, 34.986377, 35.909070, 37.065107, 37.996615, 38.929426, 
-0.021254, 0.957357, 2.096373, 3.086109, 3.969455, 4.957797, 6.016397, 6.942128, 7.944192, 8.971158, 10.047100, 11.025813, 12.077246, 13.090576, 14.082235, 14.944701, 16.052649, 17.053725, 17.987793, 18.935429, 20.070151, 21.049298, 22.078944, 23.073880, 23.973617, 24.965383, 25.909959, 27.062962, 28.055508, 29.044843, 29.918210, 31.060788, 32.047840, 32.948658, 34.025082, 35.055799, 36.001648, 36.976214, 38.057732, 38.908314, 
-0.015161, 0.978716, 1.937938, 3.038667, 4.093006, 5.089081, 5.996378, 7.093657, 7.911147, 8.960524, 9.928168, 11.013154, 11.907788, 12.998414, 13.911050, 15.013355, 16.004871, 17.070725, 18.064434, 18.961197, 19.937072, 21.005141, 22.044388, 23.004170, 23.936976, 25.083429, 26.036643, 26.977899, 28.068932, 29.087212, 29.996682, 31.048236, 32.004516, 33.095798, 33.949948, 35.062079, 35.934713, 37.072123, 38.057148, 38.905130, 
-0.088670, 0.986128, 1.904686, 3.039099, 4.002732, 5.001772, 5.922304, 6.975769, 7.965504, 9.082575, 9.919133, 10.964815, 11.999319, 12.901000, 14.090837, 15.043735, 15.975340, 17.037907, 17.993909, 19.059831, 19.937725, 20.928389, 22.088248, 23.023617, 24.087069, 24.934913, 26.017994, 27.067229, 27.974026, 29.062523, 29.904297, 30.936266, 32.037080, 33.089780, 33.908286, 34.926486, 36.022619, 37.064884, 38.040156, 39.017825, 
0.076155, 1.096850, 2.066779, 2.926072, 4.048963, 4.937765, 6.035536, 6.920750, 8.057584, 8.955542, 9.921213, 11.015901, 12.049328, 13.010180, 14.092026, 14.998406, 16.013233, 16.911222, 18.040297, 18.908805, 20.019623, 21.032350, 21.953629, 22.981988, 23.989040, 24.919127, 25.936016, 26.995792, 28.011974, 28.910151, 30.022952, 31.051261, 31.910362, 33.005151, 33.921011, 34.926549, 35.905425, 37.091110, 38.006425, 38.925087, 
0.046774, 1.032304, 1.912753, 3.047805, 4.018883, 5.033580, 5.958000, 6.977889, 7.918853, 9.094200, 9.921837, 10.983294, 12.062411, 12.989308, 13.923183, 14.971057, 16.009476, 16.983496, 18.066857, 18.951765, 19.904549, 21.061653, 22.001311, 23.064750, 23.910237, 25.011161, 25.902424, 27.092562, 27.909745, 28.914161, 30.062479, 31.035654, 32.007835, 33.036720, 34.026258, 35.065982, 35.957905, 37.062554, 38.016537, 39.075122, 
0.060062, 1.015109, 2.007878, 2.986666, 3.906528, 4.993348, 6.060038, 6.954083, 8.010150, 8.977422, 10.086055, 11.080998, 11.948128, 13.031790, 14.031907, 15.037738, 15.999335, 16.981134, 17.948789, 19.089915, 19.953594, 20.901232, 22.040905, 22.909437, 24.027735, 24.931465, 26.078756, 26.992603, 28.011110, 28.902142, 29.959250, 30.944287, 32.009534, 33.089640, 34.078503, 35.066555, 35.940690, 37.017835, 38.092622, 38.925900, 
-0.043324, 1.048828, 1.981189, 3.028307, 3.937031, 4.928299, 6.001791, 7.081094, 7.997603, 8.952182, 10.013798, 11.070291, 11.946569, 13.006407, 14.018897, 15.072780, 15.933955, 17.072380, 17.938374, 19.035414, 19.942707, 20.977134, 21.982752, 22.969985, 24.039540, 24.981978, 25.992658, 27.089205, 27.907780, 28.958628, 30.007903, 31.038212, 31.962877, 33.012865, 34.062452, 35.042455, 35.986900, 36.963030, 37.940877, 38.912775, 
-0.090507, 1.083704, 1.974464, 2.911152, 3.964517, 4.973200, 6.008930, 6.903493, 7.995953, 8.964385, 9.988506, 10.974493, 11.987465, 12.994194, 13.934305, 15.009176, 16.082718, 17.044574, 18.025650, 18.989260, 20.028970, 20.962913, 21.912612, 22.915311, 24.034096, 25.091517, 25.981162, 27.012558, 27.927431, 29.094100, 29.935422, 30.921607, 32.061926, 32.959773, 34.075234, 34.992480, 36.031471, 36.958052, 37.963055, 39.053744, 
0.077747, 0.997005, 1.926556, 3.084558, 4.068782, 4.927648, 5.937140, 7.062443, 8.006695, 8.953454, 10.054848, 11.097144, 11.937452, 13.056148, 14.097023, 14.954535, 16.053945, 17.070216, 18.026473, 18.915661, 19.931986, 20.992664, 21.941994, 23.039716, 23.956344, 24.955215, 25.908700, 27.022986, 27.994965, 28.938970, 29.953165, 31.050376, 32.030118, 33.073569, 33.969772, 35.027487, 36.009815, 36.981129, 37.924744, 39.080777, 
-0.063853, 1.004422, 2.080021, 3.016305, 3.945250, 5.035306, 5.966051, 6.910790, 8.045416, 9.010805, 10.010543, 10.968319, 11.949834, 12.969056, 13.985805, 14.954645, 15.977695, 17.049124, 17.911106, 18.966082, 20.093324, 20.949590, 21.972512, 23.063733, 23.969470, 25.051880, 26.009722, 27.011379, 27.976749, 28.912605, 30.051932, 30.981167, 31.941927, 33.038782, 34.096816, 34.961012, 35.961244, 37.032711, 38.029330, 39.059793, 
0.028682, 0.967052, 2.048012, 3.075293, 3.948754, 5.066098, 5.923096, 7.091682, 8.024236, 9.042697, 10.003456, 11.078109, 12.005872, 13.068452, 14.045023, 14.964271, 15.943240, 16.925938, 18.001203, 19.084125, 20.057624, 20.931381, 22.080827, 22.945331, 23.980162, 25.066923, 25.990124, 27.096433, 28.067077, 28.984345, 29.973007, 30.948070, 32.075820, 33.095941, 33.936710, 34.903712, 35.974337, 36.969061, 38.068782, 38.923688, 
-0.044316, 1.079731, 1.942462, 2.946657, 3.993768, 5.003940, 6.005187, 6.907395, 8.075558, 9.017327, 9.997852, 11.039225, 12.000557, 12.955564, 13.939582, 14.966060, 16.010753, 16.939147, 18.065037, 18.994521, 19.970051, 20.969778, 21.922994, 23.047320, 24.094396, 25.036582, 26.012885, 26.955382, 28.082364, 28.936391, 29.941673, 31.060095, 32.055156, 33.005046, 34.074049, 34.957119, 36.013627, 37.028976, 38.081237, 39.040911, 
-0.038251, 0.998152, 1.975752, 2.935289, 4.028908, 4.929420, 6.079281, 7.014739, 8.000966, 8.918641, 10.083476, 10.911186, 12.076865, 12.901654, 13.945687, 14.910012, 16.076912, 17.084295, 18.022687, 18.977426, 20.027361, 20.987189, 22.043409, 22.957431, 24.042680, 25.078560, 25.952088, 26.911140, 28.011200, 28.907242, 30.055136, 30.988180, 31.907565, 32.948871, 33.990737, 34.911086, 35.989558, 36.935215, 37.994640, 39.053872, 
-0.041223, 0.989860, 1.962521, 3.033956, 4.037999, 4.971252, 5.910602, 7.037843, 7.922794, 8.999148, 10.061785, 11.071437, 11.935759, 12.914151, 14.004797, 15.097766, 16.045984, 16.916459, 18.072520, 19.035890, 19.992172, 21.089961, 21.926037, 23.061300, 23.947476, 24.993886, 25.919220, 26.979163, 27.945055, 29.024762, 29.921291, 31.001489, 31.976703, 32.996579, 33.928943, 35.067767, 36.089393, 37.019085, 38.059778, 38.977302, 
0.013083, 1.023512, 2.013182, 3.062790, 4.002573, 5.021101, 6.016544, 7.046340, 8.014672, 8.956525, 9.970857, 11.048448, 12.003896, 12.999301, 13.924940, 14.929852, 15.971238, 16.980553, 17.950172, 18.963362, 20.065347, 21.077693, 21.915785, 23.012134, 23.986578, 24.984148, 25.902144, 26.912529, 28.041850, 28.943092, 30.012723, 30.924237, 32.083862, 33.003767, 34.030785, 34.934237, 36.047616, 37.052147, 37.987102, 38.947589, 
-0.019615, 0.932947, 2.066901, 2.959247, 3.950645, 5.030765, 5.986715, 6.965299, 7.962271, 9.016903, 9.917897, 11.084045, 12.023435, 13.026167, 13.919371, 15.097632, 16.010067, 16.977693, 17.916946, 18.913332, 19.958421, 21.091242, 21.950756, 23.078317, 24.041133, 24.949537, 25.989133, 26.926980, 28.020822, 29.057375, 29.998070, 31.053691, 32.052378, 32.912319, 33.909130, 34.939266, 36.023883, 36.926119, 37.910316, 39.062080, 
-0.088911, 1.013268, 2.023726, 3.092648, 3.920784, 4.979818, 5.953134, 7.068369, 7.981068, 9.062045, 9.913455, 10.910116, 12.044355, 12.925457, 13.951339, 15.006740, 16.042832, 16.926406, 18.091654, 19.015951, 20.059376, 21.085265, 21.938371, 23.005399, 23.941832, 24.963356, 26.027715, 26.915277, 27.916727, 29.066546, 30.001595, 30.949877, 31.960681, 32.985093, 33.926837, 35.062130, 35.908650, 37.052664, 37.967731, 39.068725, 
-0.079068, 1.059273, 1.985351, 2.935839, 4.028760, 4.999198, 5.990726, 6.903747, 8.081981, 9.023358, 10.056386, 10.918571, 11.932800, 12.965205, 14.011593, 14.929897, 15.972263, 16.964954, 18.071504, 19.044139, 19.994658, 21.010784, 21.946865, 23.008067, 24.010867, 24.925767, 25.954083, 26.914154, 28.067257, 28.905578, 29.917098, 31.085480, 31.981223, 32.986557, 33.949201, 34.940989, 35.977117, 37.074216, 38.073064, 38.975842, 
-0.018341, 1.044617, 2.030567, 2.992298, 4.058110, 4.974146, 6.074526, 6.913125, 8.011946, 9.072473, 9.959778, 11.076965, 12.093117, 12.951291, 14.012590, 14.985654, 15.965905, 17.020197, 17.950179, 19.062472, 19.932459, 21.001657, 21.984016, 22.976501, 23.965360, 25.013123, 26.094785, 27.031304, 28.076803, 29.003040, 29.992886, 30.922175, 31.977596, 32.967386, 33.969142, 34.924098, 35.976090, 37.046642, 37.998172, 38.983490, 
-0.020658, 0.928359, 1.961239, 2.944736, 4.036602, 5.010742, 5.918877, 6.935805, 8.014249, 9.073846, 10.060087, 11.050182, 12.056897, 12.932066, 13.915036, 15.086768, 15.969486, 17.036568, 18.085466, 18.943335, 20.073847, 20.986954, 21.976476, 22.987372, 24.056505, 24.938319, 25.993736, 26.904840, 27.920750, 28.932711, 30.071515, 30.948387, 32.097018, 32.901118, 34.037786, 34.965661, 35.974701, 37.017308, 38.000134, 38.901361, 
0.096868, 0.906903, 1.921710, 2.965144, 4.067818, 4.941766, 5.995679, 7.030643, 8.019753, 9.064435, 9.945827, 10.960222, 12.006743, 12.953143, 13.914537, 14.964211, 15.987595, 16.975535, 17.942998, 19.059958, 19.914998, 20.910350, 22.045881, 22.975651, 23.959089, 24.996488, 25.925371, 27.017024, 27.920697, 29.002757, 29.914122, 31.053460, 31.981215, 33.014362, 33.942683, 34.985591, 36.094822, 36.981480, 38.076737, 38.965739, 
