0.251230, 1.298887, 1.888866, 2.758986, 4.153060, 4.972733, 6.384739, 6.712467, 7.905871, 8.721618, 9.678421, 11.017483, 11.936970, 12.922215, 14.360861, 14.762429, 16.265894, 17.039292, 18.093738, 18.701135, 19.855010, 21.133990, 22.231244, 23.316750, 24.322325, 25.166092, 26.089905, 27.268826, 28.367871, 28.934018, 29.669453, 31.209616, 32.190018, 33.117385, 33.985521, 34.752139, 35.697151, 36.617894, 37.809782, 38.878883, 
-0.215441, 0.854914, 2.141507, 2.923288, 3.653565, 4.827475, 6.312186, 6.633244, 8.103602, 8.830211, 10.234804, 10.975556, 11.782260, 12.671459, 13.748770, 15.052848, 16.253923, 17.332470, 18.029380, 19.396076, 19.983378, 20.868970, 21.931588, 22.953827, 24.000883, 25.288913, 25.817441, 27.099622, 27.635940, 29.104028, 29.948733, 31.123920, 31.728542, 33.284464, 33.936776, 34.928687, 35.676823, 37.250284, 37.736657, 39.335711, 
0.198279, 1.294564, 2.323354, 3.257393, 4.090189, 4.632397, 6.363500, 7.254661, 7.847070, 9.331452, 10.069181, 11.207780, 11.742343, 13.153469, 14.273182, 14.659156, 15.818879, 17.285182, 18.151075, 19.044537, 20.354657, 20.802649, 22.359929, 22.664700, 24.080348, 24.984983, 26.084098, 27.265783, 28.313674, 28.774495, 29.731577, 30.992489, 32.031556, 32.666430, 34.018405, 34.662593, 35.606642, 36.786786, 38.185839, 39.078661, 
-0.217600, 1.026070, 2.347063, 3.075463, 4.248114, 4.848432, 6.110640, 6.979513, 8.329650, 9.234875, 9.953567, 11.333261, 11.624241, 13.182285, 13.924324, 14.617498, 15.891037, 17.185693, 18.088268, 19.085901, 19.847561, 21.360811, 21.692263, 23.269591, 23.975638, 25.328025, 26.082383, 27.282890, 28.355457, 29.111862, 30.299533, 30.849331, 31.905140, 32.795890, 33.648396, 35.287206, 36.203942, 36.824703, 38.272925, 39.204717, 
0.385687, 0.960437, 1.968825, 3.206471, 4.291271, 4.682159, 6.363811, 6.830547, 8.270289, 8.980460, 10.121970, 11.170604, 11.854455, 12.823635, 13.852906, 15.111815, 16.010605, 17.265267, 18.026179, 19.182304, 19.643317, 21.384348, 21.747455, 22.958236, 24.086459, 25.042515, 26.233299, 27.164935, 28.053557, 29.125689, 30.023785, 30.926226, 32.279265, 32.867166, 34.190032, 34.787700, 35.606901, 37.398866, 38.326951, 39.029721, 
0.297308, 1.071141, 1.912158, 2.725156, 4.122310, 4.807535, 6.159600, 7.392005, 7.922283, 9.108317, 10.333730, 11.225073, 11.709375, 13.152792, 13.890394, 15.102977, 16.170509, 16.871996, 18.210449, 19.302487, 20.380592, 20.696369, 21.633577, 22.796198, 23.788983, 25.085469, 25.621269, 26.667857, 28.353360, 29.036626, 30.253491, 30.807187, 31.993977, 32.994032, 33.896126, 34.779306, 36.173802, 36.678393, 37.672732, 38.958611, 
-0.068475, 1.130586, 2.393352, 2.730486, 4.048981, 5.144479, 5.625070, 6.603269, 8.031093, 9.276088, 9.769142, 10.966605, 12.268646, 13.165428, 13.718054, 15.275264, 16.098841, 17.078306, 17.938408, 19.323435, 20.227808, 20.935711, 21.784544, 23.297414, 24.296018, 25.290048, 26.138898, 26.727310, 28.287941, 29.222081, 30.219484, 30.883101, 31.941366, 32.814886, 33.826285, 35.350760, 36.209561, 37.061705, 37.983366, 39.008875, 
-0.079454, 0.842566, 2.364675, 3.363804, 3.723812, 5.078434, 5.722053, 6.836258, 7.849420, 9.033481, 9.715630, 10.695999, 12.067412, 13.264307, 14.039901, 15.248147, 16.014535, 16.978582, 18.156028, 19.023501, 19.862878, 21.133065, 21.701322, 22.899994, 24.030657, 25.224218, 25.647341, 27.044770, 27.756669, 28.936869, 29.628937, 30.616753, 32.224861, 33.267433, 34.267618, 35.275073, 35.824354, 36.912189, 37.852196, 39.223158, 
-0.267054, 1.196400, 2.355482, 3.235013, 3.784446, 5.263176, 6.101412, 7.347402, 7.729785, 9.019775, 10.032134, 11.099863, 12.288592, 13.389951, 14.319849, 15.111471, 15.718058, 16.843498, 17.882292, 19.240426, 20.185216, 20.724480, 22.238943, 23.194399, 23.711113, 24.859567, 25.646845, 26.642949, 28.010871, 29.338617, 30.225155, 31.339007, 31.958613, 33.291491, 33.818368, 35.016310, 36.318311, 36.600528, 37.747072, 39.317814, 
0.238204, 0.625576, 1.897860, 2.921039, 3.874084, 4.903055, 6.344915, 6.990687, 8.083846, 8.737270, 9.640660, 11.100922, 12.308609, 13.110989, 13.600376, 15.152522, 16.081111, 17.327290, 17.663441, 18.981722, 19.790365, 21.368382, 22.150701, 22.604403, 23.634776, 24.689367, 25.632577, 26.986383, 28.264224, 29.057821, 30.098550, 30.694078, 31.769985, 33.311967, 34.209512, 34.917732, 36.283469, 36.936719, 38.382500, 38.780897, 
-0.091503, 1.391693, 1.891763, 3.271591, 3.655412, 5.346160, 5.614272, 6.910094, 7.941038, 9.228435, 10.160311, 11.003324, 11.732251, 13.001817, 14.249569, 14.996558, 15.713448, 17.228211, 18.278145, 19.079344, 20.181356, 21.332973, 21.630346, 23.112552, 24.382673, 24.714667, 25.992821, 26.632366, 27.756035, 29.290060, 29.919388, 31.299824, 31.910809, 33.108301, 33.608121, 34.883997, 35.924003, 37.232191, 38.012575, 39.340164, 
-0.242179, 1.394922, 2.297321, 2.940243, 3.724825, 5.253080, 5.667515, 7.054001, 8.145634, 8.616505, 9.929007, 10.794619, 12.388382, 13.003028, 14.090392, 15.001670, 16.388865, 16.814334, 18.168906, 18.664289, 19.942799, 21.163773, 21.809288, 22.722349, 23.830404, 25.094880, 26.395108, 27.100211, 27.640998, 29.365874, 29.986430, 31.198225, 31.771816, 32.839244, 33.646596, 34.639755, 35.920743, 36.947466, 38.096226, 39.135301, 
0.186416, 1.234166, 1.835534, 2.801569, 4.319715, 5.224266, 5.842396, 7.237434, 8.028742, 8.922743, 9.938398, 11.168612, 12.389540, 12.622789, 13.873399, 15.085341, 15.683642, 17.391549, 18.393978, 19.026771, 19.852591, 21.014229, 22.346441, 23.180125, 24.337021, 24.916442, 25.785671, 27.357565, 28.069311, 29.390695, 29.741843, 31.311587, 32.158906, 32.818291, 34.210562, 34.623165, 35.945515, 36.800966, 38.109069, 39.256449, 
0.135694, 1.238570, 2.344438, 2.791458, 3.997666, 5.344109, 5.686591, 7.309360, 8.071628, 9.195024, 9.672500, 10.684380, 12.231004, 13.081810, 13.699846, 14.847180, 15.803900, 16.787492, 17.812281, 19.050250, 20.156941, 20.667091, 22.298915, 22.699914, 23.668995, 25.181320, 26.164640, 27.254042, 28.125317, 29.060456, 30.128157, 30.794412, 32.229381, 32.890364, 33.651671, 34.782958, 35.974239, 36.873182, 38.276699, 39.234725, 
-0.069373, 1.374631, 2.038078, 2.871536, 3.883587, 5.149319, 5.853587, 7.160920, 7.982632, 9.084110, 10.288867, 10.889825, 11.840189, 12.988866, 13.908770, 14.611963, 16.367071, 16.864777, 17.806996, 18.803321, 20.226279, 21.131182, 22.394417, 22.930528, 24.159477, 24.628160, 26.181069, 26.904048, 28.023719, 28.994788, 29.853235, 31.123343, 31.711769, 32.967472, 34.161254, 34.723281, 35.892763, 36.848337, 37.663578, 38.952848, 
-0.198398, 1.014364, 1.612975, 3.356592, 3.953929, 4.875451, 5.754126, 7.321005, 7.648880, 8.627612, 9.905747, 11.234468, 11.869421, 13.004510, 13.824346, 15.079100, 16.065473, 16.754817, 17.835698, 19.309366, 20.290697, 20.653311, 21.626349, 23.060093, 24.159854, 24.817353, 25.808381, 27.262994, 28.224823, 29.332650, 30.117366, 30.626843, 32.108538, 33.153557, 34.268606, 35.318667, 35.708898, 36.776912, 37.724699, 38.882028, 
0.211462, 0.681359, 1.865318, 3.088434, 3.653469, 4.881367, 5.648273, 7.077610, 7.928342, 9.276509, 9.610609, 11.144114, 11.710489, 12.743734, 14.247354, 15.375831, 15.983490, 17.107743, 18.121916, 19.346599, 19.708932, 20.730529, 22.069844, 23.099724, 24.178144, 24.611536, 25.904181, 27.204619, 28.065120, 28.874896, 30.365059, 31.295353, 31.778930, 32.627077, 34.352787, 34.883886, 36.135119, 36.610115, 37.611036, 39.212035, 
0.225532, 1.330448, 2.006622, 3.096751, 3.749116, 4.655178, 5.808698, 7.198732, 8.146029, 8.686556, 9.964393, 10.714075, 11.952856, 13.349624, 13.677688, 14.735187, 15.627569, 17.198127, 17.855708, 19.066575, 20.337836, 21.360592, 21.658400, 22.785287, 24.016260, 24.821552, 26.047592, 26.683093, 27.624155, 28.654836, 30.202302, 31.189088, 31.661144, 32.984497, 34.258985, 34.866162, 36.336302, 36.660994, 38.380493, 39.128303, 
-0.158454, 1.327439, 2.148101, 2.881753, 3.835150, 4.848956, 5.761341, 6.695436, 8.388055, 9.206733, 9.726378, 11.132761, 11.987473, 12.644493, 14.396497, 15.098581, 15.942942, 16.627775, 18.336527, 19.076309, 20.270298, 20.809376, 22.064228, 22.783190, 24.001667, 25.351853, 25.772940, 27.327522, 27.996230, 29.159138, 29.870512, 31.324028, 31.983014, 33.211770, 34.313983, 35.136611, 35.630222, 36.672455, 37.822171, 39.291436, 
-0.170256, 0.784334, 1.670010, 3.245272, 3.652975, 4.831887, 5.842586, 7.298846, 7.973006, 9.094959, 10.338572, 11.395640, 11.810238, 13.092749, 14.247624, 14.679361, 16.056372, 16.839875, 17.620274, 19.264232, 20.174099, 20.675714, 21.747206, 22.794193, 24.268825, 25.301929, 26.209896, 27.054417, 28.187903, 28.914469, 30.188505, 31.332338, 32.327870, 33.377513, 33.908923, 35.129443, 35.765765, 36.922335, 38.329343, 38.959302, 
-0.246069, 0.882350, 1.940113, 3.135167, 3.791490, 5.370457, 6.179343, 6.683480, 7.946055, 8.706911, 9.993618, 10.883984, 11.660448, 13.171167, 13.877645, 15.247994, 16.318709, 17.182200, 18.233833, 19.242072, 20.185444, 21.377770, 22.174993, 23.090207, 23.872392, 25.282640, 26.354903, 26.646491, 28.345727, 28.979115, 30.236286, 31.289605, 32.270348, 32.968117, 34.304151, 34.606189, 35.928972, 37.364607, 37.823751, 39.120789, 
0.353690, 0.943776, 2.159026, 2.871693, 4.312581, 5.395724, 5.816077, 7.065158, 7.704177, 8.816368, 9.914096, 10.889743, 12.351214, 12.920814, 14.185996, 15.121639, 15.982851, 17.088437, 17.693121, 19.347518, 19.927000, 21.004381, 22.246854, 23.329311, 23.627624, 25.128670, 25.712157, 26.716679, 27.970949, 29.142823, 30.026372, 31.397824, 32.238929, 33.104321, 33.900589, 35.278471, 36.174097, 36.683562, 37.828412, 38.614804, 
0.141273, 1.084051, 2.270621, 2.717344, 4.202552, 5.300942, 6.380964, 7.306233, 7.974153, 9.007037, 10.037209, 11.283144, 12.022900, 13.193872, 13.806135, 15.137665, 16.004451, 17.076643, 18.075800, 18.835370, 19.792657, 21.087517, 22.158492, 22.667970, 23.880228, 24.961114, 25.887563, 27.251696, 27.925598, 29.371600, 30.159877, 31.243134, 31.875952, 33.359123, 33.681749, 34.658350, 36.208745, 36.607494, 37.619336, 38.922677, 
-0.141159, 0.886338, 1.665823, 3.387194, 3.813314, 4.991904, 6.122601, 6.904347, 8.198318, 8.844365, 10.017494, 10.601916, 12.002750, 12.668622, 14.331322, 14.648453, 16.046430, 16.725188, 17.640272, 19.120198, 20.300296, 21.261753, 21.853072, 22.982620, 23.624390, 24.763047, 25.738186, 26.742630, 27.780271, 28.761044, 30.203332, 30.812129, 31.709476, 32.732560, 33.755889, 35.172012, 36.091767, 37.334470, 38.114684, 39.267587, 
-0.090107, 1.321716, 2.322287, 2.728232, 3.658137, 4.628714, 6.016243, 6.871614, 7.882914, 8.779303, 10.006531, 10.899793, 11.883965, 13.009484, 14.250673, 14.664140, 15.935960, 17.299269, 17.747587, 19.227694, 19.702145, 21.050666, 22.087910, 22.710608, 24.190482, 25.392682, 25.936463, 27.361183, 28.339067, 29.258497, 30.136439, 30.649524, 31.936066, 33.364885, 34.312478, 35.228977, 35.677636, 36.791553, 38.236933, 39.198435, 
-0.075304, 1.397701, 1.649631, 3.222123, 3.923375, 5.330323, 5.860791, 6.731710, 8.123804, 9.032298, 10.360876, 10.913205, 12.347560, 13.306447, 14.168169, 15.130194, 15.953712, 17.274604, 17.677549, 19.001284, 20.125005, 20.710378, 22.053450, 22.763667, 24.046402, 24.980580, 25.862110, 26.997874, 28.103931, 28.603909, 29.875852, 31.045868, 32.341167, 33.186673, 34.077815, 35.084131, 35.963626, 37.229664, 38.335501, 38.726702, 
-0.069979, 0.855896, 1.655428, 3.397819, 4.051556, 5.041383, 6.167725, 7.355999, 8.095378, 8.615747, 9.714500, 11.110386, 12.311037, 12.635657, 13.800762, 15.220185, 16.298305, 16.623540, 18.198455, 19.240571, 19.818041, 21.148294, 21.772936, 22.750994, 23.632714, 24.866812, 25.667196, 27.316496, 28.313191, 28.734330, 29.777468, 31.310377, 32.071335, 33.063342, 33.609419, 34.737080, 35.952618, 37.003493, 37.790357, 39.085476, 
0.287033, 0.831413, 2.366447, 3.273121, 4.188810, 5.253982, 5.955711, 6.850980, 8.017239, 8.904419, 10.134698, 10.796579, 11.900803, 12.962043, 13.643991, 15.305617, 16.027840, 16.792775, 18.142434, 18.781953, 20.286085, 21.220971, 22.064948, 23.356145, 23.919125, 25.251375, 26.336225, 27.252338, 28.358461, 28.717640, 29.928260, 30.797719, 32.335791, 33.152542, 33.674643, 35.096988, 35.929119, 36.765489, 38.034285, 38.825611, 
0.155339, 0.897162, 2.182514, 3.011789, 4.075190, 5.226738, 5.968077, 6.698521, 7.788095, 9.009192, 10.090024, 11.121799, 11.869297, 13.169836, 14.313555, 15.376137, 15.745391, 17.213125, 18.264880, 18.800275, 19.640395, 20.832478, 22.053352, 22.610798, 23.822133, 24.913149, 25.949220, 27.309239, 28.047745, 28.674790, 30.228771, 30.684782, 32.154174, 32.795192, 34.140318, 35.215014, 36.132547, 37.377779, 38.271259, 38.674365, 
-0.104232, 1.152340, 2.124901, 3.355171, 4.131221, 4.648383, 6.212967, 6.741959, 7.667671, 8.952450, 10.254438, 11.340450, 12.067870, 12.864405, 13.895874, 14.801332, 15.733130, 16.750329, 17.896304, 19.112471, 19.938165, 20.765155, 21.741011, 23.262384, 24.198533, 24.739425, 25.794733, 26.600989, 27.637316, 29.219580, 29.608234, 30.807422, 32.317348, 33.074002, 34.191540, 34.837331, 35.993833, 37.286882, 38.262726, 39.173055, 
-0.032462, 0.684524, 1.871178, 3.179104, 4.363550, 4.611297, 5.866494, 7.353718, 8.008994, 8.885418, 10.046810, 11.006757, 11.835808, 13.013331, 14.207627, 15.287505, 16.347951, 16.683980, 18.235133, 19.069882, 20.069805, 21.367419, 22.354185, 22.982214, 24.156226, 24.783035, 25.807936, 27.133871, 27.696420, 29.335527, 29.693248, 30.600636, 32.000488, 33.160304, 34.327945, 34.640551, 35.754667, 37.086702, 37.697985, 39.140708, 
-0.389272, 0.675390, 1.756904, 2.680681, 4.302506, 4.928729, 5.939209, 6.600650, 8.259334, 9.172605, 9.770509, 10.783911, 11.625421, 13.147615, 13.918480, 14.922320, 15.985024, 16.939331, 18.051733, 19.133524, 20.144691, 20.964059, 22.308859, 23.327257, 23.912357, 24.657667, 25.910143, 27.071276, 28.000291, 28.809137, 29.756016, 30.661374, 32.310863, 33.385308, 34.306978, 35.237296, 36.296480, 37.029485, 38.106193, 38.877410, 
-0.398343, 0.892196, 1.691051, 3.180877, 4.219108, 5.162239, 5.859070, 6.762870, 7.918693, 9.155343, 10.180477, 11.060819, 11.606564, 13.115471, 13.872364, 14.626787, 16.017092, 17.074804, 18.350500, 18.944989, 19.724116, 20.949441, 22.370054, 23.082142, 23.617075, 25.142283, 26.299737, 27.115814, 28.049383, 29.254843, 29.618727, 30.648051, 31.634435, 32.964324, 33.695005, 34.603858, 35.709691, 36.739400, 38.297036, 39.257060, 
0.189515, 0.734861, 2.245811, 2.668543, 3.765046, 4.636796, 5.741590, 6.818888, 7.830908, 9.302892, 10.072335, 11.302463, 12.308633, 13.093819, 13.656782, 14.960506, 15.735295, 16.955328, 17.948470, 18.834447, 20.366561, 20.949798, 22.032318, 23.170068, 23.834714, 25.046011, 26.002940, 27.191481, 27.958316, 28.743077, 30.209029, 31.025752, 31.737339, 32.653933, 34.094415, 35.010098, 35.809328, 37.001002, 38.143972, 38.641100, 
0.267867, 0.658611, 2.129003, 2.868839, 3.782937, 5.181367, 5.809673, 6.720356, 7.915636, 9.122314, 9.970080, 10.991210, 11.715551, 13.173903, 13.773901, 15.139270, 15.969637, 17.133720, 17.663111, 18.830390, 20.166685, 21.124073, 21.996062, 23.307774, 24.248943, 25.123746, 26.132255, 27.203397, 28.000875, 28.984371, 30.351484, 30.968962, 31.833782, 33.388111, 33.694344, 35.269928, 36.067575, 37.366540, 38.360975, 39.311343, 
-0.313832, 0.722097, 1.721100, 3.308486, 4.046439, 5.300273, 6.075409, 6.658390, 7.828216, 8.757296, 10.062316, 10.606803, 12.170013, 12.785524, 14.261634, 14.655195, 15.705894, 17.363072, 18.221503, 18.776027, 19.718145, 20.701242, 21.938051, 22.961930, 24.193570, 24.709480, 26.039615, 27.358739, 27.930028, 29.311762, 30.161847, 30.856049, 31.758389, 32.860351, 34.103721, 35.340814, 35.782022, 36.923347, 37.942872, 38.675129, 
-0.158152, 0.988973, 1.617924, 3.087076, 3.811676, 4.960321, 5.741020, 7.231565, 7.874500, 8.839304, 9.637945, 10.956942, 11.694038, 13.274441, 14.139608, 14.738860, 16.003505, 17.088176, 18.373541, 18.690628, 20.045590, 20.759065, 22.294811, 23.051723, 24.144277, 24.980919, 26.265794, 26.989696, 28.260050, 29.052470, 29.718756, 31.321343, 32.171711, 32.955088, 34.250407, 34.909332, 36.061248, 36.940337, 38.040004, 39.031499, 
0.252911, 1.144662, 2.156666, 2.937323, 4.290997, 4.675515, 5.626948, 6.623560, 7.991308, 8.605814, 9.801528, 10.918686, 12.051230, 12.715114, 13.666900, 14.830867, 15.697226, 16.657709, 18.036972, 18.736656, 19.928041, 20.898842, 22.335682, 22.805770, 23.946744, 24.620229, 25.946927, 27.209830, 27.632567, 28.799882, 30.128874, 31.096769, 32.282859, 33.263787, 33.643104, 34.632409, 35.921944, 36.620802, 37.943544, 38.747686, 
0.270660, 1.263864, 1.664012, 3.071640, 4.318831, 5.305807, 6.195772, 7.349699, 8.098792, 9.283483, 9.651340, 11.023957, 11.680151, 12.662291, 14.132837, 15.001497, 16.221437, 16.608863, 18.252499, 19.126260, 19.871110, 20.851054, 21.773865, 23.341168, 23.607685, 24.872205, 26.283014, 27.188562, 27.606412, 29.038374, 29.653143, 31.111451, 31.633561, 33.009285, 33.965375, 35.023269, 35.680397, 37.282393, 38.194089, 39.152671, 
-0.156572, 0.652752, 2.297799, 2.722920, 4.047408, 4.731537, 6.005962, 6.896417, 7.771685, 8.922092, 10.174488, 10.905382, 12.017186, 12.834164, 13.847064, 15.068648, 15.791608, 17.383726, 18.105751, 18.659267, 19.664715, 20.748595, 21.982396, 22.675801, 23.605485, 25.054211, 25.826940, 26.781504, 28.394631, 28.868288, 30.144019, 31.169928, 31.631463, 33.284713, 33.653606, 35.399359, 36.209231, 36.649872, 37.983541, 38.642655, 
-0.074598, 1.342666, 2.047217, 3.399438, 3.692319, 4.871088, 5.903594, 7.149548, 7.719024, 9.110505, 9.764795, 10.945204, 11.618641, 13.322422, 13.732517, 15.245486, 15.968297, 17.205996, 17.866930, 19.350188, 19.807433, 20.768738, 22.223225, 22.867261, 23.680990, 24.932115, 25.669471, 27.225478, 28.180553, 28.863356, 29.876163, 30.950819, 31.791145, 33.237118, 33.875774, 34.833485, 36.387596, 36.892589, 38.387535, 38.674431, 
-0.337597, 0.857421, 1.708756, 3.063484, 4.026334, 4.619288, 6.171125, 6.813029, 8.375197, 9.122573, 10.364358, 10.963480, 12.087394, 13.073875, 13.880062, 15.204729, 15.862441, 16.677235, 17.742386, 19.122143, 20.330612, 20.993381, 22.318910, 23.188627, 23.914858, 24.951447, 26.070075, 27.370744, 27.675903, 29.132403, 30.315702, 30.967789, 31.929848, 32.953750, 34.267890, 35.387112, 36.270563, 37.111530, 37.644001, 38.840821, 
-0.201379, 1.126689, 2.125244, 2.919954, 4.240344, 4.836650, 6.390335, 6.849043, 8.142227, 8.720518, 9.699827, 10.726849, 11.726405, 12.939546, 13.761686, 14.952720, 15.767332, 16.801912, 17.603432, 18.861712, 20.019465, 20.951583, 22.280620, 23.110724, 24.236382, 25.085959, 25.910041, 27.160303, 28.291006, 28.992221, 29.804706, 31.213429, 32.041977, 32.660343, 33.933680, 34.675027, 36.002710, 36.737459, 37.923012, 39.246511, 
0.115810, 1.036611, 1.745719, 3.231485, 4.133533, 4.768434, 6.260468, 6.946625, 8.201806, 9.272936, 10.032081, 11.189940, 12.222472, 12.947699, 14.382604, 15.072143, 16.119672, 16.720352, 17.922342, 19.201939, 20.226047, 20.835333, 21.865329, 22.800343, 24.077104, 25.251855, 26.054067, 27.255847, 28.240815, 29.074208, 30.358425, 30.827734, 31.798875, 33.184338, 34.218080, 34.886386, 36.003267, 36.632332, 38.146269, 39.209965, 
-0.081028, 1.317165, 2.377204, 3.288785, 4.180946, 5.182795, 6.086142, 7.233344, 7.914292, 8.620702, 10.235141, 10.856025, 12.211695, 13.345888, 14.090783, 14.753072, 15.910389, 16.698887, 17.833488, 18.708457, 20.230614, 21.323042, 21.806575, 22.860061, 24.183099, 24.770418, 25.612262, 26.701056, 27.829284, 29.256438, 29.704859, 31.390756, 31.872478, 33.245298, 33.610550, 34.642305, 35.641773, 37.103136, 38.379652, 39.223858, 
-0.335511, 0.940734, 2.169737, 2.624309, 3.862230, 4.955261, 5.997519, 6.823135, 7.833819, 8.815500, 9.732484, 11.287678, 11.880419, 13.159689, 14.129586, 14.728672, 16.086624, 16.819429, 17.757419, 19.282971, 20.389156, 21.158484, 21.856517, 22.797551, 23.855282, 25.254982, 26.163706, 27.355635, 28.335315, 28.723955, 30.105142, 31.393434, 32.394936, 33.184367, 34.121950, 35.277546, 35.738048, 37.258205, 37.943631, 39.100642, 
0.272351, 1.308251, 2.284166, 2.751672, 3.674880, 5.281754, 5.782952, 7.002008, 7.656064, 8.912852, 9.702456, 11.365373, 11.730528, 12.755513, 14.216458, 14.981839, 15.778805, 17.063463, 17.717169, 18.652212, 20.063325, 21.215871, 21.855047, 23.051347, 24.318447, 25.203939, 25.820902, 26.948322, 27.629874, 29.021021, 29.907266, 31.016003, 31.974728, 32.969980, 34.047081, 34.984273, 35.609014, 36.745256, 37.697292, 38.619219, 
0.383658, 1.149467, 1.903643, 2.738718, 3.850784, 4.917120, 5.814656, 7.146989, 8.171201, 9.131343, 10.242372, 11.245623, 11.838683, 12.815932, 14.039984, 15.052505, 15.676101, 16.798027, 18.272828, 19.015997, 19.999840, 21.229838, 22.273035, 23.244595, 24.175101, 25.275595, 25.668526, 26.973353, 28.171400, 28.895603, 30.134420, 30.911651, 32.331287, 32.689520, 33.855238, 34.887093, 36.114397, 36.603471, 38.093419, 38.888200, 
0.224386, 1.380450, 1.742470, 3.250340, 4.264222, 5.258141, 5.709545, 6.993687, 7.704266, 8.818159, 10.129903, 11.100528, 11.851507, 12.995525, 13.722191, 15.294694, 16.140818, 17.084329, 18.306375, 18.919597, 20.311746, 21.020542, 22.366629, 23.194533, 23.729630, 24.982684, 25.900660, 26.771312, 28.216089, 29.123549, 30.068486, 30.862907, 32.007951, 32.914956, 33.742557, 35.256786, 36.033953, 37.242727, 37.912559, 39.178800, 
0.142310, 0.646146, 1.815813, 3.108424, 3.605695, 4.647994, 6.258568, 7.388150, 8.300455, 8.797481, 9.705400, 11.066255, 11.966923, 13.116361, 13.945538, 14.722082, 15.980616, 16.823719, 17.610355, 18.925081, 19.685889, 20.791257, 22.318735, 22.673602, 23.614531, 24.653628, 25.729803, 26.672826, 28.274861, 29.341246, 30.039421, 31.112593, 32.347583, 33.044026, 34.097913, 35.085154, 36.029418, 36.808234, 37.670300, 39.190688, 
-0.345879, 1.377801, 1.967671, 2.616516, 4.276375, 5.355741, 6.271724, 7.261890, 8.059408, 9.081602, 9.783403, 10.741620, 12.262293, 12.642456, 14.261472, 15.182162, 16.155609, 16.729096, 18.375965, 18.636022, 19.854038, 20.797188, 21.805216, 23.303526, 23.676461, 24.702975, 25.655722, 27.340739, 27.818119, 28.620250, 29.894333, 31.139349, 32.136145, 33.050973, 33.940545, 34.974908, 36.012090, 37.041530, 38.092783, 39.347839, 
0.073829, 1.373243, 1.946424, 3.077249, 4.169974, 4.688821, 5.975360, 6.984308, 8.353160, 9.298157, 10.011689, 10.986567, 11.622487, 13.341572, 14.250199, 14.816237, 15.876174, 17.370942, 18.345612, 19.228596, 20.092651, 21.019307, 22.142191, 23.124895, 23.664168, 24.684242, 26.314171, 26.634766, 28.127820, 29.030486, 30.307375, 31.112842, 32.174641, 33.360631, 33.725030, 35.387252, 36.348852, 37.083403, 37.893495, 38.617996, 
-0.043868, 0.680871, 2.182005, 2.642231, 3.781803, 4.682741, 5.796478, 6.776811, 7.725704, 9.031646, 9.900292, 10.735354, 11.712537, 13.340548, 14.313560, 14.769825, 15.669826, 17.148189, 18.149825, 19.084341, 19.747242, 20.766325, 22.183801, 22.926745, 24.229331, 25.045402, 25.992489, 26.746797, 27.859748, 28.669497, 29.746916, 31.249027, 31.867497, 32.814011, 33.801060, 34.859476, 36.266760, 36.738322, 37.916753, 39.177913, 
0.182545, 0.824498, 2.292771, 2.883397, 4.219736, 4.662769, 5.900210, 7.379797, 8.112440, 9.266258, 10.285541, 10.608256, 11.977945, 13.261755, 13.777196, 14.855059, 16.160866, 17.121188, 17.882533, 18.954899, 20.259662, 20.636180, 21.969290, 23.059384, 24.326579, 24.892344, 26.052763, 27.220651, 28.300510, 29.071875, 29.826899, 30.641493, 32.103733, 32.926673, 34.109449, 34.947918, 36.042581, 36.603620, 38.361330, 39.129639, 
0.024152, 0.684792, 1.747881, 3.203825, 3.985500, 4.696073, 5.937941, 6.983730, 7.972452, 9.130043, 10.139791, 10.852817, 12.267180, 13.187298, 13.866207, 15.167903, 15.711995, 17.274235, 17.610965, 18.710900, 19.794241, 21.044653, 21.709707, 22.784210, 23.868565, 25.349539, 25.789408, 27.183925, 27.822580, 28.822456, 30.379612, 30.790689, 31.830244, 33.347111, 34.132911, 35.230092, 35.843411, 36.607924, 38.028004, 38.857586, 
-0.332707, 1.018460, 2.255492, 3.255873, 3.614086, 4.832969, 5.936095, 6.842143, 7.648740, 9.190579, 9.626867, 10.636272, 12.185262, 12.902091, 13.670292, 14.932575, 15.731051, 17.360712, 18.001858, 18.641769, 20.185272, 20.873912, 21.771016, 22.669798, 23.832975, 24.651517, 25.818122, 27.228385, 28.161866, 29.188383, 29.649221, 30.949070, 32.111978, 33.379153, 33.616257, 35.122586, 35.966610, 36.741973, 37.945495, 39.145774, 
-0.370050, 1.010270, 1.947681, 2.737616, 3.703884, 5.035903, 5.687813, 6.970144, 7.732743, 8.843483, 9.984651, 11.163159, 11.937407, 12.707270, 14.245020, 15.160153, 16.001958, 16.654462, 18.167163, 18.918326, 20.331389, 21.290263, 21.718591, 22.809300, 23.963198, 24.778866, 26.194079, 26.752614, 28.131000, 29.138643, 29.815169, 31.181794, 31.671921, 33.372591, 33.721031, 35.334757, 36.329500, 36.840379, 38.211663, 38.784798, 
0.318061, 0.662704, 2.180277, 3.159378, 4.318491, 4.771828, 5.870212, 6.900486, 7.871770, 8.856775, 10.204475, 11.248812, 12.004079, 12.737322, 13.904405, 14.832063, 16.070194, 16.669468, 17.711716, 18.712145, 19.712110, 20.964628, 22.284249, 23.277461, 23.889330, 25.081764, 25.953092, 27.108259, 27.786081, 28.916571, 30.397837, 31.236721, 31.637952, 32.611774, 34.388473, 34.605160, 35.601392, 36.622183, 38.219554, 38.716565, 
0.104630, 1.009035, 1.968459, 2.998106, 3.945735, 4.818545, 5.731905, 6.819428, 8.080668, 8.855958, 10.079294, 10.915007, 11.973607, 12.777128, 13.792754, 15.200307, 15.901949, 16.857195, 17.687305, 18.722980, 19.997091, 20.653404, 22.164073, 22.852611, 23.921004, 24.692624, 26.396031, 26.662381, 27.769695, 29.350730, 29.754046, 31.033155, 31.684143, 32.696627, 34.203954, 34.745459, 35.779149, 37.314878, 37.947876, 39.017526, 
0.284718, 0.902675, 1.948889, 2.609954, 4.121682, 5.003750, 5.840214, 6.791905, 7.853178, 9.263914, 10.239359, 10.769959, 12.175100, 12.894823, 13.653412, 14.871112, 16.343127, 17.043427, 18.011340, 19.080909, 20.196401, 20.800716, 21.663407, 22.864615, 24.092956, 25.363906, 25.686456, 27.179542, 27.694062, 29.373279, 29.699185, 30.807141, 32.251450, 32.794376, 34.052629, 34.632063, 35.661503, 37.310776, 37.847264, 38.889396, 
0.152925, 0.947348, 2.297601, 2.646987, 3.795117, 5.079403, 5.688035, 6.748876, 8.181747, 9.219914, 9.738590, 11.019176, 12.045747, 13.148516, 14.264662, 14.972618, 16.213922, 16.975430, 18.064592, 18.679291, 20.087904, 21.274184, 22.262212, 23.369213, 23.938297, 24.783583, 26.372797, 27.051921, 27.983414, 28.985078, 29.613546, 31.176503, 31.717472, 33.241954, 34.344654, 34.886411, 36.171240, 37.243313, 37.876396, 38.958253, 
-0.145789, 0.963527, 1.703906, 2.973856, 3.723352, 5.343279, 5.788821, 6.979045, 8.357464, 8.776050, 10.344853, 10.977131, 12.061822, 13.219145, 14.152850, 15.347344, 16.049094, 17.149114, 17.890288, 18.901859, 19.615431, 21.194351, 21.733858, 22.835745, 23.753989, 24.854685, 26.279744, 27.210443, 27.636258, 28.670142, 29.852909, 31.280138, 32.299454, 32.954401, 33.969051, 34.853500, 36.274691, 37.157071, 37.961288, 38.854598, 
0.153496, 0.628028, 2.139418, 2.653707, 4.134695, 4.752719, 5.793654, 7.081850, 7.742237, 9.116873, 9.682350, 10.895802, 11.740525, 13.195748, 13.603790, 14.792450, 15.852605, 17.121733, 18.220014, 18.722263, 20.027008, 20.852232, 22.011753, 22.633673, 24.256495, 25.135964, 26.191828, 26.887107, 28.096386, 29.385094, 29.926250, 31.343323, 31.693712, 33.227650, 34.195952, 35.287948, 35.803605, 37.018050, 38.296218, 39.225217, 
-0.097301, 1.374705, 2.274058, 2.763522, 3.758069, 4.629740, 6.189732, 6.860957, 7.712209, 9.179265, 10.388175, 10.904172, 12.146345, 12.839542, 13.951917, 14.837731, 15.977575, 17.183542, 17.779269, 18.701697, 19.717850, 20.638568, 22.038511, 22.666489, 24.374652, 25.049820, 25.712403, 26.692368, 27.608460, 29.141600, 29.928344, 30.989717, 31.976492, 32.885894, 33.602107, 35.178655, 36.394616, 37.118279, 38.172208, 38.711979, 
0.025758, 0.652635, 2.127981, 3.001335, 3.987929, 4.636866, 5.887263, 7.366618, 7.626226, 8.767183, 9.791881, 11.011647, 11.753201, 13.246180, 14.056824, 15.310442, 16.266431, 16.996266, 17.976254, 19.210020, 20.283563, 20.845317, 21.797294, 23.004248, 23.736372, 25.126228, 25.940770, 26.619261, 27.774221, 28.733388, 29.934155, 31.173212, 31.634807, 32.848049, 34.233975, 34.941765, 35.955767, 37.217178, 37.906172, 38.631524, 
-0.256299, 1.043260, 2.349309, 2.956647, 3.746873, 5.270347, 5.813564, 6.739876, 7.886097, 9.248274, 10.031231, 10.909732, 11.625745, 12.953844, 13.885932, 14.639718, 16.006561, 16.689278, 17.682993, 19.366657, 20.045144, 20.814460, 21.825395, 22.675855, 23.999561, 24.915622, 26.227331, 27.215836, 27.953601, 28.705749, 29.746745, 30.652420, 32.175434, 33.378501, 33.922463, 35.227944, 36.065047, 36.652651, 37.601115, 39.044201, 
-0.053366, 1.323363, 1.899614, 3.159896, 3.931573, 4.649034, 6.359200, 7.138278, 8.333533, 9.336921, 9.636416, 11.060146, 11.925284, 12.810500, 14.389017, 14.980561, 15.934271, 17.148435, 17.707838, 18.854941, 20.039526, 21.264144, 21.931337, 23.167310, 23.976284, 24.685191, 26.097591, 26.779040, 28.307730, 29.145764, 30.091580, 30.903469, 31.949922, 32.643395, 33.956510, 34.820016, 35.928534, 36.928772, 37.959555, 39.049903, 
0.003337, 0.990544, 1.911594, 3.082666, 4.120000, 5.352553, 6.122701, 6.893300, 8.255663, 8.725538, 10.398155, 11.040630, 11.805712, 12.854174, 14.238162, 15.237033, 16.047621, 16.752574, 18.286344, 19.349986, 19.917550, 20.795143, 21.810758, 23.047614, 23.965914, 24.838462, 26.307761, 26.658428, 27.656463, 29.196621, 30.353549, 31.272567, 32.158505, 32.633603, 34.207318, 35.306126, 35.867888, 36.760544, 37.975397, 38.633226, 
-0.313226, 1.219731, 1.803961, 3.056305, 3.957469, 4.961310, 6.238159, 7.022834, 7.722454, 9.046791, 9.997709, 11.114495, 11.960460, 13.253287, 14.030083, 14.999740, 16.249340, 17.094218, 17.912066, 19.041798, 20.041171, 20.957389, 22.374842, 23.236766, 24.246884, 25.146746, 25.792195, 27.250551, 27.661322, 28.918982, 30.235727, 31.171597, 32.133937, 33.232192, 33.904486, 34.711263, 36.047339, 36.624926, 38.025327, 38.624650, 
0.340449, 1.381078, 1.644356, 3.300391, 3.845532, 4.678637, 5.751711, 6.884969, 8.344709, 8.849648, 10.238488, 10.896202, 11.910408, 12.862434, 13.624277, 15.162853, 15.819562, 16.818101, 17.609133, 18.749055, 19.831455, 20.691707, 21.922261, 23.152438, 23.827417, 25.399996, 26.262230, 27.304918, 27.767207, 28.773142, 30.051812, 31.397063, 32.184093, 33.349482, 34.062325, 34.970954, 35.600329, 37.356164, 38.374335, 38.609400, 
-0.377320, 0.857797, 1.604701, 3.209053, 4.142017, 5.159965, 5.683256, 6.759599, 7.692701, 9.332039, 10.094732, 11.172092, 11.777905, 13.082768, 13.635967, 14.710956, 15.923144, 17.077728, 17.641530, 18.753685, 19.877178, 20.717349, 21.953272, 23.315945, 24.255027, 24.839738, 25.928644, 27.154310, 27.829566, 29.310243, 29.665749, 30.961880, 31.624020, 33.366667, 34.321790, 35.209672, 36.309913, 37.169407, 37.959235, 39.254340, 
-0.205644, 1.355237, 2.372728, 2.821882, 3.633062, 5.031882, 5.962646, 6.933187, 7.822284, 8.862609, 10.157726, 10.741680, 11.860223, 13.323269, 13.755272, 15.207220, 16.104207, 16.778287, 18.202508, 18.986812, 20.245710, 20.737041, 21.756762, 23.276306, 23.637893, 24.787606, 26.358555, 26.956355, 27.680062, 29.322874, 29.808078, 30.740762, 31.683858, 33.241269, 34.339157, 34.845806, 36.212615, 37.200628, 38.310835, 39.361738, 
-0.298323, 1.329473, 1.616452, 2.974796, 3.606689, 4.666458, 5.984988, 7.254062, 8.163939, 8.858351, 10.028424, 10.665806, 12.169905, 13.006735, 13.927391, 15.257843, 16.136178, 16.851089, 18.231665, 19.372879, 19.836195, 21.058909, 21.633281, 23.305699, 23.825831, 24.898046, 25.641114, 26.890192, 27.777493, 28.859229, 30.301095, 30.995580, 32.230741, 33.239569, 34.383094, 35.093546, 36.271953, 36.724420, 37.882107, 38.908115, 
-0.088979, 0.669444, 2.323749, 2.806424, 4.275018, 5.335174, 6.152398, 6.953260, 8.127821, 8.608637, 9.795999, 11.350595, 12.292899, 13.309868, 14.241792, 14.699802, 15.807267, 17.074567, 17.990688, 18.824415, 19.769640, 20.991970, 21.829925, 23.300038, 24.160724, 25.162545, 25.854040, 27.184845, 27.682617, 28.990289, 30.035822, 30.624060, 32.137480, 32.810319, 33.753078, 34.647410, 36.382380, 36.629930, 38.374573, 39.174938, 
0.103449, 1.387502, 1.744555, 3.299853, 4.309355, 4.797248, 5.904708, 7.144414, 8.116587, 8.893664, 10.068451, 10.719403, 12.062974, 13.337039, 13.891191, 15.283410, 16.097818, 16.609089, 17.926960, 19.169231, 20.046975, 20.880702, 22.282076, 23.239355, 24.152175, 25.118592, 25.951198, 27.157080, 28.235276, 28.926786, 29.927426, 31.137118, 31.773471, 33.223672, 34.319741, 34.971977, 35.856508, 36.942291, 38.160254, 39.387522, 
-0.038349, 1.349218, 2.228502, 2.936198, 3.849628, 4.974182, 6.051726, 7.264602, 8.114686, 9.364689, 9.850618, 10.999922, 11.858561, 12.768804, 14.390907, 14.638900, 16.119728, 16.721581, 18.148169, 18.705157, 20.127078, 20.963081, 21.668068, 22.737797, 24.177940, 25.029563, 25.762757, 27.349125, 28.023552, 29.003711, 29.800481, 30.845235, 32.184927, 33.163012, 33.877880, 35.337227, 35.673569, 37.383433, 38.168147, 38.738750, 
0.157731, 0.782437, 1.731423, 2.820929, 3.721878, 4.789030, 5.689853, 7.205982, 8.197649, 8.740791, 10.088218, 11.183987, 11.747043, 13.094868, 14.074637, 15.194383, 15.621997, 17.267961, 18.301839, 18.820464, 19.859476, 21.063210, 21.803513, 23.024623, 23.667609, 24.898798, 25.853336, 27.371264, 27.925551, 29.352145, 30.336478, 31.098483, 32.245687, 32.734198, 33.707350, 35.188501, 36.353848, 36.944053, 37.930034, 39.260270, 
0.391973, 1.133261, 2.120482, 2.921746, 4.107037, 4.631138, 5.663660, 7.251329, 8.012552, 8.931774, 9.994548, 10.761754, 11.761854, 12.926960, 13.656095, 15.074156, 16.030344, 17.185244, 17.932086, 18.817809, 19.630398, 20.637476, 22.094414, 22.880356, 24.378114, 25.117374, 26.385429, 26.888945, 27.758349, 29.379576, 29.671388, 30.621005, 32.077626, 33.137693, 33.710550, 35.190234, 36.284040, 36.642191, 37.859112, 38.851226, 
-0.130257, 1.127069, 1.705966, 3.356404, 3.815054, 4.889118, 6.381408, 7.014005, 8.398905, 8.732813, 9.753412, 10.994497, 12.354462, 13.064324, 14.104256, 14.626923, 16.098430, 16.787828, 18.063962, 18.611223, 19.766035, 21.350185, 22.383728, 22.854793, 24.268432, 25.137523, 26.273651, 27.010028, 27.970585, 28.968259, 30.096683, 30.755928, 32.047757, 33.278450, 33.925041, 35.088570, 35.651493, 37.302018, 37.904223, 39.350979, 
0.286948, 0.891444, 1.725096, 2.740183, 4.278731, 4.744154, 6.021827, 7.318969, 7.909931, 8.670590, 9.808109, 10.845114, 12.370409, 12.831358, 14.237581, 15.036579, 15.802697, 16.781899, 17.610924, 18.989618, 19.880503, 20.709896, 21.873037, 22.974115, 23.649852, 25.073056, 26.263200, 26.605423, 28.352828, 28.772884, 29.740384, 30.905972, 32.124572, 33.165938, 33.840293, 35.018023, 35.734791, 37.181329, 37.894420, 38.853652, 
-0.328701, 1.344354, 1.647975, 3.018039, 4.264751, 5.363601, 5.726838, 7.291389, 8.143122, 9.146641, 10.332556, 11.037895, 11.789774, 13.222986, 13.762082, 14.987991, 16.069685, 16.690706, 18.128213, 19.383155, 20.132412, 21.234763, 22.169908, 23.065900, 23.978824, 24.725490, 25.718983, 26.849207, 27.921210, 28.668604, 30.072885, 30.752547, 31.630490, 33.012175, 34.345862, 34.799916, 35.776632, 37.335444, 37.625749, 38.938167, 
0.366135, 1.295861, 1.858414, 3.267736, 4.127475, 5.124991, 5.965685, 6.927685, 7.726117, 8.696227, 9.720827, 10.702289, 11.808435, 12.602883, 14.371586, 15.013328, 15.700732, 16.783119, 18.008371, 18.754835, 20.005559, 20.961652, 22.147293, 23.004733, 24.126756, 24.901683, 25.868783, 27.091741, 27.906477, 28.637017, 30.133593, 30.798809, 31.748218, 32.697760, 33.840848, 34.675529, 35.709125, 36.658080, 37.633227, 38.651122, 
-0.353776, 0.647941, 2.352872, 2.861294, 4.032525, 5.383915, 6.168216, 7.113781, 7.737297, 9.142514, 9.976982, 10.769671, 11.645435, 13.132774, 14.117094, 14.731571, 16.019188, 17.205922, 17.629362, 18.743694, 20.195973, 21.023351, 21.919786, 23.280855, 23.789647, 25.096079, 25.883265, 27.396421, 27.785529, 29.227015, 29.806559, 31.030930, 31.861647, 32.683568, 34.080692, 35.389881, 35.670564, 36.877967, 38.094249, 39.272174, 
0.172346, 0.740130, 1.866230, 2.804243, 3.878594, 4.719740, 6.102740, 7.376006, 7.723789, 8.752324, 10.201387, 11.285461, 12.260155, 13.240925, 13.954308, 15.048878, 15.625962, 17.347308, 17.692497, 19.084017, 19.825521, 20.801692, 22.269862, 22.833970, 23.969045, 25.080056, 26.248860, 26.674422, 27.944423, 28.822088, 29.789904, 31.229249, 31.682067, 33.118319, 33.606055, 35.397746, 36.069264, 37.256319, 37.922054, 39.152717, 
-0.341956, 1.299212, 2.196656, 2.686512, 4.016783, 5.159901, 5.798817, 7.273201, 7.757316, 8.988069, 9.934009, 10.738228, 12.095696, 13.394757, 13.843799, 15.189308, 15.742506, 17.216158, 18.317701, 18.680757, 19.766507, 20.779324, 22.269821, 22.830552, 23.975115, 25.060880, 26.206528, 26.609651, 28.212738, 28.691968, 29.862567, 31.203322, 31.816550, 32.785941, 34.059240, 34.725556, 36.067544, 37.039624, 37.762059, 39.331104, 
0.338709, 0.832048, 2.393529, 3.390058, 4.117080, 4.622479, 6.231109, 7.126806, 7.674408, 8.840611, 10.083522, 10.785477, 11.991719, 13.048687, 14.324952, 14.631691, 16.160120, 16.803162, 18.375720, 18.987864, 19.823577, 20.781436, 22.229536, 23.026608, 24.024059, 24.793085, 26.191878, 27.104905, 28.198145, 29.238608, 30.144181, 30.762716, 32.114725, 33.035261, 34.391452, 34.615674, 36.359784, 36.785071, 38.211899, 38.606698, 
0.218836, 1.292794, 2.016499, 3.006354, 3.697957, 5.265323, 6.343327, 7.205904, 7.879816, 9.383076, 9.683214, 11.134794, 11.798587, 12.695804, 13.847093, 15.128640, 15.963285, 16.802721, 18.128593, 18.925387, 20.002556, 20.668245, 22.381529, 23.097497, 24.083499, 24.616523, 26.063553, 27.309615, 28.377704, 29.243537, 29.765911, 31.355713, 32.055681, 32.902762, 34.047621, 34.656578, 35.976179, 37.369509, 37.753651, 38.932496, 
-0.249784, 0.973378, 2.126852, 3.387255, 4.360018, 4.979753, 5.770904, 6.918851, 7.674679, 8.781740, 10.310922, 10.976906, 11.628028, 12.756042, 13.810369, 14.940821, 15.963127, 16.870453, 17.705675, 19.206868, 19.674264, 21.381298, 21.706741, 23.351028, 23.751939, 25.108419, 25.702047, 27.379755, 27.947102, 29.136306, 29.643707, 30.929008, 31.606890, 32.903848, 33.762107, 34.783664, 35.642347, 37.240091, 38.044282, 39.315432, 
-0.172829, 1.352069, 2.137365, 3.261762, 3.629744, 5.332265, 5.699560, 7.355934, 8.001023, 8.838244, 10.366220, 11.047549, 11.912707, 13.150287, 13.710909, 15.243847, 16.384373, 16.884304, 18.374659, 18.777924, 19.906175, 20.994978, 22.350784, 22.809551, 23.679030, 25.234087, 26.144687, 27.004547, 28.106065, 29.032086, 29.648516, 31.160780, 32.397432, 33.295517, 34.064200, 35.282227, 35.737393, 36.772721, 37.941389, 38.964879, 
-0.158160, 0.648063, 1.704428, 3.188776, 3.904860, 4.651958, 6.125911, 6.965471, 8.323235, 8.805864, 10.303072, 11.287977, 12.242211, 13.289543, 13.898155, 15.042751, 15.737193, 16.656156, 17.905762, 19.025073, 19.828036, 20.604421, 22.017676, 22.766974, 23.857458, 24.740516, 25.841086, 26.863986, 27.697964, 29.232310, 30.307464, 31.040773, 32.192055, 32.644348, 34.027473, 35.181859, 35.877540, 36.808010, 37.891531, 38.945152, 
-0.238096, 1.372065, 2.315474, 2.755897, 3.886988, 5.154820, 5.941781, 7.158233, 7.788933, 9.101275, 10.040362, 11.071914, 11.987919, 12.940850, 14.106968, 15.338761, 16.018793, 16.893794, 18.096331, 19.245169, 19.982955, 21.316934, 21.812952, 22.607548, 23.989672, 24.859543, 26.129153, 27.204279, 27.663006, 28.899316, 30.173062, 31.363061, 32.071407, 32.884749, 33.870445, 35.287604, 35.964033, 37.302216, 37.953241, 39.049710, 
0.265700, 0.744649, 1.948485, 3.352261, 3.735298, 4.895862, 5.970240, 6.977309, 7.645589, 8.966815, 9.921485, 10.658892, 12.355215, 12.671714, 14.234673, 15.009889, 15.849078, 17.283092, 18.040739, 18.640399, 20.119503, 20.964929, 22.116139, 22.863568, 23.693098, 25.193868, 25.943118, 26.852762, 27.980657, 28.950530, 30.177469, 31.079975, 32.026897, 32.739009, 34.309907, 35.095919, 36.080704, 36.608185, 37.604928, 39.159873, 
0.077801, 0.760414, 1.835718, 3.045286, 3.912870, 4.979871, 5.642302, 7.298777, 7.653339, 8.790737, 9.925665, 10.789403, 12.205363, 12.845699, 14.283555, 15.136173, 15.886279, 17.081092, 18.230165, 19.106234, 19.660406, 20.648262, 22.252867, 22.830550, 23.919679, 24.940986, 25.822302, 26.776696, 28.180856, 28.941585, 29.895713, 30.853689, 31.772864, 32.752935, 34.092174, 35.088499, 36.106427, 36.765679, 37.699675, 39.305277, 
0.351895, 1.226212, 2.093171, 2.660928, 4.283997, 5.333769, 6.373965, 6.893463, 8.042529, 9.351363, 10.137535, 10.745071, 12.050525, 12.698981, 13.990476, 15.082393, 16.235234, 16.867432, 18.205876, 19.242816, 19.924357, 21.391109, 22.330923, 23.110354, 24.280491, 25.252701, 26.219175, 27.273522, 28.091896, 29.381292, 30.224941, 30.994167, 32.002720, 32.738318, 33.896061, 34.994519, 35.736043, 36.715484, 38.247727, 39.299118, 
-0.063203, 1.314852, 1.874775, 2.613396, 4.364205, 4.806725, 6.114274, 7.293028, 8.058732, 9.021583, 10.090752, 11.065344, 12.180500, 12.914923, 14.145472, 15.394483, 16.264357, 16.606401, 18.063877, 19.131130, 20.391173, 20.775533, 21.719803, 23.083120, 23.677771, 25.321084, 26.214104, 26.929019, 28.310220, 29.147023, 29.911227, 30.948644, 31.682317, 33.334052, 33.713778, 35.066280, 35.627075, 36.800570, 38.245706, 39.188355, 
0.393050, 0.834796, 1.955782, 3.072119, 3.776136, 5.136638, 5.610502, 7.395435, 7.657088, 9.030389, 10.065913, 10.746686, 11.775011, 12.737452, 13.810480, 14.699152, 16.391435, 16.615652, 17.717790, 19.263165, 20.273530, 21.217128, 22.244711, 23.117612, 24.239560, 24.899778, 25.629310, 26.739915, 27.836720, 28.747066, 30.103526, 31.377821, 32.193486, 32.694688, 33.780953, 35.262642, 36.371836, 36.713838, 38.313404, 39.373418, 
-0.157176, 1.285859, 2.247535, 2.777792, 3.689995, 4.783888, 6.007560, 6.754314, 8.334383, 8.641529, 9.863879, 10.926578, 12.066347, 12.758388, 13.924669, 15.116804, 15.873162, 17.041377, 17.767776, 18.678934, 19.939419, 20.967000, 21.831411, 23.278299, 24.044162, 25.028944, 26.271433, 26.969966, 28.066144, 28.712900, 29.676549, 31.083879, 32.379070, 33.225366, 33.886932, 35.252190, 35.854343, 36.927126, 38.013121, 38.907201, 
0.155855, 1.180430, 2.235441, 2.925728, 3.959652, 5.008693, 6.030359, 6.736947, 8.222070, 9.112605, 9.705117, 10.900115, 11.939601, 13.049796, 14.103995, 14.993047, 16.154807, 17.055823, 18.283308, 19.282289, 20.107445, 20.681056, 22.361903, 22.630028, 24.295961, 24.997121, 25.749302, 27.172096, 27.894057, 29.372070, 29.679107, 30.894290, 32.256611, 32.897578, 33.838748, 35.143393, 35.930613, 37.167457, 37.617600, 38.784066, 
-0.247848, 0.869455, 2.014009, 3.202313, 4.053356, 5.137224, 5.810066, 7.014504, 8.083095, 9.050331, 9.945941, 10.689576, 11.612340, 13.089574, 14.356378, 14.714556, 16.021969, 16.884728, 17.706308, 18.797759, 20.354459, 21.395957, 21.962707, 22.774282, 24.307525, 24.981556, 26.322467, 27.081482, 27.808571, 28.886718, 30.309169, 30.718554, 31.883524, 32.793999, 33.888745, 34.945538, 36.229921, 37.005655, 37.826533, 39.241066, 
0.304899, 1.084048, 2.049573, 3.126422, 3.657959, 4.778613, 5.740389, 7.296913, 8.020585, 9.363788, 10.021765, 10.665174, 12.108632, 13.055823, 13.923636, 14.766964, 15.731102, 16.773783, 18.156627, 18.830061, 19.905696, 20.855251, 22.039366, 22.819239, 23.943326, 25.089334, 26.324987, 26.826885, 28.395186, 29.109027, 29.761494, 31.194972, 32.217709, 33.239493, 34.308962, 34.944517, 36.328706, 37.086130, 37.724592, 39.221406, 
