-0.299725, 0.000000, 
0.727731, 0.000000, 
2.012952, 0.000000, 
2.803243, 0.000000, 
3.888459, 0.000000, 
4.847611, 0.000000, 
6.228637, 0.000000, 
6.782222, 0.000000, 
7.819680, 0.000000, 
9.223346, 0.000000, 
10.051923, 0.000000, 
11.115915, 0.000000, 
11.974096, 0.000000, 
13.061054, 0.000000, 
13.805163, 0.000000, 
15.146196, 0.000000, 
15.948633, 0.000000, 
16.828637, 0.000000, 
17.798716, 0.000000, 
19.099843, 0.000000, 
20.013532, 0.000000, 
20.931700, 0.000000, 
21.900759, 0.000000, 
23.032928, 0.000000, 
23.981132, 0.000000, 
25.245605, 0.000000, 
25.818801, 0.000000, 
27.124580, 0.000000, 
27.973242, 0.000000, 
28.945654, 0.000000, 
29.787145, 0.000000, 
31.220530, 0.000000, 
31.887086, 0.000000, 
33.015887, 0.000000, 
33.778866, 0.000000, 
34.814036, 0.000000, 
35.856505, 0.000000, 
37.289278, 0.000000, 
38.077537, 0.000000, 
38.900663, 0.000000, 
39.719402, 0.000000, 
40.949786, 0.000000, 
42.049671, 0.000000, 
43.262505, 0.000000, 
44.032785, 0.000000, 
45.018507, 0.000000, 
46.107144, 0.000000, 
46.876663, 0.000000, 
48.273596, 0.000000, 
48.935182, 0.000000, 
50.181343, 0.000000, 
50.737234, 0.000000, 
51.802665, 0.000000, 
52.823772, 0.000000, 
53.906368, 0.000000, 
55.046677, 0.000000, 
56.253756, 0.000000, 
57.216469, 0.000000, 
57.978050, 0.000000, 
59.166813, 0.000000, 
59.783860, 0.000000, 
60.944257, 0.000000, 
61.708241, 0.000000, 
63.279305, 0.000000, 
63.776072, 0.000000, 
64.978956, 0.000000, 
66.266484, 0.000000, 
67.150417, 0.000000, 
68.100501, 0.000000, 
68.867188, 0.000000, 
70.073462, 0.000000, 
71.193646, 0.000000, 
72.190835, 0.000000, 
72.765876, 0.000000, 
73.955995, 0.000000, 
75.137505, 0.000000, 
76.042010, 0.000000, 
76.934635, 0.000000, 
77.865305, 0.000000, 
79.153486, 0.000000, 
80.176894, 0.000000, 
81.148873, 0.000000, 
81.806889, 0.000000, 
83.107421, 0.000000, 
83.764066, 0.000000, 
84.994839, 0.000000, 
86.083400, 0.000000, 
87.000783, 0.000000, 
87.734828, 0.000000, 
89.204209, 0.000000, 
89.973150, 0.000000, 
90.746158, 0.000000, 
91.926335, 0.000000, 
93.094148, 0.000000, 
93.777935, 0.000000, 
95.090529, 0.000000, 
96.144413, 0.000000, 
97.019202, 0.000000, 
97.758305, 0.000000, 
98.918119, 0.000000, 
99.723657, 0.000000, 
100.728945, 0.000000, 
101.885899, 0.000000, 
103.204296, 0.000000, 
103.721601, 0.000000, 
104.913436, 0.000000, 
105.867200, 0.000000, 
107.074629, 0.000000, 
108.239923, 0.000000, 
109.146073, 0.000000, 
109.883811, 0.000000, 
110.851839, 0.000000, 
112.260084, 0.000000, 
113.004337, 0.000000, 
114.256613, 0.000000, 
114.780650, 0.000000, 
116.082074, 0.000000, 
117.138907, 0.000000, 
117.966033, 0.000000, 
118.737388, 0.000000, 
120.207454, 0.000000, 
121.148507, 0.000000, 
122.223165, 0.000000, 
123.047349, 0.000000, 
124.232052, 0.000000, 
124.919890, 0.000000, 
125.739743, 0.000000, 
127.210466, 0.000000, 
128.191039, 0.000000, 
128.926223, 0.000000, 
129.742505, 0.000000, 
131.116918, 0.000000, 
131.965706, 0.000000, 
133.275142, 0.000000, 
133.970185, 0.000000, 
135.178133, 0.000000, 
135.925711, 0.000000, 
136.886003, 0.000000, 
138.054152, 0.000000, 
138.894218, 0.000000, 
139.731242, 0.000000, 
141.112134, 0.000000, 
142.160602, 0.000000, 
143.175323, 0.000000, 
144.150624, 0.000000, 
144.946107, 0.000000, 
146.254038, 0.000000, 
146.829947, 0.000000, 
147.854265, 0.000000, 
149.114281, 0.000000, 
150.042675, 0.000000, 
151.070902, 0.000000, 
151.819448, 0.000000, 
153.236937, 0.000000, 
153.986082, 0.000000, 
154.955163, 0.000000, 
155.798923, 0.000000, 
156.931630, 0.000000, 
157.741508, 0.000000, 
158.881053, 0.000000, 
160.037705, 0.000000, 
160.770208, 0.000000, 
162.065088, 0.000000, 
162.999316, 0.000000, 
164.243021, 0.000000, 
165.000718, 0.000000, 
165.835607, 0.000000, 
167.254085, 0.000000, 
168.057281, 0.000000, 
168.980835, 0.000000, 
170.282039, 0.000000, 
170.814510, 0.000000, 
172.278577, 0.000000, 
172.927720, 0.000000, 
174.271532, 0.000000, 
174.946956, 0.000000, 
176.275568, 0.000000, 
177.245199, 0.000000, 
177.778993, 0.000000, 
178.837871, 0.000000, 
180.028372, 0.000000, 
181.032180, 0.000000, 
182.263056, 0.000000, 
182.818560, 0.000000, 
183.876414, 0.000000, 
184.779579, 0.000000, 
185.980738, 0.000000, 
186.784534, 0.000000, 
187.917069, 0.000000, 
189.103951, 0.000000, 
190.052998, 0.000000, 
190.887127, 0.000000, 
192.028259, 0.000000, 
193.059049, 0.000000, 
194.072756, 0.000000, 
194.920022, 0.000000, 
195.894249, 0.000000, 
196.807796, 0.000000, 
197.982473, 0.000000, 
198.717991, 0.000000, 
199.735553, 0.000000, 
200.771261, 0.000000, 
201.717370, 0.000000, 
202.744629, 0.000000, 
203.852329, 0.000000, 
204.968788, 0.000000, 
205.933525, 0.000000, 
206.833492, 0.000000, 
208.144392, 0.000000, 
209.294609, 0.000000, 
209.745014, 0.000000, 
211.150140, 0.000000, 
211.851990, 0.000000, 
212.865444, 0.000000, 
213.943930, 0.000000, 
214.818469, 0.000000, 
216.102518, 0.000000, 
216.834518, 0.000000, 
218.016094, 0.000000, 
219.192847, 0.000000, 
220.198602, 0.000000, 
221.283427, 0.000000, 
222.291440, 0.000000, 
223.278504, 0.000000, 
223.922628, 0.000000, 
225.093941, 0.000000, 
226.195328, 0.000000, 
227.104384, 0.000000, 
228.101603, 0.000000, 
229.088582, 0.000000, 
229.811862, 0.000000, 
230.897611, 0.000000, 
232.207163, 0.000000, 
232.870281, 0.000000, 
233.761411, 0.000000, 
235.156268, 0.000000, 
235.992587, 0.000000, 
237.272316, 0.000000, 
238.160981, 0.000000, 
238.816800, 0.000000, 
239.741648, 0.000000, 
240.931393, 0.000000, 
242.044034, 0.000000, 
243.254995, 0.000000, 
244.287569, 0.000000, 
245.078057, 0.000000, 
245.968249, 0.000000, 
246.733618, 0.000000, 
248.052145, 0.000000, 
248.982955, 0.000000, 
249.764591, 0.000000, 
251.278524, 0.000000, 
252.185084, 0.000000, 
252.896347, 0.000000, 
253.729065, 0.000000, 
255.188729, 0.000000, 
256.052008, 0.000000, 
256.946154, 0.000000, 
258.177239, 0.000000, 
258.990184, 0.000000, 
259.986561, 0.000000, 
260.919384, 0.000000, 
262.021041, 0.000000, 
262.864747, 0.000000, 
263.754840, 0.000000, 
264.769400, 0.000000, 
265.938491, 0.000000, 
267.170465, 0.000000, 
268.254961, 0.000000, 
268.835592, 0.000000, 
270.249252, 0.000000, 
271.137465, 0.000000, 
272.009907, 0.000000, 
273.287273, 0.000000, 
274.274712, 0.000000, 
275.207240, 0.000000, 
276.130211, 0.000000, 
276.796638, 0.000000, 
277.987780, 0.000000, 
279.252486, 0.000000, 
280.125777, 0.000000, 
280.798173, 0.000000, 
281.724197, 0.000000, 
282.851357, 0.000000, 
284.203211, 0.000000, 
284.962734, 0.000000, 
285.784575, 0.000000, 
286.851131, 0.000000, 
288.090014, 0.000000, 
288.724161, 0.000000, 
289.865246, 0.000000, 
290.930897, 0.000000, 
291.912351, 0.000000, 
293.150618, 0.000000, 
294.276177, 0.000000, 
295.259449, 0.000000, 
295.962349, 0.000000, 
296.974020, 0.000000, 
297.799171, 0.000000, 
298.898767, 0.000000, 
