0.093786, 0.000000, 
1.122299, 0.000000, 
2.120281, 0.000000, 
3.145129, 0.000000, 
4.182759, 0.000000, 
4.884967, 0.000000, 
5.871476, 0.000000, 
7.135478, 0.000000, 
8.018259, 0.000000, 
8.802811, 0.000000, 
9.858170, 0.000000, 
11.126672, 0.000000, 
12.085031, 0.000000, 
12.818917, 0.000000, 
14.197148, 0.000000, 
15.010533, 0.000000, 
16.013953, 0.000000, 
16.953875, 0.000000, 
17.855133, 0.000000, 
18.969043, 0.000000, 
20.022395, 0.000000, 
21.181102, 0.000000, 
22.159952, 0.000000, 
23.067694, 0.000000, 
24.079091, 0.000000, 
24.804795, 0.000000, 
25.984645, 0.000000, 
26.991183, 0.000000, 
28.098718, 0.000000, 
29.032088, 0.000000, 
30.036838, 0.000000, 
30.918937, 0.000000, 
31.936744, 0.000000, 
33.056730, 0.000000, 
33.876976, 0.000000, 
35.142177, 0.000000, 
36.143303, 0.000000, 
36.861172, 0.000000, 
38.185655, 0.000000, 
38.925290, 0.000000, 
39.940810, 0.000000, 
40.832387, 0.000000, 
42.040559, 0.000000, 
43.171672, 0.000000, 
44.095588, 0.000000, 
44.940025, 0.000000, 
45.963498, 0.000000, 
46.980224, 0.000000, 
47.873320, 0.000000, 
48.878848, 0.000000, 
49.965542, 0.000000, 
50.906137, 0.000000, 
52.176885, 0.000000, 
52.882726, 0.000000, 
53.847022, 0.000000, 
55.107524, 0.000000, 
55.877221, 0.000000, 
56.886572, 0.000000, 
57.938659, 0.000000, 
59.116423, 0.000000, 
60.037801, 0.000000, 
61.016854, 0.000000, 
61.820543, 0.000000, 
62.863169, 0.000000, 
64.058089, 0.000000, 
65.033146, 0.000000, 
66.092153, 0.000000, 
67.078999, 0.000000, 
68.111689, 0.000000, 
69.059997, 0.000000, 
70.033004, 0.000000, 
70.960292, 0.000000, 
71.953002, 0.000000, 
72.819679, 0.000000, 
73.924793, 0.000000, 
74.853517, 0.000000, 
76.078919, 0.000000, 
76.865496, 0.000000, 
78.141446, 0.000000, 
78.830775, 0.000000, 
79.954931, 0.000000, 
80.842098, 0.000000, 
81.885822, 0.000000, 
83.117555, 0.000000, 
84.142161, 0.000000, 
84.941622, 0.000000, 
85.897538, 0.000000, 
86.972613, 0.000000, 
88.174587, 0.000000, 
89.145708, 0.000000, 
89.942260, 0.000000, 
91.149628, 0.000000, 
91.917607, 0.000000, 
93.103467, 0.000000, 
94.024602, 0.000000, 
95.060509, 0.000000, 
96.074087, 0.000000, 
96.925976, 0.000000, 
98.050739, 0.000000, 
99.163419, 0.000000, 
100.155449, 0.000000, 
101.076918, 0.000000, 
101.896173, 0.000000, 
102.925708, 0.000000, 
103.879761, 0.000000, 
104.994105, 0.000000, 
106.049153, 0.000000, 
106.961014, 0.000000, 
108.179306, 0.000000, 
108.934799, 0.000000, 
110.180663, 0.000000, 
111.010962, 0.000000, 
111.932414, 0.000000, 
112.984991, 0.000000, 
114.140387, 0.000000, 
114.998228, 0.000000, 
116.165431, 0.000000, 
116.970614, 0.000000, 
117.890238, 0.000000, 
118.929914, 0.000000, 
119.877157, 0.000000, 
121.041418, 0.000000, 
122.175819, 0.000000, 
123.190755, 0.000000, 
124.067162, 0.000000, 
125.199252, 0.000000, 
126.190151, 0.000000, 
126.827488, 0.000000, 
127.908243, 0.000000, 
129.077604, 0.000000, 
129.889015, 0.000000, 
130.995919, 0.000000, 
132.174704, 0.000000, 
133.088799, 0.000000, 
133.856148, 0.000000, 
135.049629, 0.000000, 
136.016526, 0.000000, 
136.851501, 0.000000, 
137.961977, 0.000000, 
138.898841, 0.000000, 
140.024378, 0.000000, 
141.176755, 0.000000, 
141.835600, 0.000000, 
142.838104, 0.000000, 
144.116928, 0.000000, 
144.976903, 0.000000, 
145.985072, 0.000000, 
147.184378, 0.000000, 
148.041747, 0.000000, 
148.953485, 0.000000, 
150.018072, 0.000000, 
150.879917, 0.000000, 
151.820575, 0.000000, 
152.823599, 0.000000, 
153.872458, 0.000000, 
154.943941, 0.000000, 
155.939512, 0.000000, 
156.803454, 0.000000, 
157.838817, 0.000000, 
159.127498, 0.000000, 
159.975283, 0.000000, 
160.842222, 0.000000, 
162.139475, 0.000000, 
162.809369, 0.000000, 
163.997433, 0.000000, 
165.046516, 0.000000, 
166.119100, 0.000000, 
166.966975, 0.000000, 
168.170613, 0.000000, 
168.811601, 0.000000, 
170.064299, 0.000000, 
170.909515, 0.000000, 
172.037146, 0.000000, 
173.119900, 0.000000, 
173.809221, 0.000000, 
175.123244, 0.000000, 
176.140113, 0.000000, 
176.896676, 0.000000, 
177.825185, 0.000000, 
179.029228, 0.000000, 
180.138496, 0.000000, 
180.924005, 0.000000, 
182.085768, 0.000000, 
182.941266, 0.000000, 
184.125893, 0.000000, 
185.090807, 0.000000, 
186.049294, 0.000000, 
186.918043, 0.000000, 
188.045893, 0.000000, 
188.908591, 0.000000, 
190.069697, 0.000000, 
190.941690, 0.000000, 
192.149676, 0.000000, 
192.838204, 0.000000, 
194.035480, 0.000000, 
195.065265, 0.000000, 
196.104293, 0.000000, 
197.181428, 0.000000, 
198.066727, 0.000000, 
199.081503, 0.000000, 
