0.001078, 0.000000, 
1.144686, 0.000000, 
1.916029, 0.000000, 
2.945878, 0.000000, 
3.997259, 0.000000, 
5.022770, 0.000000, 
6.131082, 0.000000, 
6.870839, 0.000000, 
8.171082, 0.000000, 
8.854232, 0.000000, 
9.837773, 0.000000, 
10.912319, 0.000000, 
12.148627, 0.000000, 
13.075837, 0.000000, 
13.830364, 0.000000, 
15.144092, 0.000000, 
15.823285, 0.000000, 
17.066266, 0.000000, 
18.144885, 0.000000, 
19.042351, 0.000000, 
20.174146, 0.000000, 
20.931525, 0.000000, 
21.894445, 0.000000, 
23.076842, 0.000000, 
24.192227, 0.000000, 
24.845365, 0.000000, 
25.830096, 0.000000, 
26.926196, 0.000000, 
27.856537, 0.000000, 
28.929382, 0.000000, 
29.963821, 0.000000, 
30.909588, 0.000000, 
31.860961, 0.000000, 
33.100086, 0.000000, 
34.024494, 0.000000, 
35.155153, 0.000000, 
36.137646, 0.000000, 
37.118951, 0.000000, 
38.052413, 0.000000, 
38.833869, 0.000000, 
40.133383, 0.000000, 
41.058041, 0.000000, 
41.993624, 0.000000, 
43.180949, 0.000000, 
43.935962, 0.000000, 
45.005473, 0.000000, 
46.123818, 0.000000, 
46.855441, 0.000000, 
47.806393, 0.000000, 
48.840678, 0.000000, 
50.188112, 0.000000, 
50.876445, 0.000000, 
51.846553, 0.000000, 
53.074916, 0.000000, 
53.998517, 0.000000, 
55.196533, 0.000000, 
56.190806, 0.000000, 
57.100156, 0.000000, 
57.841629, 0.000000, 
58.931249, 0.000000, 
59.881710, 0.000000, 
60.834946, 0.000000, 
61.869208, 0.000000, 
62.967781, 0.000000, 
64.170187, 0.000000, 
64.990260, 0.000000, 
66.046662, 0.000000, 
67.196526, 0.000000, 
67.960393, 0.000000, 
69.134722, 0.000000, 
70.156343, 0.000000, 
70.862552, 0.000000, 
72.145764, 0.000000, 
72.994661, 0.000000, 
73.959552, 0.000000, 
75.085018, 0.000000, 
75.816380, 0.000000, 
77.018261, 0.000000, 
78.061271, 0.000000, 
79.057748, 0.000000, 
80.052845, 0.000000, 
81.031417, 0.000000, 
82.103539, 0.000000, 
83.163748, 0.000000, 
83.939411, 0.000000, 
84.867466, 0.000000, 
86.138273, 0.000000, 
87.160808, 0.000000, 
87.886644, 0.000000, 
88.924884, 0.000000, 
89.891222, 0.000000, 
91.080205, 0.000000, 
92.185160, 0.000000, 
92.944311, 0.000000, 
93.941805, 0.000000, 
94.928154, 0.000000, 
95.896516, 0.000000, 
96.956914, 0.000000, 
97.822466, 0.000000, 
98.915453, 0.000000, 
100.073367, 0.000000, 
100.847643, 0.000000, 
102.136269, 0.000000, 
102.907136, 0.000000, 
103.980618, 0.000000, 
104.851585, 0.000000, 
106.045066, 0.000000, 
106.905988, 0.000000, 
108.081693, 0.000000, 
109.131066, 0.000000, 
110.112144, 0.000000, 
111.015146, 0.000000, 
111.875045, 0.000000, 
113.187206, 0.000000, 
113.878706, 0.000000, 
114.971298, 0.000000, 
115.939959, 0.000000, 
117.048398, 0.000000, 
118.110460, 0.000000, 
118.844462, 0.000000, 
120.126685, 0.000000, 
120.890332, 0.000000, 
121.924493, 0.000000, 
123.056479, 0.000000, 
123.818908, 0.000000, 
124.983812, 0.000000, 
126.063821, 0.000000, 
127.193555, 0.000000, 
127.897673, 0.000000, 
128.952113, 0.000000, 
129.876275, 0.000000, 
130.908111, 0.000000, 
131.832903, 0.000000, 
133.111591, 0.000000, 
134.105666, 0.000000, 
135.196159, 0.000000, 
136.028609, 0.000000, 
137.168602, 0.000000, 
138.097728, 0.000000, 
139.108925, 0.000000, 
140.103794, 0.000000, 
141.115717, 0.000000, 
141.922507, 0.000000, 
143.150382, 0.000000, 
144.104065, 0.000000, 
144.981692, 0.000000, 
145.986535, 0.000000, 
147.055355, 0.000000, 
148.036213, 0.000000, 
149.089388, 0.000000, 
149.814511, 0.000000, 
151.070504, 0.000000, 
152.109801, 0.000000, 
152.824516, 0.000000, 
154.109440, 0.000000, 
154.954885, 0.000000, 
155.863837, 0.000000, 
156.897417, 0.000000, 
158.156471, 0.000000, 
159.131893, 0.000000, 
160.022720, 0.000000, 
160.879252, 0.000000, 
161.847636, 0.000000, 
162.923255, 0.000000, 
164.157351, 0.000000, 
165.197091, 0.000000, 
165.977082, 0.000000, 
167.137653, 0.000000, 
167.879490, 0.000000, 
168.903988, 0.000000, 
170.107386, 0.000000, 
170.815342, 0.000000, 
172.064030, 0.000000, 
173.095551, 0.000000, 
174.060134, 0.000000, 
175.179749, 0.000000, 
175.993181, 0.000000, 
176.844889, 0.000000, 
178.036405, 0.000000, 
179.042525, 0.000000, 
180.169942, 0.000000, 
180.953999, 0.000000, 
181.825873, 0.000000, 
182.921678, 0.000000, 
184.097613, 0.000000, 
185.096549, 0.000000, 
185.975103, 0.000000, 
186.959124, 0.000000, 
188.154161, 0.000000, 
188.967867, 0.000000, 
190.101203, 0.000000, 
190.945357, 0.000000, 
191.940058, 0.000000, 
192.885419, 0.000000, 
194.130021, 0.000000, 
194.870031, 0.000000, 
196.136664, 0.000000, 
196.898609, 0.000000, 
197.819753, 0.000000, 
198.865178, 0.000000, 
