-0.045994, 0.000000, 
0.887467, 0.000000, 
2.170786, 0.000000, 
2.743103, 0.000000, 
3.740841, 0.000000, 
5.227640, 0.000000, 
5.953376, 0.000000, 
7.005031, 0.000000, 
8.262085, 0.000000, 
8.745719, 0.000000, 
10.055941, 0.000000, 
11.253384, 0.000000, 
11.962553, 0.000000, 
12.795826, 0.000000, 
14.192110, 0.000000, 
14.830231, 0.000000, 
15.943601, 0.000000, 
17.005723, 0.000000, 
18.218074, 0.000000, 
19.070298, 0.000000, 
20.059248, 0.000000, 
21.128530, 0.000000, 
22.004542, 0.000000, 
23.277769, 0.000000, 
23.816533, 0.000000, 
24.990629, 0.000000, 
26.046219, 0.000000, 
27.036254, 0.000000, 
27.770281, 0.000000, 
28.779892, 0.000000, 
30.116849, 0.000000, 
31.025603, 0.000000, 
31.951888, 0.000000, 
33.283930, 0.000000, 
34.052747, 0.000000, 
34.765628, 0.000000, 
36.094031, 0.000000, 
37.185937, 0.000000, 
37.711506, 0.000000, 
39.199387, 0.000000, 
39.786741, 0.000000, 
41.277280, 0.000000, 
41.762200, 0.000000, 
43.147387, 0.000000, 
43.723558, 0.000000, 
44.900199, 0.000000, 
45.748136, 0.000000, 
47.136078, 0.000000, 
47.919434, 0.000000, 
49.279734, 0.000000, 
50.277405, 0.000000, 
51.071118, 0.000000, 
52.111498, 0.000000, 
53.258192, 0.000000, 
53.872850, 0.000000, 
55.287819, 0.000000, 
56.171076, 0.000000, 
56.707243, 0.000000, 
58.148626, 0.000000, 
58.724653, 0.000000, 
60.009850, 0.000000, 
60.721864, 0.000000, 
61.968467, 0.000000, 
62.805410, 0.000000, 
63.851097, 0.000000, 
64.987667, 0.000000, 
66.217645, 0.000000, 
66.725185, 0.000000, 
67.802134, 0.000000, 
68.781172, 0.000000, 
69.864148, 0.000000, 
70.760285, 0.000000, 
71.739919, 0.000000, 
73.057079, 0.000000, 
73.790083, 0.000000, 
75.276525, 0.000000, 
75.967550, 0.000000, 
76.918196, 0.000000, 
78.188073, 0.000000, 
79.056432, 0.000000, 
79.723610, 0.000000, 
81.249135, 0.000000, 
82.261118, 0.000000, 
82.926528, 0.000000, 
84.157224, 0.000000, 
84.804338, 0.000000, 
85.834358, 0.000000, 
87.141513, 0.000000, 
87.899154, 0.000000, 
88.916574, 0.000000, 
90.007490, 0.000000, 
91.205946, 0.000000, 
92.072781, 0.000000, 
93.087326, 0.000000, 
94.049908, 0.000000, 
94.942160, 0.000000, 
95.791735, 0.000000, 
96.816570, 0.000000, 
97.852987, 0.000000, 
98.963254, 0.000000, 
99.762386, 0.000000, 
101.136712, 0.000000, 
101.743867, 0.000000, 
103.222780, 0.000000, 
104.281903, 0.000000, 
104.706555, 0.000000, 
105.936088, 0.000000, 
107.097864, 0.000000, 
107.791482, 0.000000, 
108.994415, 0.000000, 
110.294171, 0.000000, 
111.055388, 0.000000, 
112.149923, 0.000000, 
112.795636, 0.000000, 
114.061840, 0.000000, 
115.285825, 0.000000, 
116.114272, 0.000000, 
117.115164, 0.000000, 
117.964822, 0.000000, 
118.877967, 0.000000, 
119.701679, 0.000000, 
121.082170, 0.000000, 
121.769774, 0.000000, 
123.036629, 0.000000, 
123.841932, 0.000000, 
125.098391, 0.000000, 
126.059824, 0.000000, 
127.166649, 0.000000, 
127.850619, 0.000000, 
128.781424, 0.000000, 
129.792680, 0.000000, 
130.731564, 0.000000, 
131.986347, 0.000000, 
132.828744, 0.000000, 
134.103496, 0.000000, 
134.860928, 0.000000, 
135.895022, 0.000000, 
137.024238, 0.000000, 
137.808769, 0.000000, 
139.297043, 0.000000, 
140.177715, 0.000000, 
140.881926, 0.000000, 
142.280663, 0.000000, 
142.811836, 0.000000, 
144.238899, 0.000000, 
144.862698, 0.000000, 
146.118295, 0.000000, 
147.080776, 0.000000, 
148.025184, 0.000000, 
148.735642, 0.000000, 
149.941808, 0.000000, 
151.211253, 0.000000, 
152.187241, 0.000000, 
153.011711, 0.000000, 
154.080930, 0.000000, 
155.033255, 0.000000, 
155.893057, 0.000000, 
157.032430, 0.000000, 
157.986619, 0.000000, 
158.802188, 0.000000, 
160.061335, 0.000000, 
161.093754, 0.000000, 
162.214684, 0.000000, 
163.093633, 0.000000, 
164.157046, 0.000000, 
165.103216, 0.000000, 
166.123738, 0.000000, 
167.034627, 0.000000, 
167.841444, 0.000000, 
168.716995, 0.000000, 
170.181223, 0.000000, 
171.086628, 0.000000, 
171.849300, 0.000000, 
173.163779, 0.000000, 
173.848194, 0.000000, 
174.757162, 0.000000, 
176.013020, 0.000000, 
176.753205, 0.000000, 
178.233452, 0.000000, 
178.884981, 0.000000, 
180.089626, 0.000000, 
180.926194, 0.000000, 
182.165181, 0.000000, 
183.255124, 0.000000, 
183.724528, 0.000000, 
184.992009, 0.000000, 
186.200499, 0.000000, 
186.928155, 0.000000, 
188.048083, 0.000000, 
189.032355, 0.000000, 
189.749297, 0.000000, 
190.824991, 0.000000, 
192.252111, 0.000000, 
193.198106, 0.000000, 
194.021221, 0.000000, 
194.922295, 0.000000, 
196.144638, 0.000000, 
197.224516, 0.000000, 
197.826173, 0.000000, 
198.802495, 0.000000, 
