-0.089106, 0.000000, 
0.944743, 0.000000, 
2.094530, 0.000000, 
2.972243, 0.000000, 
3.885939, 0.000000, 
4.950685, 0.000000, 
5.912246, 0.000000, 
6.865220, 0.000000, 
8.029558, 0.000000, 
9.147965, 0.000000, 
9.950335, 0.000000, 
10.819377, 0.000000, 
11.860592, 0.000000, 
13.111537, 0.000000, 
14.176969, 0.000000, 
15.007213, 0.000000, 
16.147360, 0.000000, 
16.861717, 0.000000, 
18.066702, 0.000000, 
18.957310, 0.000000, 
19.942129, 0.000000, 
20.867828, 0.000000, 
22.179321, 0.000000, 
23.182078, 0.000000, 
24.129352, 0.000000, 
25.035921, 0.000000, 
26.018920, 0.000000, 
26.928563, 0.000000, 
28.073019, 0.000000, 
29.155622, 0.000000, 
30.183693, 0.000000, 
30.976169, 0.000000, 
32.188195, 0.000000, 
33.187849, 0.000000, 
33.975905, 0.000000, 
35.028687, 0.000000, 
35.813546, 0.000000, 
37.011034, 0.000000, 
37.846641, 0.000000, 
38.927167, 0.000000, 
39.997433, 0.000000, 
41.043609, 0.000000, 
41.992214, 0.000000, 
43.011325, 0.000000, 
44.176290, 0.000000, 
44.976881, 0.000000, 
45.898158, 0.000000, 
46.881872, 0.000000, 
48.173653, 0.000000, 
48.841486, 0.000000, 
49.898487, 0.000000, 
50.901828, 0.000000, 
51.905947, 0.000000, 
52.833050, 0.000000, 
53.857875, 0.000000, 
54.899225, 0.000000, 
56.017382, 0.000000, 
56.863736, 0.000000, 
57.993080, 0.000000, 
59.105610, 0.000000, 
60.154049, 0.000000, 
60.815582, 0.000000, 
61.832262, 0.000000, 
63.084053, 0.000000, 
64.154805, 0.000000, 
64.934602, 0.000000, 
65.963188, 0.000000, 
66.958249, 0.000000, 
67.806453, 0.000000, 
69.013450, 0.000000, 
69.877469, 0.000000, 
70.974890, 0.000000, 
71.992130, 0.000000, 
73.188229, 0.000000, 
74.188430, 0.000000, 
74.864150, 0.000000, 
76.109110, 0.000000, 
76.961504, 0.000000, 
78.189910, 0.000000, 
79.133322, 0.000000, 
80.176332, 0.000000, 
81.023313, 0.000000, 
81.947185, 0.000000, 
83.194187, 0.000000, 
83.939166, 0.000000, 
84.815616, 0.000000, 
85.972805, 0.000000, 
86.807346, 0.000000, 
88.058506, 0.000000, 
89.145556, 0.000000, 
89.806106, 0.000000, 
91.068571, 0.000000, 
91.971756, 0.000000, 
92.829310, 0.000000, 
94.152445, 0.000000, 
95.105182, 0.000000, 
96.138023, 0.000000, 
96.858060, 0.000000, 
98.002409, 0.000000, 
99.174699, 0.000000, 
100.013742, 0.000000, 
100.961376, 0.000000, 
101.839351, 0.000000, 
103.035359, 0.000000, 
103.948535, 0.000000, 
105.055508, 0.000000, 
106.171895, 0.000000, 
107.010118, 0.000000, 
107.928744, 0.000000, 
108.993878, 0.000000, 
109.993919, 0.000000, 
110.902929, 0.000000, 
111.901201, 0.000000, 
113.076878, 0.000000, 
113.820277, 0.000000, 
114.989695, 0.000000, 
115.957182, 0.000000, 
117.003717, 0.000000, 
118.183399, 0.000000, 
118.837878, 0.000000, 
119.914089, 0.000000, 
121.060761, 0.000000, 
121.976390, 0.000000, 
122.897284, 0.000000, 
124.028590, 0.000000, 
125.113161, 0.000000, 
126.034107, 0.000000, 
126.975648, 0.000000, 
128.081167, 0.000000, 
129.126178, 0.000000, 
129.988606, 0.000000, 
130.968397, 0.000000, 
131.928513, 0.000000, 
132.966993, 0.000000, 
134.068638, 0.000000, 
135.129726, 0.000000, 
135.953973, 0.000000, 
137.028862, 0.000000, 
137.838372, 0.000000, 
138.956701, 0.000000, 
139.902427, 0.000000, 
140.943488, 0.000000, 
141.870229, 0.000000, 
142.973143, 0.000000, 
143.979744, 0.000000, 
145.157306, 0.000000, 
146.044576, 0.000000, 
147.079189, 0.000000, 
147.927101, 0.000000, 
149.066013, 0.000000, 
149.915845, 0.000000, 
151.021246, 0.000000, 
152.081758, 0.000000, 
153.187974, 0.000000, 
153.884458, 0.000000, 
155.036137, 0.000000, 
155.816432, 0.000000, 
157.077662, 0.000000, 
157.900349, 0.000000, 
159.058714, 0.000000, 
160.168536, 0.000000, 
161.022591, 0.000000, 
161.967175, 0.000000, 
162.966845, 0.000000, 
163.950259, 0.000000, 
165.156045, 0.000000, 
166.065319, 0.000000, 
167.176689, 0.000000, 
168.086094, 0.000000, 
168.941102, 0.000000, 
170.075582, 0.000000, 
170.965419, 0.000000, 
171.886641, 0.000000, 
172.908447, 0.000000, 
173.894492, 0.000000, 
175.014535, 0.000000, 
176.041228, 0.000000, 
176.923771, 0.000000, 
178.035071, 0.000000, 
179.098376, 0.000000, 
179.898028, 0.000000, 
181.169081, 0.000000, 
182.091874, 0.000000, 
183.040588, 0.000000, 
183.986413, 0.000000, 
185.140604, 0.000000, 
185.905996, 0.000000, 
187.007862, 0.000000, 
188.151936, 0.000000, 
188.918884, 0.000000, 
190.135176, 0.000000, 
190.921640, 0.000000, 
191.901294, 0.000000, 
193.158168, 0.000000, 
193.877450, 0.000000, 
194.984819, 0.000000, 
196.051842, 0.000000, 
196.887667, 0.000000, 
198.018902, 0.000000, 
198.886598, 0.000000, 
