0.253778, 0.000000, 
0.603792, 0.000000, 
2.295599, 0.000000, 
2.727186, 0.000000, 
4.005037, 0.000000, 
4.850611, 0.000000, 
6.153688, 0.000000, 
7.042852, 0.000000, 
7.632309, 0.000000, 
9.118634, 0.000000, 
9.725758, 0.000000, 
11.275415, 0.000000, 
12.234959, 0.000000, 
13.362831, 0.000000, 
13.938547, 0.000000, 
14.900199, 0.000000, 
16.036139, 0.000000, 
17.384590, 0.000000, 
17.693481, 0.000000, 
19.027833, 0.000000, 
19.773563, 0.000000, 
20.683951, 0.000000, 
22.182525, 0.000000, 
23.168218, 0.000000, 
23.726231, 0.000000, 
25.049493, 0.000000, 
25.892884, 0.000000, 
26.709801, 0.000000, 
27.640065, 0.000000, 
29.083020, 0.000000, 
29.944575, 0.000000, 
30.994628, 0.000000, 
32.216766, 0.000000, 
33.115595, 0.000000, 
34.209580, 0.000000, 
35.014836, 0.000000, 
35.875325, 0.000000, 
36.959476, 0.000000, 
37.996228, 0.000000, 
38.705557, 0.000000, 
40.167255, 0.000000, 
40.995085, 0.000000, 
42.150637, 0.000000, 
42.847049, 0.000000, 
44.056568, 0.000000, 
45.227411, 0.000000, 
45.839743, 0.000000, 
47.011050, 0.000000, 
47.722562, 0.000000, 
48.969555, 0.000000, 
50.098933, 0.000000, 
51.109707, 0.000000, 
52.027329, 0.000000, 
52.927327, 0.000000, 
53.942548, 0.000000, 
55.157350, 0.000000, 
56.195347, 0.000000, 
56.738678, 0.000000, 
57.925453, 0.000000, 
58.660847, 0.000000, 
60.096869, 0.000000, 
60.826186, 0.000000, 
62.088678, 0.000000, 
63.053076, 0.000000, 
63.654221, 0.000000, 
64.664319, 0.000000, 
66.351423, 0.000000, 
67.242288, 0.000000, 
67.737206, 0.000000, 
68.992483, 0.000000, 
69.858398, 0.000000, 
71.040994, 0.000000, 
71.626918, 0.000000, 
72.930035, 0.000000, 
73.905913, 0.000000, 
74.683406, 0.000000, 
75.873564, 0.000000, 
76.967187, 0.000000, 
77.905915, 0.000000, 
78.756750, 0.000000, 
79.765966, 0.000000, 
81.030500, 0.000000, 
82.181240, 0.000000, 
82.669031, 0.000000, 
83.913498, 0.000000, 
84.900735, 0.000000, 
85.873376, 0.000000, 
87.032396, 0.000000, 
88.058648, 0.000000, 
89.112774, 0.000000, 
90.240492, 0.000000, 
90.916779, 0.000000, 
91.652442, 0.000000, 
92.855491, 0.000000, 
93.866119, 0.000000, 
95.265319, 0.000000, 
96.231901, 0.000000, 
96.863592, 0.000000, 
98.301898, 0.000000, 
98.897249, 0.000000, 
100.387801, 0.000000, 
100.667606, 0.000000, 
102.059539, 0.000000, 
103.191245, 0.000000, 
104.283567, 0.000000, 
104.727847, 0.000000, 
105.667478, 0.000000, 
107.016962, 0.000000, 
108.318519, 0.000000, 
108.704164, 0.000000, 
110.132907, 0.000000, 
111.263731, 0.000000, 
112.374863, 0.000000, 
113.073943, 0.000000, 
114.330469, 0.000000, 
114.955616, 0.000000, 
115.940777, 0.000000, 
116.989672, 0.000000, 
118.171235, 0.000000, 
119.387662, 0.000000, 
119.963240, 0.000000, 
121.037025, 0.000000, 
122.005182, 0.000000, 
123.100970, 0.000000, 
124.244215, 0.000000, 
124.637757, 0.000000, 
125.650904, 0.000000, 
127.118702, 0.000000, 
127.750088, 0.000000, 
128.975660, 0.000000, 
130.376725, 0.000000, 
131.269846, 0.000000, 
131.814488, 0.000000, 
133.236568, 0.000000, 
133.887797, 0.000000, 
134.900546, 0.000000, 
136.100986, 0.000000, 
137.030611, 0.000000, 
137.955374, 0.000000, 
138.649348, 0.000000, 
140.337050, 0.000000, 
141.367730, 0.000000, 
142.274957, 0.000000, 
142.682467, 0.000000, 
143.857881, 0.000000, 
144.784570, 0.000000, 
145.734486, 0.000000, 
146.761871, 0.000000, 
148.136311, 0.000000, 
148.890136, 0.000000, 
149.853781, 0.000000, 
151.170269, 0.000000, 
152.116945, 0.000000, 
153.047465, 0.000000, 
154.221681, 0.000000, 
154.770603, 0.000000, 
156.168706, 0.000000, 
157.164703, 0.000000, 
158.271362, 0.000000, 
158.875412, 0.000000, 
159.807713, 0.000000, 
160.663210, 0.000000, 
161.978051, 0.000000, 
162.934505, 0.000000, 
164.008238, 0.000000, 
164.986313, 0.000000, 
165.854358, 0.000000, 
166.798939, 0.000000, 
167.843610, 0.000000, 
168.963890, 0.000000, 
170.139988, 0.000000, 
171.193407, 0.000000, 
172.041815, 0.000000, 
173.244244, 0.000000, 
174.126466, 0.000000, 
175.297978, 0.000000, 
175.911611, 0.000000, 
176.637064, 0.000000, 
177.729539, 0.000000, 
178.603259, 0.000000, 
179.702222, 0.000000, 
181.186530, 0.000000, 
182.320064, 0.000000, 
182.667424, 0.000000, 
183.875503, 0.000000, 
185.155514, 0.000000, 
186.059364, 0.000000, 
187.033271, 0.000000, 
187.972074, 0.000000, 
188.941883, 0.000000, 
190.324463, 0.000000, 
190.621382, 0.000000, 
192.311125, 0.000000, 
192.785081, 0.000000, 
194.122024, 0.000000, 
195.220830, 0.000000, 
196.250816, 0.000000, 
197.298891, 0.000000, 
197.783543, 0.000000, 
198.642704, 0.000000, 
