0.091479, 0.000000, 
0.907226, 0.000000, 
1.902529, 0.000000, 
2.957029, 0.000000, 
3.904172, 0.000000, 
5.004612, 0.000000, 
5.918690, 0.000000, 
6.857157, 0.000000, 
7.933049, 0.000000, 
8.958546, 0.000000, 
9.848865, 0.000000, 
11.116121, 0.000000, 
12.147640, 0.000000, 
13.177031, 0.000000, 
13.968321, 0.000000, 
15.118573, 0.000000, 
15.929116, 0.000000, 
17.185014, 0.000000, 
17.957334, 0.000000, 
19.106910, 0.000000, 
19.951528, 0.000000, 
20.862638, 0.000000, 
22.051737, 0.000000, 
23.111101, 0.000000, 
24.043889, 0.000000, 
25.013539, 0.000000, 
26.168746, 0.000000, 
26.944368, 0.000000, 
27.817047, 0.000000, 
29.101706, 0.000000, 
29.858809, 0.000000, 
30.872296, 0.000000, 
31.912163, 0.000000, 
33.082221, 0.000000, 
34.020776, 0.000000, 
35.086295, 0.000000, 
36.015797, 0.000000, 
37.057692, 0.000000, 
37.976730, 0.000000, 
39.144346, 0.000000, 
39.832170, 0.000000, 
40.894166, 0.000000, 
41.911872, 0.000000, 
43.013885, 0.000000, 
43.802727, 0.000000, 
44.948826, 0.000000, 
46.072154, 0.000000, 
47.099855, 0.000000, 
47.819638, 0.000000, 
48.937980, 0.000000, 
50.117982, 0.000000, 
51.093012, 0.000000, 
51.884876, 0.000000, 
52.921561, 0.000000, 
53.969692, 0.000000, 
54.875879, 0.000000, 
55.903403, 0.000000, 
57.073451, 0.000000, 
57.965567, 0.000000, 
58.971247, 0.000000, 
60.113680, 0.000000, 
60.820711, 0.000000, 
61.849020, 0.000000, 
63.156129, 0.000000, 
63.955132, 0.000000, 
64.947659, 0.000000, 
65.909495, 0.000000, 
67.135651, 0.000000, 
68.023232, 0.000000, 
69.068003, 0.000000, 
70.115308, 0.000000, 
71.156563, 0.000000, 
72.050701, 0.000000, 
72.892214, 0.000000, 
74.155825, 0.000000, 
75.011113, 0.000000, 
75.953317, 0.000000, 
76.923597, 0.000000, 
78.148719, 0.000000, 
78.913713, 0.000000, 
79.879247, 0.000000, 
81.168619, 0.000000, 
82.191348, 0.000000, 
83.091057, 0.000000, 
83.827856, 0.000000, 
85.071839, 0.000000, 
86.191871, 0.000000, 
87.154911, 0.000000, 
87.921897, 0.000000, 
89.084826, 0.000000, 
90.085548, 0.000000, 
90.822198, 0.000000, 
92.136048, 0.000000, 
92.872924, 0.000000, 
93.851987, 0.000000, 
95.196052, 0.000000, 
96.133848, 0.000000, 
97.127720, 0.000000, 
97.985790, 0.000000, 
98.842840, 0.000000, 
99.977476, 0.000000, 
100.838267, 0.000000, 
102.057776, 0.000000, 
102.966213, 0.000000, 
104.062222, 0.000000, 
104.800903, 0.000000, 
105.956376, 0.000000, 
107.192665, 0.000000, 
108.046527, 0.000000, 
108.964925, 0.000000, 
110.066289, 0.000000, 
111.080484, 0.000000, 
112.053528, 0.000000, 
112.801097, 0.000000, 
114.013197, 0.000000, 
114.826936, 0.000000, 
116.049936, 0.000000, 
116.982815, 0.000000, 
117.994611, 0.000000, 
119.097699, 0.000000, 
120.167045, 0.000000, 
121.055789, 0.000000, 
121.957752, 0.000000, 
123.080918, 0.000000, 
123.897540, 0.000000, 
125.106627, 0.000000, 
126.090731, 0.000000, 
127.035796, 0.000000, 
127.996223, 0.000000, 
128.983711, 0.000000, 
130.151547, 0.000000, 
131.170157, 0.000000, 
132.034941, 0.000000, 
133.020143, 0.000000, 
133.992817, 0.000000, 
134.912678, 0.000000, 
136.055625, 0.000000, 
136.984432, 0.000000, 
137.837273, 0.000000, 
138.903773, 0.000000, 
140.053074, 0.000000, 
141.174237, 0.000000, 
141.938927, 0.000000, 
142.905825, 0.000000, 
143.885615, 0.000000, 
144.865992, 0.000000, 
146.101342, 0.000000, 
146.828257, 0.000000, 
147.906122, 0.000000, 
148.813838, 0.000000, 
149.885595, 0.000000, 
150.820789, 0.000000, 
151.939821, 0.000000, 
152.807485, 0.000000, 
153.936643, 0.000000, 
154.968098, 0.000000, 
156.123592, 0.000000, 
156.829245, 0.000000, 
158.020633, 0.000000, 
158.973357, 0.000000, 
159.976025, 0.000000, 
161.199425, 0.000000, 
161.980249, 0.000000, 
162.948989, 0.000000, 
163.914670, 0.000000, 
165.052904, 0.000000, 
166.142983, 0.000000, 
166.964896, 0.000000, 
168.198806, 0.000000, 
169.035130, 0.000000, 
169.859242, 0.000000, 
170.828580, 0.000000, 
171.840194, 0.000000, 
172.850203, 0.000000, 
173.999199, 0.000000, 
174.828551, 0.000000, 
176.194979, 0.000000, 
177.167684, 0.000000, 
177.817474, 0.000000, 
178.889888, 0.000000, 
179.854454, 0.000000, 
181.037311, 0.000000, 
181.911583, 0.000000, 
182.873366, 0.000000, 
183.992123, 0.000000, 
184.885543, 0.000000, 
185.939109, 0.000000, 
187.188773, 0.000000, 
187.907530, 0.000000, 
188.912749, 0.000000, 
189.828489, 0.000000, 
190.936984, 0.000000, 
191.874520, 0.000000, 
193.087669, 0.000000, 
193.904781, 0.000000, 
194.822028, 0.000000, 
195.981927, 0.000000, 
196.980833, 0.000000, 
197.959433, 0.000000, 
199.043763, 0.000000, 
