-0.066845, 0.000000, 
0.905698, 0.000000, 
2.051441, 0.000000, 
2.957244, 0.000000, 
4.092255, 0.000000, 
4.926882, 0.000000, 
5.934621, 0.000000, 
7.095984, 0.000000, 
8.065956, 0.000000, 
9.037386, 0.000000, 
10.053264, 0.000000, 
10.953609, 0.000000, 
12.063214, 0.000000, 
13.004087, 0.000000, 
14.005662, 0.000000, 
14.990169, 0.000000, 
15.959708, 0.000000, 
17.040594, 0.000000, 
17.983002, 0.000000, 
19.023041, 0.000000, 
20.050519, 0.000000, 
20.905077, 0.000000, 
22.078461, 0.000000, 
23.007352, 0.000000, 
23.968472, 0.000000, 
25.055541, 0.000000, 
26.060009, 0.000000, 
26.975184, 0.000000, 
27.957549, 0.000000, 
29.028908, 0.000000, 
29.949477, 0.000000, 
31.017953, 0.000000, 
31.926697, 0.000000, 
33.002569, 0.000000, 
33.913939, 0.000000, 
35.010029, 0.000000, 
35.988455, 0.000000, 
36.949917, 0.000000, 
38.027084, 0.000000, 
39.056028, 0.000000, 
40.030048, 0.000000, 
41.022937, 0.000000, 
42.076490, 0.000000, 
42.925722, 0.000000, 
44.086091, 0.000000, 
44.942780, 0.000000, 
46.089806, 0.000000, 
47.032386, 0.000000, 
48.092550, 0.000000, 
48.980173, 0.000000, 
49.947315, 0.000000, 
51.015140, 0.000000, 
52.037228, 0.000000, 
53.059176, 0.000000, 
53.942168, 0.000000, 
55.004111, 0.000000, 
55.932999, 0.000000, 
57.043248, 0.000000, 
58.058949, 0.000000, 
58.925978, 0.000000, 
60.014855, 0.000000, 
61.005588, 0.000000, 
62.046092, 0.000000, 
63.089687, 0.000000, 
63.931420, 0.000000, 
65.010607, 0.000000, 
66.097331, 0.000000, 
66.958437, 0.000000, 
68.075274, 0.000000, 
69.094877, 0.000000, 
70.044151, 0.000000, 
71.010727, 0.000000, 
72.048151, 0.000000, 
73.012099, 0.000000, 
74.003637, 0.000000, 
74.966282, 0.000000, 
75.982502, 0.000000, 
77.071331, 0.000000, 
78.043505, 0.000000, 
79.046962, 0.000000, 
79.971051, 0.000000, 
81.022588, 0.000000, 
82.004584, 0.000000, 
82.995252, 0.000000, 
83.991600, 0.000000, 
85.087806, 0.000000, 
85.985671, 0.000000, 
87.041876, 0.000000, 
87.982817, 0.000000, 
89.027032, 0.000000, 
90.037485, 0.000000, 
90.905335, 0.000000, 
91.939024, 0.000000, 
92.987573, 0.000000, 
93.971029, 0.000000, 
94.997379, 0.000000, 
95.937803, 0.000000, 
97.081444, 0.000000, 
97.903287, 0.000000, 
99.025667, 0.000000, 
100.013937, 0.000000, 
101.080128, 0.000000, 
102.046060, 0.000000, 
103.019460, 0.000000, 
104.046278, 0.000000, 
105.085059, 0.000000, 
105.911097, 0.000000, 
107.017083, 0.000000, 
108.057961, 0.000000, 
109.034395, 0.000000, 
109.924361, 0.000000, 
111.037055, 0.000000, 
111.965988, 0.000000, 
113.015450, 0.000000, 
113.976162, 0.000000, 
114.910365, 0.000000, 
116.011573, 0.000000, 
116.972106, 0.000000, 
117.965880, 0.000000, 
118.960077, 0.000000, 
120.087937, 0.000000, 
120.964800, 0.000000, 
122.026404, 0.000000, 
122.932996, 0.000000, 
124.027060, 0.000000, 
125.066081, 0.000000, 
126.005758, 0.000000, 
127.057837, 0.000000, 
128.053002, 0.000000, 
128.992733, 0.000000, 
129.942233, 0.000000, 
130.982455, 0.000000, 
132.032763, 0.000000, 
132.988018, 0.000000, 
133.990850, 0.000000, 
135.088167, 0.000000, 
136.067859, 0.000000, 
137.003341, 0.000000, 
138.090525, 0.000000, 
138.911976, 0.000000, 
139.975467, 0.000000, 
141.050135, 0.000000, 
141.931065, 0.000000, 
143.096204, 0.000000, 
144.031823, 0.000000, 
145.097301, 0.000000, 
145.972225, 0.000000, 
146.959793, 0.000000, 
148.025101, 0.000000, 
148.950025, 0.000000, 
149.981102, 0.000000, 
151.028308, 0.000000, 
152.079861, 0.000000, 
152.905066, 0.000000, 
154.029056, 0.000000, 
154.951263, 0.000000, 
155.963973, 0.000000, 
156.943091, 0.000000, 
158.080844, 0.000000, 
159.050558, 0.000000, 
159.997004, 0.000000, 
161.097513, 0.000000, 
162.037666, 0.000000, 
162.914783, 0.000000, 
163.944640, 0.000000, 
165.095795, 0.000000, 
166.069175, 0.000000, 
166.953999, 0.000000, 
167.963840, 0.000000, 
168.920141, 0.000000, 
169.960265, 0.000000, 
170.909110, 0.000000, 
171.929789, 0.000000, 
172.901978, 0.000000, 
173.936506, 0.000000, 
174.929516, 0.000000, 
175.906987, 0.000000, 
176.980019, 0.000000, 
178.061196, 0.000000, 
179.091167, 0.000000, 
179.934142, 0.000000, 
180.996848, 0.000000, 
181.966776, 0.000000, 
183.045822, 0.000000, 
184.008725, 0.000000, 
184.945469, 0.000000, 
186.011839, 0.000000, 
186.928658, 0.000000, 
188.078997, 0.000000, 
188.931208, 0.000000, 
190.014162, 0.000000, 
190.968113, 0.000000, 
191.998378, 0.000000, 
193.024868, 0.000000, 
194.040941, 0.000000, 
194.931698, 0.000000, 
195.965691, 0.000000, 
197.006535, 0.000000, 
197.990677, 0.000000, 
198.997896, 0.000000, 
