-0.022573, 0.000000, 
1.071716, 0.000000, 
1.927497, 0.000000, 
3.071289, 0.000000, 
4.095838, 0.000000, 
5.009355, 0.000000, 
6.092495, 0.000000, 
7.010319, 0.000000, 
7.919909, 0.000000, 
9.096036, 0.000000, 
10.007740, 0.000000, 
10.985953, 0.000000, 
11.940887, 0.000000, 
12.924702, 0.000000, 
14.019041, 0.000000, 
14.995764, 0.000000, 
15.941329, 0.000000, 
16.959482, 0.000000, 
17.984353, 0.000000, 
18.960332, 0.000000, 
20.076707, 0.000000, 
20.970595, 0.000000, 
21.956916, 0.000000, 
22.967082, 0.000000, 
24.096041, 0.000000, 
25.004731, 0.000000, 
26.015900, 0.000000, 
26.965845, 0.000000, 
28.070211, 0.000000, 
28.929650, 0.000000, 
30.040344, 0.000000, 
30.943261, 0.000000, 
32.088644, 0.000000, 
32.900438, 0.000000, 
34.031943, 0.000000, 
35.052593, 0.000000, 
35.994447, 0.000000, 
37.064714, 0.000000, 
38.069925, 0.000000, 
38.900498, 0.000000, 
39.902686, 0.000000, 
40.996116, 0.000000, 
42.058162, 0.000000, 
43.031051, 0.000000, 
44.089045, 0.000000, 
44.922328, 0.000000, 
46.011079, 0.000000, 
47.094686, 0.000000, 
47.943783, 0.000000, 
48.903033, 0.000000, 
50.052255, 0.000000, 
51.047225, 0.000000, 
52.055636, 0.000000, 
52.939115, 0.000000, 
54.055592, 0.000000, 
54.911353, 0.000000, 
55.914361, 0.000000, 
56.944116, 0.000000, 
57.963484, 0.000000, 
58.928185, 0.000000, 
59.961358, 0.000000, 
60.983194, 0.000000, 
61.976432, 0.000000, 
62.984381, 0.000000, 
64.077236, 0.000000, 
64.918621, 0.000000, 
65.930447, 0.000000, 
67.048326, 0.000000, 
68.082920, 0.000000, 
68.912986, 0.000000, 
69.968229, 0.000000, 
71.000868, 0.000000, 
72.084420, 0.000000, 
72.987136, 0.000000, 
73.941396, 0.000000, 
75.016448, 0.000000, 
76.026032, 0.000000, 
77.043103, 0.000000, 
78.001358, 0.000000, 
78.914768, 0.000000, 
80.076537, 0.000000, 
81.098580, 0.000000, 
81.923051, 0.000000, 
82.956451, 0.000000, 
83.989193, 0.000000, 
84.947608, 0.000000, 
86.065065, 0.000000, 
86.900478, 0.000000, 
88.083444, 0.000000, 
88.932438, 0.000000, 
89.987662, 0.000000, 
90.947885, 0.000000, 
91.978193, 0.000000, 
93.039400, 0.000000, 
94.066125, 0.000000, 
95.062799, 0.000000, 
95.926124, 0.000000, 
97.090047, 0.000000, 
97.902009, 0.000000, 
98.993529, 0.000000, 
99.916307, 0.000000, 
100.902601, 0.000000, 
101.935519, 0.000000, 
102.970315, 0.000000, 
104.072464, 0.000000, 
104.932458, 0.000000, 
105.998348, 0.000000, 
106.903937, 0.000000, 
107.943394, 0.000000, 
108.967622, 0.000000, 
110.028602, 0.000000, 
110.918745, 0.000000, 
111.959829, 0.000000, 
112.985903, 0.000000, 
114.081553, 0.000000, 
114.904121, 0.000000, 
115.966282, 0.000000, 
116.937684, 0.000000, 
117.919829, 0.000000, 
119.070435, 0.000000, 
120.032119, 0.000000, 
120.932292, 0.000000, 
122.008351, 0.000000, 
123.008831, 0.000000, 
124.024935, 0.000000, 
125.057571, 0.000000, 
125.939570, 0.000000, 
126.938379, 0.000000, 
127.964109, 0.000000, 
129.024170, 0.000000, 
130.040873, 0.000000, 
130.932142, 0.000000, 
132.001975, 0.000000, 
132.955521, 0.000000, 
133.908423, 0.000000, 
135.039350, 0.000000, 
136.083394, 0.000000, 
137.094467, 0.000000, 
137.994433, 0.000000, 
138.996115, 0.000000, 
140.039550, 0.000000, 
141.006689, 0.000000, 
142.068484, 0.000000, 
143.043538, 0.000000, 
144.017185, 0.000000, 
144.974592, 0.000000, 
146.073554, 0.000000, 
146.977353, 0.000000, 
148.023335, 0.000000, 
149.043546, 0.000000, 
150.021789, 0.000000, 
150.991514, 0.000000, 
151.940576, 0.000000, 
152.976239, 0.000000, 
153.906241, 0.000000, 
154.961280, 0.000000, 
156.046362, 0.000000, 
156.964861, 0.000000, 
157.910998, 0.000000, 
158.957360, 0.000000, 
159.900404, 0.000000, 
160.916308, 0.000000, 
161.916893, 0.000000, 
162.940651, 0.000000, 
163.946327, 0.000000, 
164.994337, 0.000000, 
165.996079, 0.000000, 
167.013984, 0.000000, 
167.963219, 0.000000, 
168.903520, 0.000000, 
170.071053, 0.000000, 
170.985348, 0.000000, 
172.030808, 0.000000, 
173.090143, 0.000000, 
174.001328, 0.000000, 
174.936507, 0.000000, 
176.057292, 0.000000, 
176.943333, 0.000000, 
177.965281, 0.000000, 
179.037228, 0.000000, 
179.916118, 0.000000, 
181.034371, 0.000000, 
181.947465, 0.000000, 
182.961786, 0.000000, 
183.998814, 0.000000, 
185.006195, 0.000000, 
185.993561, 0.000000, 
187.046000, 0.000000, 
187.951905, 0.000000, 
189.055468, 0.000000, 
189.924940, 0.000000, 
191.086216, 0.000000, 
192.006484, 0.000000, 
192.923789, 0.000000, 
194.059706, 0.000000, 
194.984117, 0.000000, 
196.089275, 0.000000, 
196.996483, 0.000000, 
197.966755, 0.000000, 
199.000583, 0.000000, 
