-0.099449, 0.000000, 
0.969620, 0.000000, 
2.079971, 0.000000, 
2.923344, 0.000000, 
3.930985, 0.000000, 
5.008907, 0.000000, 
5.969610, 0.000000, 
6.975781, 0.000000, 
8.090350, 0.000000, 
8.902432, 0.000000, 
9.901250, 0.000000, 
11.065734, 0.000000, 
11.909925, 0.000000, 
13.042890, 0.000000, 
14.054814, 0.000000, 
15.091569, 0.000000, 
16.000088, 0.000000, 
16.992198, 0.000000, 
17.915947, 0.000000, 
19.037737, 0.000000, 
20.008003, 0.000000, 
21.066993, 0.000000, 
22.097172, 0.000000, 
23.026794, 0.000000, 
23.962013, 0.000000, 
24.939984, 0.000000, 
26.083143, 0.000000, 
26.993668, 0.000000, 
28.006800, 0.000000, 
28.971442, 0.000000, 
29.995885, 0.000000, 
30.983151, 0.000000, 
32.074190, 0.000000, 
32.909666, 0.000000, 
33.962520, 0.000000, 
34.939783, 0.000000, 
35.922504, 0.000000, 
37.043561, 0.000000, 
37.987061, 0.000000, 
38.936509, 0.000000, 
40.097054, 0.000000, 
40.987716, 0.000000, 
42.087092, 0.000000, 
42.945934, 0.000000, 
44.094673, 0.000000, 
45.098943, 0.000000, 
46.095470, 0.000000, 
47.094542, 0.000000, 
47.941431, 0.000000, 
48.916722, 0.000000, 
49.934016, 0.000000, 
50.984928, 0.000000, 
51.902848, 0.000000, 
53.016679, 0.000000, 
54.084804, 0.000000, 
55.098230, 0.000000, 
56.079215, 0.000000, 
56.918889, 0.000000, 
57.988921, 0.000000, 
58.903611, 0.000000, 
59.988911, 0.000000, 
60.973692, 0.000000, 
61.963670, 0.000000, 
62.967461, 0.000000, 
64.007918, 0.000000, 
64.964739, 0.000000, 
65.963138, 0.000000, 
66.939450, 0.000000, 
67.908994, 0.000000, 
69.037898, 0.000000, 
70.019586, 0.000000, 
70.959981, 0.000000, 
72.065524, 0.000000, 
72.972733, 0.000000, 
74.070504, 0.000000, 
75.089416, 0.000000, 
75.920033, 0.000000, 
77.014421, 0.000000, 
77.989530, 0.000000, 
79.080672, 0.000000, 
79.920074, 0.000000, 
81.014429, 0.000000, 
82.074282, 0.000000, 
82.910085, 0.000000, 
84.057081, 0.000000, 
84.950593, 0.000000, 
86.094769, 0.000000, 
87.044521, 0.000000, 
87.929692, 0.000000, 
88.956779, 0.000000, 
89.982645, 0.000000, 
91.028667, 0.000000, 
91.983319, 0.000000, 
93.027984, 0.000000, 
94.030262, 0.000000, 
95.074988, 0.000000, 
95.973199, 0.000000, 
96.974871, 0.000000, 
97.934649, 0.000000, 
98.942358, 0.000000, 
100.062389, 0.000000, 
101.019347, 0.000000, 
102.030433, 0.000000, 
102.963757, 0.000000, 
104.040223, 0.000000, 
105.007566, 0.000000, 
105.982535, 0.000000, 
106.968237, 0.000000, 
108.002044, 0.000000, 
109.093898, 0.000000, 
110.091539, 0.000000, 
111.086261, 0.000000, 
111.938834, 0.000000, 
113.079345, 0.000000, 
114.058430, 0.000000, 
114.951230, 0.000000, 
115.980056, 0.000000, 
116.982606, 0.000000, 
118.095471, 0.000000, 
118.947574, 0.000000, 
119.916732, 0.000000, 
120.979412, 0.000000, 
122.083650, 0.000000, 
123.075978, 0.000000, 
124.032146, 0.000000, 
124.923931, 0.000000, 
125.962178, 0.000000, 
127.004827, 0.000000, 
128.068394, 0.000000, 
128.991354, 0.000000, 
130.050835, 0.000000, 
130.938460, 0.000000, 
132.082340, 0.000000, 
132.946444, 0.000000, 
133.917384, 0.000000, 
135.094995, 0.000000, 
136.031668, 0.000000, 
137.072057, 0.000000, 
137.930191, 0.000000, 
138.996793, 0.000000, 
139.956584, 0.000000, 
140.984608, 0.000000, 
141.979536, 0.000000, 
142.948905, 0.000000, 
144.027936, 0.000000, 
145.050733, 0.000000, 
145.983071, 0.000000, 
146.974747, 0.000000, 
148.033918, 0.000000, 
148.954647, 0.000000, 
149.958093, 0.000000, 
150.958443, 0.000000, 
151.995172, 0.000000, 
153.013984, 0.000000, 
153.943568, 0.000000, 
155.092608, 0.000000, 
155.979766, 0.000000, 
156.924335, 0.000000, 
157.943290, 0.000000, 
159.011795, 0.000000, 
159.971283, 0.000000, 
160.983050, 0.000000, 
162.096282, 0.000000, 
163.035373, 0.000000, 
164.091982, 0.000000, 
164.956277, 0.000000, 
166.085170, 0.000000, 
167.070601, 0.000000, 
168.083005, 0.000000, 
169.033037, 0.000000, 
170.096538, 0.000000, 
170.924215, 0.000000, 
171.997875, 0.000000, 
172.909579, 0.000000, 
173.990333, 0.000000, 
175.022526, 0.000000, 
175.961611, 0.000000, 
177.020542, 0.000000, 
177.901301, 0.000000, 
179.036617, 0.000000, 
179.988816, 0.000000, 
181.009029, 0.000000, 
181.944759, 0.000000, 
183.053045, 0.000000, 
183.937131, 0.000000, 
185.070859, 0.000000, 
185.916827, 0.000000, 
187.081861, 0.000000, 
187.909977, 0.000000, 
189.058780, 0.000000, 
190.031070, 0.000000, 
190.908497, 0.000000, 
192.018771, 0.000000, 
192.938105, 0.000000, 
193.930199, 0.000000, 
194.900786, 0.000000, 
196.094583, 0.000000, 
197.049015, 0.000000, 
198.098950, 0.000000, 
198.991151, 0.000000, 
