-0.084874, 0.000000, 
0.972315, 0.000000, 
2.001957, 0.000000, 
3.071248, 0.000000, 
4.016605, 0.000000, 
4.945863, 0.000000, 
6.077525, 0.000000, 
6.999148, 0.000000, 
7.921765, 0.000000, 
8.967024, 0.000000, 
10.050701, 0.000000, 
11.067892, 0.000000, 
12.087039, 0.000000, 
12.976147, 0.000000, 
14.085765, 0.000000, 
14.928046, 0.000000, 
15.923593, 0.000000, 
16.990993, 0.000000, 
17.914741, 0.000000, 
19.088176, 0.000000, 
20.002866, 0.000000, 
20.957666, 0.000000, 
21.950511, 0.000000, 
22.934083, 0.000000, 
23.944240, 0.000000, 
24.912722, 0.000000, 
26.027837, 0.000000, 
27.033220, 0.000000, 
27.974225, 0.000000, 
28.994883, 0.000000, 
29.942799, 0.000000, 
31.067998, 0.000000, 
32.061269, 0.000000, 
33.025064, 0.000000, 
33.985496, 0.000000, 
34.918035, 0.000000, 
36.021867, 0.000000, 
36.992036, 0.000000, 
38.081007, 0.000000, 
39.075130, 0.000000, 
39.981012, 0.000000, 
40.996061, 0.000000, 
41.924819, 0.000000, 
43.051382, 0.000000, 
43.983161, 0.000000, 
44.939653, 0.000000, 
46.096193, 0.000000, 
46.934036, 0.000000, 
48.031202, 0.000000, 
49.072885, 0.000000, 
49.910673, 0.000000, 
50.996724, 0.000000, 
51.943441, 0.000000, 
53.067613, 0.000000, 
54.093985, 0.000000, 
54.981197, 0.000000, 
55.919266, 0.000000, 
57.024276, 0.000000, 
57.967636, 0.000000, 
59.055668, 0.000000, 
60.004865, 0.000000, 
60.997607, 0.000000, 
61.917130, 0.000000, 
62.990002, 0.000000, 
63.915371, 0.000000, 
65.081510, 0.000000, 
66.012822, 0.000000, 
67.045522, 0.000000, 
68.076947, 0.000000, 
69.030559, 0.000000, 
69.919786, 0.000000, 
70.922197, 0.000000, 
71.993722, 0.000000, 
73.071415, 0.000000, 
74.027467, 0.000000, 
75.060594, 0.000000, 
76.006073, 0.000000, 
77.054807, 0.000000, 
78.063676, 0.000000, 
78.932046, 0.000000, 
80.014745, 0.000000, 
81.049679, 0.000000, 
82.060643, 0.000000, 
83.038879, 0.000000, 
83.951321, 0.000000, 
84.927055, 0.000000, 
86.072374, 0.000000, 
86.995774, 0.000000, 
87.978312, 0.000000, 
88.950774, 0.000000, 
90.097765, 0.000000, 
90.963009, 0.000000, 
91.933348, 0.000000, 
93.087472, 0.000000, 
93.926005, 0.000000, 
94.974066, 0.000000, 
96.050745, 0.000000, 
96.957608, 0.000000, 
98.067858, 0.000000, 
99.043120, 0.000000, 
100.047242, 0.000000, 
101.069380, 0.000000, 
101.985451, 0.000000, 
102.971188, 0.000000, 
104.002981, 0.000000, 
104.903990, 0.000000, 
105.976848, 0.000000, 
107.032557, 0.000000, 
107.908938, 0.000000, 
108.959646, 0.000000, 
110.090050, 0.000000, 
111.085382, 0.000000, 
112.048233, 0.000000, 
112.904230, 0.000000, 
114.002437, 0.000000, 
114.990155, 0.000000, 
116.054063, 0.000000, 
116.958225, 0.000000, 
118.039361, 0.000000, 
119.070805, 0.000000, 
119.939869, 0.000000, 
121.010271, 0.000000, 
122.063398, 0.000000, 
123.071509, 0.000000, 
123.926830, 0.000000, 
124.963305, 0.000000, 
126.041934, 0.000000, 
127.019862, 0.000000, 
127.983806, 0.000000, 
129.036139, 0.000000, 
129.938526, 0.000000, 
130.916984, 0.000000, 
131.930489, 0.000000, 
133.069028, 0.000000, 
133.939701, 0.000000, 
135.047625, 0.000000, 
136.085646, 0.000000, 
137.076152, 0.000000, 
137.979816, 0.000000, 
138.914825, 0.000000, 
140.087429, 0.000000, 
141.037082, 0.000000, 
141.950500, 0.000000, 
143.052260, 0.000000, 
143.928614, 0.000000, 
144.910172, 0.000000, 
145.924448, 0.000000, 
146.947929, 0.000000, 
148.051580, 0.000000, 
149.013086, 0.000000, 
149.904562, 0.000000, 
150.972524, 0.000000, 
152.038395, 0.000000, 
152.964513, 0.000000, 
153.933808, 0.000000, 
155.095775, 0.000000, 
156.056643, 0.000000, 
156.930445, 0.000000, 
158.029784, 0.000000, 
159.065691, 0.000000, 
160.046584, 0.000000, 
161.036806, 0.000000, 
162.045212, 0.000000, 
163.031342, 0.000000, 
164.017378, 0.000000, 
164.934231, 0.000000, 
166.036346, 0.000000, 
166.940766, 0.000000, 
168.015775, 0.000000, 
169.091729, 0.000000, 
169.911965, 0.000000, 
170.941748, 0.000000, 
171.993256, 0.000000, 
173.018622, 0.000000, 
173.919525, 0.000000, 
174.979920, 0.000000, 
175.973403, 0.000000, 
177.040702, 0.000000, 
177.921836, 0.000000, 
178.978402, 0.000000, 
180.042391, 0.000000, 
180.962437, 0.000000, 
181.997652, 0.000000, 
182.977221, 0.000000, 
183.985372, 0.000000, 
184.953646, 0.000000, 
185.927262, 0.000000, 
187.064728, 0.000000, 
188.025427, 0.000000, 
188.929153, 0.000000, 
190.035063, 0.000000, 
190.968053, 0.000000, 
191.925276, 0.000000, 
193.082416, 0.000000, 
194.087829, 0.000000, 
195.053782, 0.000000, 
195.985522, 0.000000, 
196.946679, 0.000000, 
198.056590, 0.000000, 
198.948939, 0.000000, 
