-0.065440, 0.000000, 
0.978933, 0.000000, 
1.910956, 0.000000, 
3.077066, 0.000000, 
3.977530, 0.000000, 
4.914544, 0.000000, 
6.037628, 0.000000, 
7.058993, 0.000000, 
8.067531, 0.000000, 
9.060527, 0.000000, 
9.989305, 0.000000, 
11.021305, 0.000000, 
11.988622, 0.000000, 
12.969492, 0.000000, 
13.973339, 0.000000, 
14.965097, 0.000000, 
15.994327, 0.000000, 
16.953050, 0.000000, 
18.063323, 0.000000, 
18.965913, 0.000000, 
20.073981, 0.000000, 
20.908931, 0.000000, 
22.036038, 0.000000, 
22.937671, 0.000000, 
24.075400, 0.000000, 
24.965198, 0.000000, 
26.038292, 0.000000, 
26.904263, 0.000000, 
27.935194, 0.000000, 
29.090242, 0.000000, 
30.004884, 0.000000, 
31.060848, 0.000000, 
31.927657, 0.000000, 
32.905800, 0.000000, 
34.057852, 0.000000, 
35.099604, 0.000000, 
35.936967, 0.000000, 
37.085001, 0.000000, 
38.055587, 0.000000, 
39.010709, 0.000000, 
40.027540, 0.000000, 
41.001742, 0.000000, 
42.076375, 0.000000, 
43.092263, 0.000000, 
43.955877, 0.000000, 
45.033145, 0.000000, 
45.949156, 0.000000, 
47.034885, 0.000000, 
47.919799, 0.000000, 
48.916926, 0.000000, 
50.076570, 0.000000, 
50.951729, 0.000000, 
51.989471, 0.000000, 
53.017112, 0.000000, 
53.962933, 0.000000, 
55.056037, 0.000000, 
55.934861, 0.000000, 
56.965589, 0.000000, 
58.068669, 0.000000, 
59.000664, 0.000000, 
60.059854, 0.000000, 
61.042075, 0.000000, 
62.043077, 0.000000, 
63.003811, 0.000000, 
64.027204, 0.000000, 
65.099013, 0.000000, 
66.033237, 0.000000, 
67.091700, 0.000000, 
68.054358, 0.000000, 
69.016399, 0.000000, 
69.922941, 0.000000, 
70.930404, 0.000000, 
71.962324, 0.000000, 
72.909940, 0.000000, 
74.099793, 0.000000, 
74.945079, 0.000000, 
75.951836, 0.000000, 
77.046807, 0.000000, 
77.925639, 0.000000, 
79.063650, 0.000000, 
80.086542, 0.000000, 
80.943197, 0.000000, 
81.970842, 0.000000, 
82.947918, 0.000000, 
84.098009, 0.000000, 
84.968698, 0.000000, 
86.062104, 0.000000, 
86.933123, 0.000000, 
87.924074, 0.000000, 
89.057319, 0.000000, 
90.050323, 0.000000, 
91.090657, 0.000000, 
91.927398, 0.000000, 
93.025836, 0.000000, 
94.070581, 0.000000, 
94.951211, 0.000000, 
95.921030, 0.000000, 
96.987644, 0.000000, 
97.924354, 0.000000, 
98.917250, 0.000000, 
99.926847, 0.000000, 
100.986261, 0.000000, 
101.927519, 0.000000, 
103.006879, 0.000000, 
103.957882, 0.000000, 
104.949878, 0.000000, 
106.099819, 0.000000, 
107.026854, 0.000000, 
108.016391, 0.000000, 
109.079842, 0.000000, 
109.972611, 0.000000, 
111.010859, 0.000000, 
111.933033, 0.000000, 
113.099433, 0.000000, 
113.928753, 0.000000, 
114.958227, 0.000000, 
115.913548, 0.000000, 
117.040692, 0.000000, 
118.047023, 0.000000, 
118.926995, 0.000000, 
120.097086, 0.000000, 
120.983591, 0.000000, 
121.915248, 0.000000, 
122.939942, 0.000000, 
123.983577, 0.000000, 
124.940242, 0.000000, 
126.075138, 0.000000, 
126.948709, 0.000000, 
127.986619, 0.000000, 
129.044376, 0.000000, 
129.937213, 0.000000, 
130.915907, 0.000000, 
132.045163, 0.000000, 
132.913496, 0.000000, 
134.088354, 0.000000, 
134.973996, 0.000000, 
136.033209, 0.000000, 
137.028319, 0.000000, 
138.046336, 0.000000, 
138.923709, 0.000000, 
140.080645, 0.000000, 
140.925569, 0.000000, 
141.904815, 0.000000, 
143.011561, 0.000000, 
143.906870, 0.000000, 
144.910383, 0.000000, 
146.017941, 0.000000, 
147.097562, 0.000000, 
148.092483, 0.000000, 
149.021137, 0.000000, 
149.988703, 0.000000, 
151.008716, 0.000000, 
152.098771, 0.000000, 
152.999005, 0.000000, 
153.909711, 0.000000, 
155.082871, 0.000000, 
156.056569, 0.000000, 
157.023667, 0.000000, 
157.990187, 0.000000, 
159.095011, 0.000000, 
159.916311, 0.000000, 
161.095102, 0.000000, 
162.098640, 0.000000, 
163.045859, 0.000000, 
164.095857, 0.000000, 
164.999033, 0.000000, 
166.028723, 0.000000, 
166.919851, 0.000000, 
167.960368, 0.000000, 
169.039743, 0.000000, 
169.999119, 0.000000, 
171.096607, 0.000000, 
172.023178, 0.000000, 
172.980935, 0.000000, 
173.930833, 0.000000, 
174.941811, 0.000000, 
175.972326, 0.000000, 
177.057142, 0.000000, 
177.984576, 0.000000, 
178.986693, 0.000000, 
179.949566, 0.000000, 
181.062302, 0.000000, 
181.949608, 0.000000, 
182.910469, 0.000000, 
184.087907, 0.000000, 
184.948556, 0.000000, 
185.997713, 0.000000, 
187.013848, 0.000000, 
188.076619, 0.000000, 
189.039248, 0.000000, 
190.055758, 0.000000, 
190.950387, 0.000000, 
191.951099, 0.000000, 
192.923539, 0.000000, 
193.937708, 0.000000, 
195.042163, 0.000000, 
195.925262, 0.000000, 
197.061405, 0.000000, 
197.910210, 0.000000, 
198.986325, 0.000000, 
