-0.080741, 0.000000, 
0.956558, 0.000000, 
1.797211, 0.000000, 
2.688673, 0.000000, 
3.756872, 0.000000, 
5.119678, 0.000000, 
5.693030, 0.000000, 
6.632636, 0.000000, 
7.878358, 0.000000, 
8.778352, 0.000000, 
10.466348, 0.000000, 
10.961396, 0.000000, 
11.686336, 0.000000, 
12.826134, 0.000000, 
13.530193, 0.000000, 
15.385900, 0.000000, 
15.522862, 0.000000, 
17.305981, 0.000000, 
17.598884, 0.000000, 
19.029371, 0.000000, 
20.354459, 0.000000, 
20.930744, 0.000000, 
22.157589, 0.000000, 
22.619766, 0.000000, 
23.652979, 0.000000, 
24.643676, 0.000000, 
25.854275, 0.000000, 
27.336905, 0.000000, 
28.196268, 0.000000, 
28.597358, 0.000000, 
29.690058, 0.000000, 
31.149698, 0.000000, 
32.058613, 0.000000, 
33.167889, 0.000000, 
34.219454, 0.000000, 
35.255435, 0.000000, 
36.043578, 0.000000, 
37.126689, 0.000000, 
38.006023, 0.000000, 
38.596918, 0.000000, 
39.557405, 0.000000, 
41.370684, 0.000000, 
42.279478, 0.000000, 
43.029582, 0.000000, 
43.578055, 0.000000, 
45.093685, 0.000000, 
45.670653, 0.000000, 
47.155209, 0.000000, 
48.017273, 0.000000, 
48.949981, 0.000000, 
49.867226, 0.000000, 
51.271484, 0.000000, 
51.799332, 0.000000, 
53.211763, 0.000000, 
54.324257, 0.000000, 
55.243629, 0.000000, 
55.554150, 0.000000, 
57.020457, 0.000000, 
58.174664, 0.000000, 
58.770115, 0.000000, 
60.401751, 0.000000, 
60.860316, 0.000000, 
61.959123, 0.000000, 
63.120171, 0.000000, 
63.611839, 0.000000, 
65.198791, 0.000000, 
65.545852, 0.000000, 
66.574855, 0.000000, 
67.662162, 0.000000, 
69.481981, 0.000000, 
69.866722, 0.000000, 
71.344445, 0.000000, 
72.313816, 0.000000, 
72.550482, 0.000000, 
74.286603, 0.000000, 
74.942760, 0.000000, 
76.111828, 0.000000, 
76.810834, 0.000000, 
77.959776, 0.000000, 
78.664372, 0.000000, 
79.580723, 0.000000, 
81.355341, 0.000000, 
81.537618, 0.000000, 
82.949370, 0.000000, 
83.848409, 0.000000, 
84.653670, 0.000000, 
86.479135, 0.000000, 
86.586889, 0.000000, 
87.528005, 0.000000, 
89.395320, 0.000000, 
89.611302, 0.000000, 
90.895593, 0.000000, 
92.475657, 0.000000, 
92.621797, 0.000000, 
94.206811, 0.000000, 
95.307590, 0.000000, 
96.151790, 0.000000, 
96.607781, 0.000000, 
97.833525, 0.000000, 
99.005563, 0.000000, 
99.864398, 0.000000, 
101.274363, 0.000000, 
101.607602, 0.000000, 
103.309060, 0.000000, 
103.749024, 0.000000, 
105.328515, 0.000000, 
105.503182, 0.000000, 
107.418096, 0.000000, 
108.371731, 0.000000, 
109.097917, 0.000000, 
110.402017, 0.000000, 
111.339458, 0.000000, 
111.739037, 0.000000, 
113.272104, 0.000000, 
113.629910, 0.000000, 
115.385481, 0.000000, 
116.157517, 0.000000, 
116.871261, 0.000000, 
118.160063, 0.000000, 
119.390082, 0.000000, 
119.880203, 0.000000, 
120.978856, 0.000000, 
122.026265, 0.000000, 
122.829009, 0.000000, 
124.284907, 0.000000, 
125.241406, 0.000000, 
125.540707, 0.000000, 
127.134116, 0.000000, 
128.441650, 0.000000, 
129.453553, 0.000000, 
130.108888, 0.000000, 
131.464711, 0.000000, 
132.331785, 0.000000, 
133.474189, 0.000000, 
133.994932, 0.000000, 
135.326061, 0.000000, 
135.866020, 0.000000, 
136.886357, 0.000000, 
138.453042, 0.000000, 
139.289713, 0.000000, 
140.279768, 0.000000, 
141.458075, 0.000000, 
141.795455, 0.000000, 
142.868757, 0.000000, 
143.883874, 0.000000, 
144.580297, 0.000000, 
146.366164, 0.000000, 
146.701089, 0.000000, 
148.145768, 0.000000, 
148.838507, 0.000000, 
149.948685, 0.000000, 
150.532594, 0.000000, 
152.461733, 0.000000, 
152.898788, 0.000000, 
154.145630, 0.000000, 
155.219743, 0.000000, 
156.410339, 0.000000, 
156.539281, 0.000000, 
157.836212, 0.000000, 
159.294179, 0.000000, 
159.799749, 0.000000, 
161.343696, 0.000000, 
162.172624, 0.000000, 
163.108548, 0.000000, 
163.744599, 0.000000, 
165.385331, 0.000000, 
166.207460, 0.000000, 
166.600497, 0.000000, 
167.623280, 0.000000, 
169.433364, 0.000000, 
169.709707, 0.000000, 
170.848753, 0.000000, 
172.218360, 0.000000, 
173.308292, 0.000000, 
174.104928, 0.000000, 
174.672135, 0.000000, 
176.274274, 0.000000, 
177.027312, 0.000000, 
178.346235, 0.000000, 
178.541595, 0.000000, 
179.552638, 0.000000, 
181.425172, 0.000000, 
181.614913, 0.000000, 
182.682984, 0.000000, 
184.160374, 0.000000, 
184.628066, 0.000000, 
186.343208, 0.000000, 
186.973182, 0.000000, 
188.231809, 0.000000, 
189.283125, 0.000000, 
189.536661, 0.000000, 
191.101504, 0.000000, 
192.017257, 0.000000, 
192.594162, 0.000000, 
194.416210, 0.000000, 
195.445449, 0.000000, 
195.782869, 0.000000, 
197.307021, 0.000000, 
197.844927, 0.000000, 
199.111657, 0.000000, 
