0.241575, 0.000000, 
1.115611, 0.000000, 
2.103634, 0.000000, 
2.766444, 0.000000, 
3.882317, 0.000000, 
4.924111, 0.000000, 
5.755523, 0.000000, 
6.934340, 0.000000, 
8.177460, 0.000000, 
9.138790, 0.000000, 
10.056457, 0.000000, 
11.238952, 0.000000, 
12.038010, 0.000000, 
12.806014, 0.000000, 
14.128597, 0.000000, 
14.764224, 0.000000, 
16.018871, 0.000000, 
16.702652, 0.000000, 
17.982243, 0.000000, 
18.966167, 0.000000, 
20.093679, 0.000000, 
21.214288, 0.000000, 
22.041065, 0.000000, 
22.868143, 0.000000, 
23.869320, 0.000000, 
24.912349, 0.000000, 
26.028737, 0.000000, 
27.249869, 0.000000, 
27.826073, 0.000000, 
28.996678, 0.000000, 
29.972702, 0.000000, 
31.174851, 0.000000, 
32.110689, 0.000000, 
32.880823, 0.000000, 
34.213095, 0.000000, 
35.113023, 0.000000, 
35.997482, 0.000000, 
37.204778, 0.000000, 
38.043881, 0.000000, 
39.074905, 0.000000, 
39.917663, 0.000000, 
40.754640, 0.000000, 
41.907797, 0.000000, 
43.276500, 0.000000, 
44.246005, 0.000000, 
45.246056, 0.000000, 
46.284062, 0.000000, 
46.873824, 0.000000, 
48.171305, 0.000000, 
49.207340, 0.000000, 
49.703878, 0.000000, 
51.207967, 0.000000, 
51.854354, 0.000000, 
52.900791, 0.000000, 
54.187031, 0.000000, 
55.210303, 0.000000, 
56.124559, 0.000000, 
57.292165, 0.000000, 
57.969752, 0.000000, 
58.946419, 0.000000, 
59.783046, 0.000000, 
61.226831, 0.000000, 
61.961609, 0.000000, 
62.736478, 0.000000, 
63.811408, 0.000000, 
65.205492, 0.000000, 
65.787792, 0.000000, 
66.959539, 0.000000, 
67.725924, 0.000000, 
69.087500, 0.000000, 
69.701854, 0.000000, 
71.099584, 0.000000, 
71.798029, 0.000000, 
72.957710, 0.000000, 
73.930293, 0.000000, 
75.018498, 0.000000, 
75.894094, 0.000000, 
77.130345, 0.000000, 
77.744359, 0.000000, 
79.163287, 0.000000, 
80.010104, 0.000000, 
80.804288, 0.000000, 
82.197832, 0.000000, 
82.862594, 0.000000, 
84.238782, 0.000000, 
84.700744, 0.000000, 
86.176182, 0.000000, 
87.214763, 0.000000, 
88.060560, 0.000000, 
88.725759, 0.000000, 
90.230964, 0.000000, 
90.820368, 0.000000, 
92.061747, 0.000000, 
92.722024, 0.000000, 
93.871113, 0.000000, 
95.217445, 0.000000, 
95.884130, 0.000000, 
96.737408, 0.000000, 
97.973143, 0.000000, 
98.956327, 0.000000, 
100.224005, 0.000000, 
101.121182, 0.000000, 
102.126054, 0.000000, 
103.175240, 0.000000, 
104.195842, 0.000000, 
105.204997, 0.000000, 
106.075381, 0.000000, 
106.785714, 0.000000, 
108.044430, 0.000000, 
108.812360, 0.000000, 
110.223561, 0.000000, 
111.199966, 0.000000, 
111.748222, 0.000000, 
113.060508, 0.000000, 
113.736338, 0.000000, 
114.909410, 0.000000, 
115.731040, 0.000000, 
116.977553, 0.000000, 
118.162870, 0.000000, 
118.919298, 0.000000, 
119.972417, 0.000000, 
120.768272, 0.000000, 
121.834529, 0.000000, 
123.210256, 0.000000, 
124.049472, 0.000000, 
125.039808, 0.000000, 
126.013992, 0.000000, 
126.942375, 0.000000, 
127.954024, 0.000000, 
129.108345, 0.000000, 
129.883272, 0.000000, 
131.188671, 0.000000, 
131.950470, 0.000000, 
133.154133, 0.000000, 
133.998161, 0.000000, 
134.795267, 0.000000, 
136.092434, 0.000000, 
137.092353, 0.000000, 
138.080290, 0.000000, 
138.937715, 0.000000, 
139.943240, 0.000000, 
141.187242, 0.000000, 
142.083735, 0.000000, 
143.160953, 0.000000, 
144.277895, 0.000000, 
145.239026, 0.000000, 
146.277285, 0.000000, 
147.254380, 0.000000, 
148.006546, 0.000000, 
149.230861, 0.000000, 
150.265602, 0.000000, 
151.063811, 0.000000, 
151.773122, 0.000000, 
153.075660, 0.000000, 
153.950430, 0.000000, 
154.844342, 0.000000, 
155.966335, 0.000000, 
156.980743, 0.000000, 
158.228075, 0.000000, 
159.213223, 0.000000, 
159.884535, 0.000000, 
161.020470, 0.000000, 
162.169678, 0.000000, 
162.853359, 0.000000, 
164.173225, 0.000000, 
164.906627, 0.000000, 
166.047422, 0.000000, 
166.836854, 0.000000, 
168.122520, 0.000000, 
168.856997, 0.000000, 
170.160169, 0.000000, 
171.044875, 0.000000, 
172.218505, 0.000000, 
173.255672, 0.000000, 
173.768471, 0.000000, 
175.288600, 0.000000, 
176.027470, 0.000000, 
176.909716, 0.000000, 
178.264470, 0.000000, 
179.036834, 0.000000, 
179.734157, 0.000000, 
180.958580, 0.000000, 
182.126096, 0.000000, 
182.996598, 0.000000, 
183.784245, 0.000000, 
184.705757, 0.000000, 
186.120303, 0.000000, 
187.036732, 0.000000, 
188.041405, 0.000000, 
189.069597, 0.000000, 
189.738711, 0.000000, 
191.195010, 0.000000, 
192.296350, 0.000000, 
193.223679, 0.000000, 
194.028516, 0.000000, 
194.746081, 0.000000, 
195.907678, 0.000000, 
197.250179, 0.000000, 
198.170576, 0.000000, 
199.272343, 0.000000, 
