-0.205064, 0.000000, 
0.709761, 0.000000, 
2.086535, 0.000000, 
2.657341, 0.000000, 
3.916630, 0.000000, 
5.332217, 0.000000, 
6.214306, 0.000000, 
7.208610, 0.000000, 
7.886917, 0.000000, 
8.928419, 0.000000, 
10.031637, 0.000000, 
10.624182, 0.000000, 
12.344401, 0.000000, 
12.864630, 0.000000, 
14.118217, 0.000000, 
14.753622, 0.000000, 
16.244304, 0.000000, 
17.219108, 0.000000, 
18.073111, 0.000000, 
19.312926, 0.000000, 
20.394059, 0.000000, 
20.737184, 0.000000, 
21.729693, 0.000000, 
23.335364, 0.000000, 
24.240744, 0.000000, 
25.349350, 0.000000, 
25.710088, 0.000000, 
26.667153, 0.000000, 
27.971277, 0.000000, 
28.779911, 0.000000, 
30.272185, 0.000000, 
30.972842, 0.000000, 
32.256902, 0.000000, 
32.830384, 0.000000, 
34.219211, 0.000000, 
34.745218, 0.000000, 
36.150112, 0.000000, 
36.651570, 0.000000, 
37.867277, 0.000000, 
39.216230, 0.000000, 
40.163900, 0.000000, 
41.376578, 0.000000, 
42.380639, 0.000000, 
42.964197, 0.000000, 
43.717852, 0.000000, 
44.949262, 0.000000, 
46.281569, 0.000000, 
46.643649, 0.000000, 
48.001015, 0.000000, 
48.883867, 0.000000, 
50.226811, 0.000000, 
51.044224, 0.000000, 
51.776719, 0.000000, 
52.867798, 0.000000, 
54.091491, 0.000000, 
54.823090, 0.000000, 
56.388733, 0.000000, 
56.640319, 0.000000, 
57.960861, 0.000000, 
59.027148, 0.000000, 
60.232171, 0.000000, 
60.649098, 0.000000, 
62.356508, 0.000000, 
62.895366, 0.000000, 
63.800970, 0.000000, 
65.242113, 0.000000, 
65.604541, 0.000000, 
66.621778, 0.000000, 
68.199798, 0.000000, 
68.793962, 0.000000, 
70.348469, 0.000000, 
70.738442, 0.000000, 
72.107263, 0.000000, 
73.082893, 0.000000, 
74.394070, 0.000000, 
75.391464, 0.000000, 
76.107535, 0.000000, 
77.193879, 0.000000, 
78.330029, 0.000000, 
78.890438, 0.000000, 
79.905594, 0.000000, 
81.043984, 0.000000, 
81.873519, 0.000000, 
83.093367, 0.000000, 
84.157069, 0.000000, 
84.838359, 0.000000, 
85.892606, 0.000000, 
87.262578, 0.000000, 
87.828733, 0.000000, 
89.369664, 0.000000, 
89.738535, 0.000000, 
91.267889, 0.000000, 
92.097038, 0.000000, 
92.817834, 0.000000, 
94.142222, 0.000000, 
94.713507, 0.000000, 
95.749676, 0.000000, 
97.132340, 0.000000, 
98.154443, 0.000000, 
99.247245, 0.000000, 
99.930441, 0.000000, 
101.218936, 0.000000, 
101.786019, 0.000000, 
103.265808, 0.000000, 
104.225355, 0.000000, 
104.650329, 0.000000, 
105.741259, 0.000000, 
106.702320, 0.000000, 
108.041994, 0.000000, 
109.316390, 0.000000, 
110.008692, 0.000000, 
111.199074, 0.000000, 
112.243925, 0.000000, 
112.964971, 0.000000, 
113.937127, 0.000000, 
115.120744, 0.000000, 
116.118897, 0.000000, 
117.195592, 0.000000, 
117.750182, 0.000000, 
118.907980, 0.000000, 
119.817798, 0.000000, 
121.083584, 0.000000, 
121.978877, 0.000000, 
122.820539, 0.000000, 
123.641412, 0.000000, 
124.640746, 0.000000, 
126.203863, 0.000000, 
126.996231, 0.000000, 
128.366951, 0.000000, 
128.941118, 0.000000, 
129.936191, 0.000000, 
130.714390, 0.000000, 
132.114260, 0.000000, 
132.619145, 0.000000, 
133.804277, 0.000000, 
134.709871, 0.000000, 
136.001951, 0.000000, 
137.085085, 0.000000, 
138.382132, 0.000000, 
139.191563, 0.000000, 
139.747353, 0.000000, 
141.362094, 0.000000, 
141.868165, 0.000000, 
142.912805, 0.000000, 
144.088548, 0.000000, 
145.293616, 0.000000, 
145.978871, 0.000000, 
147.378282, 0.000000, 
148.361104, 0.000000, 
148.933123, 0.000000, 
149.668355, 0.000000, 
150.917279, 0.000000, 
151.915175, 0.000000, 
152.665692, 0.000000, 
153.687432, 0.000000, 
154.807722, 0.000000, 
155.872862, 0.000000, 
157.138891, 0.000000, 
158.103621, 0.000000, 
158.686330, 0.000000, 
159.902880, 0.000000, 
161.391024, 0.000000, 
161.818261, 0.000000, 
163.026624, 0.000000, 
164.375780, 0.000000, 
164.981335, 0.000000, 
166.259529, 0.000000, 
166.928320, 0.000000, 
168.292698, 0.000000, 
169.237019, 0.000000, 
170.327185, 0.000000, 
170.857346, 0.000000, 
171.675791, 0.000000, 
172.902048, 0.000000, 
174.207371, 0.000000, 
175.377950, 0.000000, 
176.171763, 0.000000, 
177.252597, 0.000000, 
177.800863, 0.000000, 
179.146924, 0.000000, 
179.763067, 0.000000, 
180.773098, 0.000000, 
182.307253, 0.000000, 
183.369972, 0.000000, 
183.631284, 0.000000, 
185.009534, 0.000000, 
186.142563, 0.000000, 
186.869889, 0.000000, 
187.889137, 0.000000, 
188.953268, 0.000000, 
190.283125, 0.000000, 
190.956364, 0.000000, 
191.826966, 0.000000, 
192.686871, 0.000000, 
193.608968, 0.000000, 
194.675770, 0.000000, 
195.891376, 0.000000, 
196.975019, 0.000000, 
198.242391, 0.000000, 
198.655064, 0.000000, 
