0.425881, 0.000000, 
1.438427, 0.000000, 
2.240787, 0.000000, 
2.578318, 0.000000, 
3.705217, 0.000000, 
5.469740, 0.000000, 
6.377280, 0.000000, 
7.079530, 0.000000, 
7.650221, 0.000000, 
9.174133, 0.000000, 
9.691904, 0.000000, 
11.072713, 0.000000, 
11.729062, 0.000000, 
12.775717, 0.000000, 
14.288155, 0.000000, 
14.899890, 0.000000, 
16.350155, 0.000000, 
16.572186, 0.000000, 
17.505942, 0.000000, 
19.495461, 0.000000, 
19.553841, 0.000000, 
21.060699, 0.000000, 
22.474948, 0.000000, 
22.979546, 0.000000, 
24.122715, 0.000000, 
24.796360, 0.000000, 
26.002392, 0.000000, 
27.353377, 0.000000, 
27.982646, 0.000000, 
28.546450, 0.000000, 
29.746861, 0.000000, 
30.902978, 0.000000, 
32.002885, 0.000000, 
32.866117, 0.000000, 
34.316600, 0.000000, 
35.213981, 0.000000, 
35.830631, 0.000000, 
37.203420, 0.000000, 
38.499506, 0.000000, 
38.905502, 0.000000, 
39.766215, 0.000000, 
41.109438, 0.000000, 
41.728114, 0.000000, 
43.104791, 0.000000, 
44.108776, 0.000000, 
44.633857, 0.000000, 
45.815728, 0.000000, 
47.193450, 0.000000, 
48.263020, 0.000000, 
48.888999, 0.000000, 
50.092243, 0.000000, 
51.081520, 0.000000, 
52.046500, 0.000000, 
52.731302, 0.000000, 
53.900464, 0.000000, 
55.172671, 0.000000, 
55.949885, 0.000000, 
56.701341, 0.000000, 
57.894726, 0.000000, 
59.479686, 0.000000, 
59.582033, 0.000000, 
60.749059, 0.000000, 
61.614398, 0.000000, 
63.351500, 0.000000, 
64.370467, 0.000000, 
65.180935, 0.000000, 
65.950101, 0.000000, 
67.097796, 0.000000, 
67.559009, 0.000000, 
68.863436, 0.000000, 
69.554205, 0.000000, 
71.008366, 0.000000, 
71.749342, 0.000000, 
73.357101, 0.000000, 
73.952938, 0.000000, 
75.337807, 0.000000, 
76.275769, 0.000000, 
77.061079, 0.000000, 
77.753997, 0.000000, 
79.477690, 0.000000, 
79.908016, 0.000000, 
80.701263, 0.000000, 
82.269291, 0.000000, 
83.177096, 0.000000, 
83.690022, 0.000000, 
85.444547, 0.000000, 
85.854310, 0.000000, 
87.028835, 0.000000, 
88.403955, 0.000000, 
88.833622, 0.000000, 
89.526125, 0.000000, 
91.107362, 0.000000, 
91.586826, 0.000000, 
92.511488, 0.000000, 
93.951611, 0.000000, 
94.818961, 0.000000, 
95.567371, 0.000000, 
96.791621, 0.000000, 
97.936469, 0.000000, 
98.576602, 0.000000, 
100.427764, 0.000000, 
101.366535, 0.000000, 
102.339140, 0.000000, 
103.332051, 0.000000, 
103.729862, 0.000000, 
104.526997, 0.000000, 
105.976272, 0.000000, 
106.777164, 0.000000, 
107.549143, 0.000000, 
108.626957, 0.000000, 
110.313166, 0.000000, 
111.049892, 0.000000, 
112.221005, 0.000000, 
113.120953, 0.000000, 
114.034901, 0.000000, 
114.957108, 0.000000, 
116.265644, 0.000000, 
116.907330, 0.000000, 
117.920697, 0.000000, 
119.289112, 0.000000, 
119.984445, 0.000000, 
121.425775, 0.000000, 
122.036206, 0.000000, 
122.655227, 0.000000, 
123.624954, 0.000000, 
124.725966, 0.000000, 
126.097679, 0.000000, 
126.656139, 0.000000, 
128.430557, 0.000000, 
129.177990, 0.000000, 
129.757414, 0.000000, 
130.693968, 0.000000, 
132.446295, 0.000000, 
133.196742, 0.000000, 
134.389634, 0.000000, 
135.495453, 0.000000, 
136.210130, 0.000000, 
136.823983, 0.000000, 
138.120868, 0.000000, 
139.123167, 0.000000, 
140.081696, 0.000000, 
141.188574, 0.000000, 
142.236253, 0.000000, 
143.194632, 0.000000, 
144.090394, 0.000000, 
145.014074, 0.000000, 
145.761078, 0.000000, 
146.729590, 0.000000, 
147.685105, 0.000000, 
148.520617, 0.000000, 
149.651111, 0.000000, 
150.816860, 0.000000, 
151.797097, 0.000000, 
152.679766, 0.000000, 
153.806724, 0.000000, 
154.614628, 0.000000, 
155.613272, 0.000000, 
156.832445, 0.000000, 
158.484670, 0.000000, 
159.181782, 0.000000, 
160.273030, 0.000000, 
161.188727, 0.000000, 
162.074365, 0.000000, 
163.014390, 0.000000, 
163.916815, 0.000000, 
164.520103, 0.000000, 
165.889190, 0.000000, 
167.185984, 0.000000, 
168.079923, 0.000000, 
168.689753, 0.000000, 
170.226351, 0.000000, 
170.563467, 0.000000, 
171.971148, 0.000000, 
172.927062, 0.000000, 
174.495144, 0.000000, 
174.738200, 0.000000, 
175.756299, 0.000000, 
177.053293, 0.000000, 
178.244980, 0.000000, 
179.007878, 0.000000, 
180.150409, 0.000000, 
181.437220, 0.000000, 
181.868791, 0.000000, 
182.737313, 0.000000, 
183.821679, 0.000000, 
184.661200, 0.000000, 
185.896310, 0.000000, 
186.543956, 0.000000, 
188.106432, 0.000000, 
188.726639, 0.000000, 
189.597028, 0.000000, 
190.632083, 0.000000, 
192.211427, 0.000000, 
192.557437, 0.000000, 
193.718437, 0.000000, 
194.850620, 0.000000, 
195.560627, 0.000000, 
197.391552, 0.000000, 
197.869683, 0.000000, 
199.298350, 0.000000, 
