0.165832, 0.000000, 
1.100215, 0.000000, 
1.817914, 0.000000, 
3.158883, 0.000000, 
3.926574, 0.000000, 
5.193435, 0.000000, 
6.055214, 0.000000, 
7.004049, 0.000000, 
7.957695, 0.000000, 
9.127116, 0.000000, 
9.826005, 0.000000, 
11.011327, 0.000000, 
12.103036, 0.000000, 
12.975811, 0.000000, 
13.899122, 0.000000, 
14.950028, 0.000000, 
15.820938, 0.000000, 
17.060073, 0.000000, 
18.096069, 0.000000, 
19.053435, 0.000000, 
19.969545, 0.000000, 
21.174944, 0.000000, 
21.891036, 0.000000, 
22.918695, 0.000000, 
24.079329, 0.000000, 
25.027285, 0.000000, 
25.894928, 0.000000, 
27.159726, 0.000000, 
27.851905, 0.000000, 
28.843028, 0.000000, 
30.154843, 0.000000, 
30.990904, 0.000000, 
31.971722, 0.000000, 
33.114059, 0.000000, 
34.071673, 0.000000, 
35.155989, 0.000000, 
36.074355, 0.000000, 
37.100361, 0.000000, 
37.954664, 0.000000, 
39.116265, 0.000000, 
39.839504, 0.000000, 
41.164414, 0.000000, 
42.159974, 0.000000, 
42.817098, 0.000000, 
43.825443, 0.000000, 
45.009237, 0.000000, 
45.978466, 0.000000, 
47.035905, 0.000000, 
48.149737, 0.000000, 
49.173699, 0.000000, 
50.167246, 0.000000, 
51.141284, 0.000000, 
51.893619, 0.000000, 
53.100628, 0.000000, 
54.102659, 0.000000, 
55.121755, 0.000000, 
56.105336, 0.000000, 
56.935696, 0.000000, 
58.014911, 0.000000, 
59.162090, 0.000000, 
60.006066, 0.000000, 
61.087087, 0.000000, 
62.005968, 0.000000, 
63.093444, 0.000000, 
64.198165, 0.000000, 
65.092760, 0.000000, 
66.017390, 0.000000, 
66.879817, 0.000000, 
67.968214, 0.000000, 
69.063223, 0.000000, 
69.913724, 0.000000, 
70.955518, 0.000000, 
72.058036, 0.000000, 
72.857691, 0.000000, 
73.804237, 0.000000, 
74.985597, 0.000000, 
76.030495, 0.000000, 
77.010878, 0.000000, 
77.992249, 0.000000, 
79.034576, 0.000000, 
79.980565, 0.000000, 
81.147324, 0.000000, 
82.083387, 0.000000, 
82.843027, 0.000000, 
84.116592, 0.000000, 
85.079329, 0.000000, 
86.089516, 0.000000, 
86.985778, 0.000000, 
88.064196, 0.000000, 
88.872465, 0.000000, 
89.984254, 0.000000, 
90.897785, 0.000000, 
91.928780, 0.000000, 
92.877684, 0.000000, 
93.869137, 0.000000, 
94.913850, 0.000000, 
96.145959, 0.000000, 
96.941815, 0.000000, 
98.199548, 0.000000, 
99.089613, 0.000000, 
100.026027, 0.000000, 
100.821638, 0.000000, 
102.153294, 0.000000, 
102.922836, 0.000000, 
104.046973, 0.000000, 
104.910573, 0.000000, 
105.896822, 0.000000, 
107.070291, 0.000000, 
107.917641, 0.000000, 
109.117996, 0.000000, 
109.848220, 0.000000, 
110.964003, 0.000000, 
111.876349, 0.000000, 
112.982974, 0.000000, 
113.895255, 0.000000, 
114.918333, 0.000000, 
115.956001, 0.000000, 
117.125625, 0.000000, 
117.922219, 0.000000, 
119.100874, 0.000000, 
120.103641, 0.000000, 
120.801787, 0.000000, 
122.058621, 0.000000, 
122.984954, 0.000000, 
124.092022, 0.000000, 
124.962230, 0.000000, 
125.894509, 0.000000, 
126.830227, 0.000000, 
127.984166, 0.000000, 
128.964878, 0.000000, 
130.160514, 0.000000, 
130.983295, 0.000000, 
131.882274, 0.000000, 
133.013233, 0.000000, 
133.811233, 0.000000, 
134.876713, 0.000000, 
136.066840, 0.000000, 
136.862558, 0.000000, 
138.027296, 0.000000, 
138.849394, 0.000000, 
140.190466, 0.000000, 
140.919508, 0.000000, 
141.922498, 0.000000, 
142.996897, 0.000000, 
143.976442, 0.000000, 
145.060297, 0.000000, 
145.953443, 0.000000, 
146.942620, 0.000000, 
147.856831, 0.000000, 
149.070330, 0.000000, 
150.160950, 0.000000, 
150.846875, 0.000000, 
151.867884, 0.000000, 
153.198253, 0.000000, 
154.122216, 0.000000, 
155.198345, 0.000000, 
156.164149, 0.000000, 
157.138895, 0.000000, 
157.858135, 0.000000, 
159.065438, 0.000000, 
160.071310, 0.000000, 
161.084574, 0.000000, 
162.019248, 0.000000, 
163.141768, 0.000000, 
164.194089, 0.000000, 
164.921818, 0.000000, 
165.879800, 0.000000, 
167.154591, 0.000000, 
168.144251, 0.000000, 
169.127639, 0.000000, 
169.920173, 0.000000, 
171.044407, 0.000000, 
172.113341, 0.000000, 
172.872936, 0.000000, 
174.137418, 0.000000, 
174.815853, 0.000000, 
176.090309, 0.000000, 
177.124678, 0.000000, 
178.061318, 0.000000, 
179.016265, 0.000000, 
180.150373, 0.000000, 
181.030986, 0.000000, 
181.819556, 0.000000, 
182.967002, 0.000000, 
183.820803, 0.000000, 
185.044971, 0.000000, 
186.056696, 0.000000, 
186.932598, 0.000000, 
188.083680, 0.000000, 
188.856311, 0.000000, 
190.055607, 0.000000, 
190.874438, 0.000000, 
191.902342, 0.000000, 
193.119036, 0.000000, 
193.873458, 0.000000, 
195.096029, 0.000000, 
196.163947, 0.000000, 
196.905687, 0.000000, 
197.874614, 0.000000, 
199.078020, 0.000000, 
