0.143294, 0.000000, 
0.961598, 0.000000, 
2.121418, 0.000000, 
3.118875, 0.000000, 
3.948725, 0.000000, 
4.906522, 0.000000, 
6.115595, 0.000000, 
6.851393, 0.000000, 
7.984919, 0.000000, 
9.079303, 0.000000, 
10.009584, 0.000000, 
10.814159, 0.000000, 
11.856802, 0.000000, 
13.014547, 0.000000, 
14.030271, 0.000000, 
15.029346, 0.000000, 
15.820025, 0.000000, 
16.802366, 0.000000, 
18.077063, 0.000000, 
19.158652, 0.000000, 
20.182370, 0.000000, 
21.101737, 0.000000, 
22.089470, 0.000000, 
23.008051, 0.000000, 
23.880048, 0.000000, 
25.147992, 0.000000, 
25.845206, 0.000000, 
27.178618, 0.000000, 
27.923692, 0.000000, 
28.944484, 0.000000, 
30.054349, 0.000000, 
31.116256, 0.000000, 
31.838163, 0.000000, 
33.081906, 0.000000, 
33.893921, 0.000000, 
34.844210, 0.000000, 
35.947276, 0.000000, 
37.084484, 0.000000, 
38.191459, 0.000000, 
39.031587, 0.000000, 
40.087321, 0.000000, 
40.837820, 0.000000, 
42.006376, 0.000000, 
43.032874, 0.000000, 
44.097479, 0.000000, 
44.944873, 0.000000, 
45.937027, 0.000000, 
47.088704, 0.000000, 
48.024755, 0.000000, 
49.123908, 0.000000, 
50.161799, 0.000000, 
51.163691, 0.000000, 
51.966881, 0.000000, 
52.818770, 0.000000, 
54.036113, 0.000000, 
54.975215, 0.000000, 
55.814743, 0.000000, 
57.057614, 0.000000, 
57.852931, 0.000000, 
58.983529, 0.000000, 
59.983858, 0.000000, 
60.839826, 0.000000, 
61.812131, 0.000000, 
63.126016, 0.000000, 
63.958389, 0.000000, 
65.178214, 0.000000, 
65.823530, 0.000000, 
67.056394, 0.000000, 
68.176361, 0.000000, 
68.868671, 0.000000, 
69.829901, 0.000000, 
71.021492, 0.000000, 
72.019982, 0.000000, 
72.922031, 0.000000, 
73.983090, 0.000000, 
75.067963, 0.000000, 
75.868539, 0.000000, 
77.198274, 0.000000, 
78.065922, 0.000000, 
79.043724, 0.000000, 
80.043589, 0.000000, 
80.863180, 0.000000, 
81.851440, 0.000000, 
82.834251, 0.000000, 
84.092015, 0.000000, 
85.128384, 0.000000, 
85.947064, 0.000000, 
86.839109, 0.000000, 
87.924274, 0.000000, 
89.110434, 0.000000, 
89.817503, 0.000000, 
90.861002, 0.000000, 
91.883849, 0.000000, 
92.832945, 0.000000, 
94.139830, 0.000000, 
94.981790, 0.000000, 
95.938227, 0.000000, 
96.867443, 0.000000, 
97.930552, 0.000000, 
99.015075, 0.000000, 
99.801610, 0.000000, 
101.126830, 0.000000, 
102.127768, 0.000000, 
102.942497, 0.000000, 
104.069397, 0.000000, 
105.153901, 0.000000, 
106.125448, 0.000000, 
107.173652, 0.000000, 
107.937695, 0.000000, 
108.815982, 0.000000, 
110.082044, 0.000000, 
111.159367, 0.000000, 
111.899826, 0.000000, 
112.855370, 0.000000, 
113.999773, 0.000000, 
115.017944, 0.000000, 
115.961286, 0.000000, 
116.823557, 0.000000, 
118.189381, 0.000000, 
119.196113, 0.000000, 
120.054824, 0.000000, 
120.923323, 0.000000, 
122.056416, 0.000000, 
122.809249, 0.000000, 
124.154992, 0.000000, 
124.996718, 0.000000, 
125.973376, 0.000000, 
126.934676, 0.000000, 
127.995628, 0.000000, 
128.864560, 0.000000, 
130.075233, 0.000000, 
131.057915, 0.000000, 
131.993052, 0.000000, 
132.998735, 0.000000, 
133.981471, 0.000000, 
134.911709, 0.000000, 
136.041654, 0.000000, 
136.865863, 0.000000, 
137.801136, 0.000000, 
138.909739, 0.000000, 
140.014746, 0.000000, 
140.902388, 0.000000, 
141.844699, 0.000000, 
143.061722, 0.000000, 
143.874378, 0.000000, 
144.988216, 0.000000, 
145.989188, 0.000000, 
146.841642, 0.000000, 
147.963314, 0.000000, 
148.991515, 0.000000, 
150.199466, 0.000000, 
150.970727, 0.000000, 
151.972131, 0.000000, 
153.179004, 0.000000, 
153.862937, 0.000000, 
155.117408, 0.000000, 
156.028857, 0.000000, 
156.959257, 0.000000, 
158.170261, 0.000000, 
159.022691, 0.000000, 
160.003840, 0.000000, 
161.178878, 0.000000, 
162.130509, 0.000000, 
162.934349, 0.000000, 
164.103577, 0.000000, 
164.845111, 0.000000, 
166.084869, 0.000000, 
167.005189, 0.000000, 
167.912562, 0.000000, 
168.952523, 0.000000, 
170.045956, 0.000000, 
170.888463, 0.000000, 
171.814603, 0.000000, 
172.961658, 0.000000, 
173.963280, 0.000000, 
174.913970, 0.000000, 
175.876878, 0.000000, 
177.180702, 0.000000, 
177.891175, 0.000000, 
178.913090, 0.000000, 
180.008906, 0.000000, 
180.950518, 0.000000, 
181.836277, 0.000000, 
183.154719, 0.000000, 
184.043388, 0.000000, 
185.037642, 0.000000, 
186.138327, 0.000000, 
186.813414, 0.000000, 
188.154766, 0.000000, 
189.005606, 0.000000, 
189.819309, 0.000000, 
190.962035, 0.000000, 
192.056237, 0.000000, 
193.176387, 0.000000, 
193.996325, 0.000000, 
195.105340, 0.000000, 
196.014391, 0.000000, 
196.949891, 0.000000, 
198.191513, 0.000000, 
199.193602, 0.000000, 
