-0.003380, 0.000000, 
1.039799, 0.000000, 
1.933542, 0.000000, 
3.033925, 0.000000, 
4.088712, 0.000000, 
4.980401, 0.000000, 
5.961146, 0.000000, 
7.005469, 0.000000, 
8.075242, 0.000000, 
8.944752, 0.000000, 
9.950381, 0.000000, 
10.960644, 0.000000, 
11.911552, 0.000000, 
13.001117, 0.000000, 
14.022997, 0.000000, 
14.940086, 0.000000, 
16.079396, 0.000000, 
16.990193, 0.000000, 
17.979594, 0.000000, 
19.098128, 0.000000, 
19.927245, 0.000000, 
21.069606, 0.000000, 
21.952586, 0.000000, 
22.920546, 0.000000, 
24.096573, 0.000000, 
25.088276, 0.000000, 
26.089250, 0.000000, 
27.090354, 0.000000, 
28.017130, 0.000000, 
28.927109, 0.000000, 
29.931049, 0.000000, 
31.096097, 0.000000, 
32.058997, 0.000000, 
32.991594, 0.000000, 
34.074966, 0.000000, 
35.058049, 0.000000, 
35.906426, 0.000000, 
37.010687, 0.000000, 
37.991357, 0.000000, 
38.959041, 0.000000, 
39.906092, 0.000000, 
40.954164, 0.000000, 
41.930596, 0.000000, 
43.098427, 0.000000, 
44.006383, 0.000000, 
45.013276, 0.000000, 
45.972980, 0.000000, 
46.906440, 0.000000, 
47.924643, 0.000000, 
48.952057, 0.000000, 
50.005745, 0.000000, 
50.963532, 0.000000, 
51.903214, 0.000000, 
53.037316, 0.000000, 
53.945806, 0.000000, 
54.920922, 0.000000, 
56.004392, 0.000000, 
56.970684, 0.000000, 
58.029768, 0.000000, 
59.058061, 0.000000, 
59.978114, 0.000000, 
60.953312, 0.000000, 
62.038059, 0.000000, 
62.916868, 0.000000, 
63.991670, 0.000000, 
65.040069, 0.000000, 
66.046160, 0.000000, 
67.044125, 0.000000, 
68.019540, 0.000000, 
68.967749, 0.000000, 
70.068913, 0.000000, 
71.072509, 0.000000, 
71.920062, 0.000000, 
72.902501, 0.000000, 
73.952381, 0.000000, 
74.966741, 0.000000, 
75.902590, 0.000000, 
76.940443, 0.000000, 
78.029072, 0.000000, 
79.033258, 0.000000, 
80.013128, 0.000000, 
80.987767, 0.000000, 
81.996850, 0.000000, 
82.939023, 0.000000, 
83.975275, 0.000000, 
85.008164, 0.000000, 
85.979017, 0.000000, 
87.021486, 0.000000, 
88.092898, 0.000000, 
89.022226, 0.000000, 
89.975374, 0.000000, 
90.914288, 0.000000, 
92.028016, 0.000000, 
92.906406, 0.000000, 
94.043001, 0.000000, 
94.966703, 0.000000, 
96.057337, 0.000000, 
97.089529, 0.000000, 
98.027111, 0.000000, 
98.902366, 0.000000, 
100.029948, 0.000000, 
101.059188, 0.000000, 
101.956266, 0.000000, 
103.072043, 0.000000, 
103.956652, 0.000000, 
104.919132, 0.000000, 
105.929182, 0.000000, 
107.039669, 0.000000, 
107.940068, 0.000000, 
108.935398, 0.000000, 
109.981218, 0.000000, 
111.059828, 0.000000, 
112.062606, 0.000000, 
112.975617, 0.000000, 
114.010239, 0.000000, 
114.969431, 0.000000, 
116.061821, 0.000000, 
117.038040, 0.000000, 
117.997358, 0.000000, 
118.918828, 0.000000, 
119.919895, 0.000000, 
120.951093, 0.000000, 
122.078112, 0.000000, 
123.002952, 0.000000, 
124.003798, 0.000000, 
124.996994, 0.000000, 
126.005845, 0.000000, 
126.924000, 0.000000, 
127.990758, 0.000000, 
128.917170, 0.000000, 
129.900551, 0.000000, 
130.907919, 0.000000, 
132.018812, 0.000000, 
132.912272, 0.000000, 
134.044473, 0.000000, 
134.909438, 0.000000, 
136.001560, 0.000000, 
137.026292, 0.000000, 
137.928745, 0.000000, 
139.016769, 0.000000, 
140.072094, 0.000000, 
141.076140, 0.000000, 
142.057463, 0.000000, 
142.944961, 0.000000, 
143.953861, 0.000000, 
144.915548, 0.000000, 
146.050878, 0.000000, 
146.951694, 0.000000, 
147.938275, 0.000000, 
149.021861, 0.000000, 
149.970996, 0.000000, 
151.053287, 0.000000, 
152.079701, 0.000000, 
153.085613, 0.000000, 
153.982029, 0.000000, 
155.046231, 0.000000, 
155.950813, 0.000000, 
156.967806, 0.000000, 
158.074152, 0.000000, 
159.055704, 0.000000, 
160.054648, 0.000000, 
160.900515, 0.000000, 
162.020167, 0.000000, 
163.030158, 0.000000, 
164.074976, 0.000000, 
165.023169, 0.000000, 
165.916159, 0.000000, 
167.097894, 0.000000, 
167.938914, 0.000000, 
168.968630, 0.000000, 
169.988344, 0.000000, 
171.087185, 0.000000, 
171.930314, 0.000000, 
172.957062, 0.000000, 
173.915590, 0.000000, 
175.037464, 0.000000, 
175.956199, 0.000000, 
177.094801, 0.000000, 
177.901437, 0.000000, 
178.912818, 0.000000, 
180.052524, 0.000000, 
181.093383, 0.000000, 
182.035722, 0.000000, 
182.991151, 0.000000, 
184.098703, 0.000000, 
184.975749, 0.000000, 
185.992547, 0.000000, 
186.957540, 0.000000, 
188.029169, 0.000000, 
188.905176, 0.000000, 
189.918519, 0.000000, 
191.030297, 0.000000, 
191.965630, 0.000000, 
192.990473, 0.000000, 
193.994961, 0.000000, 
195.001579, 0.000000, 
195.938444, 0.000000, 
196.978973, 0.000000, 
197.920805, 0.000000, 
199.085291, 0.000000, 
