0.051262, 0.000000, 
0.749808, 0.000000, 
2.027173, 0.000000, 
2.749165, 0.000000, 
3.590729, 0.000000, 
4.646350, 0.000000, 
6.327718, 0.000000, 
6.821242, 0.000000, 
7.625512, 0.000000, 
9.406878, 0.000000, 
10.061864, 0.000000, 
10.966880, 0.000000, 
11.603273, 0.000000, 
13.177083, 0.000000, 
13.963853, 0.000000, 
14.837745, 0.000000, 
16.110307, 0.000000, 
17.261386, 0.000000, 
17.867946, 0.000000, 
18.773655, 0.000000, 
19.892880, 0.000000, 
20.844730, 0.000000, 
21.649213, 0.000000, 
22.836821, 0.000000, 
24.384764, 0.000000, 
24.733225, 0.000000, 
25.882607, 0.000000, 
26.771961, 0.000000, 
27.834308, 0.000000, 
28.623109, 0.000000, 
30.093039, 0.000000, 
30.803659, 0.000000, 
31.847261, 0.000000, 
32.903872, 0.000000, 
34.098614, 0.000000, 
34.510576, 0.000000, 
35.521109, 0.000000, 
36.928477, 0.000000, 
37.544159, 0.000000, 
38.935574, 0.000000, 
39.669359, 0.000000, 
40.828560, 0.000000, 
41.525725, 0.000000, 
43.166462, 0.000000, 
44.497667, 0.000000, 
44.583220, 0.000000, 
45.780952, 0.000000, 
47.039631, 0.000000, 
47.766295, 0.000000, 
49.011116, 0.000000, 
49.900859, 0.000000, 
50.529336, 0.000000, 
52.008589, 0.000000, 
52.824989, 0.000000, 
53.575454, 0.000000, 
55.051059, 0.000000, 
55.781587, 0.000000, 
56.512057, 0.000000, 
58.489858, 0.000000, 
59.262638, 0.000000, 
59.681071, 0.000000, 
60.527271, 0.000000, 
62.435239, 0.000000, 
63.462905, 0.000000, 
63.934132, 0.000000, 
65.281979, 0.000000, 
65.507389, 0.000000, 
66.938381, 0.000000, 
68.009936, 0.000000, 
68.726187, 0.000000, 
70.219433, 0.000000, 
70.816407, 0.000000, 
72.317923, 0.000000, 
73.405750, 0.000000, 
74.194039, 0.000000, 
75.148614, 0.000000, 
76.192830, 0.000000, 
76.847741, 0.000000, 
78.284998, 0.000000, 
79.103222, 0.000000, 
79.797766, 0.000000, 
81.091982, 0.000000, 
82.467425, 0.000000, 
82.590288, 0.000000, 
83.906523, 0.000000, 
84.911455, 0.000000, 
86.423211, 0.000000, 
86.534636, 0.000000, 
88.406811, 0.000000, 
88.743308, 0.000000, 
90.042274, 0.000000, 
90.552512, 0.000000, 
91.947855, 0.000000, 
93.380253, 0.000000, 
93.561844, 0.000000, 
94.960309, 0.000000, 
96.420970, 0.000000, 
96.971513, 0.000000, 
98.108788, 0.000000, 
98.738382, 0.000000, 
99.769350, 0.000000, 
100.688517, 0.000000, 
102.163899, 0.000000, 
103.262417, 0.000000, 
103.739288, 0.000000, 
105.075731, 0.000000, 
106.295197, 0.000000, 
106.856587, 0.000000, 
108.450080, 0.000000, 
108.730616, 0.000000, 
109.703931, 0.000000, 
111.367453, 0.000000, 
112.117231, 0.000000, 
112.754189, 0.000000, 
113.585321, 0.000000, 
115.158358, 0.000000, 
116.043069, 0.000000, 
117.082798, 0.000000, 
117.553917, 0.000000, 
119.494236, 0.000000, 
119.837173, 0.000000, 
121.380831, 0.000000, 
122.132666, 0.000000, 
123.059284, 0.000000, 
124.082469, 0.000000, 
125.146615, 0.000000, 
125.732336, 0.000000, 
126.709291, 0.000000, 
128.369434, 0.000000, 
128.693834, 0.000000, 
130.055749, 0.000000, 
131.312001, 0.000000, 
131.616596, 0.000000, 
133.407655, 0.000000, 
134.246786, 0.000000, 
134.605923, 0.000000, 
135.746680, 0.000000, 
137.315794, 0.000000, 
137.785539, 0.000000, 
139.227243, 0.000000, 
139.715135, 0.000000, 
140.531860, 0.000000, 
142.412648, 0.000000, 
142.906178, 0.000000, 
144.288083, 0.000000, 
145.038012, 0.000000, 
146.404258, 0.000000, 
147.152425, 0.000000, 
147.659646, 0.000000, 
149.436124, 0.000000, 
149.911013, 0.000000, 
151.332005, 0.000000, 
151.783113, 0.000000, 
152.562643, 0.000000, 
153.701667, 0.000000, 
154.643417, 0.000000, 
156.492678, 0.000000, 
156.651735, 0.000000, 
157.997569, 0.000000, 
159.286761, 0.000000, 
160.231912, 0.000000, 
161.450550, 0.000000, 
162.279558, 0.000000, 
163.457301, 0.000000, 
164.497875, 0.000000, 
164.777720, 0.000000, 
165.802203, 0.000000, 
167.280130, 0.000000, 
167.672642, 0.000000, 
169.238325, 0.000000, 
170.354224, 0.000000, 
171.248900, 0.000000, 
171.847307, 0.000000, 
173.037168, 0.000000, 
173.960755, 0.000000, 
174.909796, 0.000000, 
176.237208, 0.000000, 
177.484752, 0.000000, 
177.629990, 0.000000, 
178.506681, 0.000000, 
179.664676, 0.000000, 
181.171153, 0.000000, 
182.190258, 0.000000, 
182.976776, 0.000000, 
183.553285, 0.000000, 
184.721958, 0.000000, 
186.381341, 0.000000, 
186.986734, 0.000000, 
187.955490, 0.000000, 
189.229925, 0.000000, 
189.646977, 0.000000, 
191.343707, 0.000000, 
192.237596, 0.000000, 
193.436483, 0.000000, 
194.111644, 0.000000, 
194.777270, 0.000000, 
196.137888, 0.000000, 
197.237471, 0.000000, 
197.675076, 0.000000, 
198.925623, 0.000000, 
