-0.079936, 0.000000, 
1.163734, 0.000000, 
1.827780, 0.000000, 
3.089411, 0.000000, 
3.975493, 0.000000, 
5.009850, 0.000000, 
6.158513, 0.000000, 
6.841835, 0.000000, 
8.120997, 0.000000, 
8.702889, 0.000000, 
10.153916, 0.000000, 
10.899881, 0.000000, 
12.043348, 0.000000, 
13.187267, 0.000000, 
14.156113, 0.000000, 
15.014963, 0.000000, 
16.105004, 0.000000, 
17.026830, 0.000000, 
17.912688, 0.000000, 
18.747644, 0.000000, 
19.736742, 0.000000, 
21.260428, 0.000000, 
21.980866, 0.000000, 
23.226077, 0.000000, 
23.777813, 0.000000, 
25.155842, 0.000000, 
26.202889, 0.000000, 
26.955229, 0.000000, 
27.750410, 0.000000, 
29.147199, 0.000000, 
29.710862, 0.000000, 
30.886572, 0.000000, 
31.737275, 0.000000, 
33.065795, 0.000000, 
34.011160, 0.000000, 
34.922182, 0.000000, 
35.707139, 0.000000, 
36.900901, 0.000000, 
37.819935, 0.000000, 
39.252061, 0.000000, 
40.287466, 0.000000, 
40.765480, 0.000000, 
42.046190, 0.000000, 
43.006870, 0.000000, 
43.887171, 0.000000, 
44.735803, 0.000000, 
46.056111, 0.000000, 
46.778230, 0.000000, 
47.902155, 0.000000, 
48.761787, 0.000000, 
50.123175, 0.000000, 
50.758796, 0.000000, 
52.245845, 0.000000, 
52.979533, 0.000000, 
54.090271, 0.000000, 
55.206195, 0.000000, 
56.276483, 0.000000, 
57.134313, 0.000000, 
58.218386, 0.000000, 
58.919265, 0.000000, 
60.047307, 0.000000, 
61.065760, 0.000000, 
62.134221, 0.000000, 
63.010984, 0.000000, 
63.907884, 0.000000, 
65.238534, 0.000000, 
66.191995, 0.000000, 
67.278244, 0.000000, 
68.012823, 0.000000, 
68.727958, 0.000000, 
70.281233, 0.000000, 
71.235782, 0.000000, 
72.021277, 0.000000, 
72.982590, 0.000000, 
73.781434, 0.000000, 
75.244676, 0.000000, 
76.092178, 0.000000, 
76.852838, 0.000000, 
78.090991, 0.000000, 
79.279752, 0.000000, 
80.123731, 0.000000, 
80.750022, 0.000000, 
81.786795, 0.000000, 
82.768783, 0.000000, 
83.924386, 0.000000, 
84.790010, 0.000000, 
86.233081, 0.000000, 
87.249285, 0.000000, 
87.927705, 0.000000, 
88.781021, 0.000000, 
89.761273, 0.000000, 
90.814517, 0.000000, 
92.208817, 0.000000, 
92.763956, 0.000000, 
93.777372, 0.000000, 
95.036990, 0.000000, 
96.184483, 0.000000, 
96.810370, 0.000000, 
98.187078, 0.000000, 
99.260054, 0.000000, 
99.988731, 0.000000, 
101.061279, 0.000000, 
102.054769, 0.000000, 
103.110441, 0.000000, 
103.855896, 0.000000, 
104.764389, 0.000000, 
106.145923, 0.000000, 
106.905920, 0.000000, 
107.968330, 0.000000, 
108.744891, 0.000000, 
109.812033, 0.000000, 
111.052155, 0.000000, 
112.125279, 0.000000, 
112.956362, 0.000000, 
114.202986, 0.000000, 
115.101913, 0.000000, 
115.989680, 0.000000, 
117.228370, 0.000000, 
117.791910, 0.000000, 
119.061814, 0.000000, 
119.719421, 0.000000, 
120.919532, 0.000000, 
122.149159, 0.000000, 
123.132803, 0.000000, 
124.065098, 0.000000, 
125.100893, 0.000000, 
125.898659, 0.000000, 
127.251211, 0.000000, 
127.907597, 0.000000, 
128.770980, 0.000000, 
129.793432, 0.000000, 
130.916885, 0.000000, 
132.037559, 0.000000, 
132.969247, 0.000000, 
133.898288, 0.000000, 
135.053908, 0.000000, 
136.257448, 0.000000, 
136.953594, 0.000000, 
138.259959, 0.000000, 
138.849646, 0.000000, 
139.885283, 0.000000, 
140.786022, 0.000000, 
142.071247, 0.000000, 
142.779015, 0.000000, 
143.740477, 0.000000, 
144.704655, 0.000000, 
145.735545, 0.000000, 
147.248000, 0.000000, 
148.223386, 0.000000, 
149.093539, 0.000000, 
149.926621, 0.000000, 
150.956913, 0.000000, 
151.985577, 0.000000, 
152.781673, 0.000000, 
153.701733, 0.000000, 
155.128163, 0.000000, 
156.252304, 0.000000, 
157.194350, 0.000000, 
157.711716, 0.000000, 
158.969157, 0.000000, 
159.817129, 0.000000, 
161.259165, 0.000000, 
162.215526, 0.000000, 
163.036984, 0.000000, 
164.157379, 0.000000, 
164.725015, 0.000000, 
166.134900, 0.000000, 
166.989095, 0.000000, 
168.037305, 0.000000, 
168.797034, 0.000000, 
170.016589, 0.000000, 
170.718578, 0.000000, 
172.023576, 0.000000, 
173.081153, 0.000000, 
173.716424, 0.000000, 
174.807054, 0.000000, 
176.108339, 0.000000, 
176.740294, 0.000000, 
178.051208, 0.000000, 
179.197148, 0.000000, 
180.157218, 0.000000, 
181.018507, 0.000000, 
181.940262, 0.000000, 
182.713488, 0.000000, 
184.069909, 0.000000, 
184.825366, 0.000000, 
186.042986, 0.000000, 
187.019891, 0.000000, 
187.787373, 0.000000, 
188.821604, 0.000000, 
190.277923, 0.000000, 
191.233563, 0.000000, 
192.208864, 0.000000, 
192.719598, 0.000000, 
194.169980, 0.000000, 
195.283407, 0.000000, 
195.866396, 0.000000, 
197.284754, 0.000000, 
197.770471, 0.000000, 
199.233652, 0.000000, 
