-0.388922, 0.000000, 
0.645419, 0.000000, 
1.690871, 0.000000, 
2.872451, 0.000000, 
4.394742, 0.000000, 
5.020518, 0.000000, 
5.918160, 0.000000, 
6.912666, 0.000000, 
8.170626, 0.000000, 
9.339791, 0.000000, 
10.160767, 0.000000, 
11.270450, 0.000000, 
11.833196, 0.000000, 
13.078853, 0.000000, 
13.633599, 0.000000, 
14.785824, 0.000000, 
16.216345, 0.000000, 
16.813697, 0.000000, 
18.263058, 0.000000, 
19.205239, 0.000000, 
20.230948, 0.000000, 
21.260372, 0.000000, 
22.386016, 0.000000, 
23.299996, 0.000000, 
23.684764, 0.000000, 
25.182600, 0.000000, 
25.926467, 0.000000, 
26.874020, 0.000000, 
27.605168, 0.000000, 
28.730869, 0.000000, 
29.723131, 0.000000, 
31.059402, 0.000000, 
32.234334, 0.000000, 
33.155711, 0.000000, 
34.277614, 0.000000, 
34.744971, 0.000000, 
35.793669, 0.000000, 
36.897211, 0.000000, 
38.339114, 0.000000, 
39.234681, 0.000000, 
39.751745, 0.000000, 
40.869158, 0.000000, 
41.981888, 0.000000, 
42.696540, 0.000000, 
43.614256, 0.000000, 
44.634321, 0.000000, 
46.273414, 0.000000, 
47.315730, 0.000000, 
47.773541, 0.000000, 
48.892078, 0.000000, 
50.134466, 0.000000, 
51.193676, 0.000000, 
52.154798, 0.000000, 
53.211105, 0.000000, 
53.989041, 0.000000, 
54.991350, 0.000000, 
56.305353, 0.000000, 
56.607555, 0.000000, 
57.791065, 0.000000, 
59.250918, 0.000000, 
60.376510, 0.000000, 
61.375839, 0.000000, 
61.747499, 0.000000, 
63.137861, 0.000000, 
64.246977, 0.000000, 
64.917147, 0.000000, 
65.897247, 0.000000, 
67.241631, 0.000000, 
68.188794, 0.000000, 
68.996669, 0.000000, 
70.163119, 0.000000, 
71.026828, 0.000000, 
72.092757, 0.000000, 
72.705220, 0.000000, 
74.300484, 0.000000, 
74.697160, 0.000000, 
76.353828, 0.000000, 
76.972425, 0.000000, 
78.366511, 0.000000, 
78.875405, 0.000000, 
79.696750, 0.000000, 
80.932091, 0.000000, 
82.345323, 0.000000, 
82.925114, 0.000000, 
83.984908, 0.000000, 
84.719428, 0.000000, 
85.852832, 0.000000, 
86.655929, 0.000000, 
87.729276, 0.000000, 
89.210834, 0.000000, 
90.360656, 0.000000, 
90.732707, 0.000000, 
91.773251, 0.000000, 
93.339010, 0.000000, 
93.957134, 0.000000, 
94.766581, 0.000000, 
96.318523, 0.000000, 
96.843522, 0.000000, 
98.142496, 0.000000, 
98.833501, 0.000000, 
99.666688, 0.000000, 
101.389425, 0.000000, 
102.219776, 0.000000, 
103.333289, 0.000000, 
103.732177, 0.000000, 
105.014245, 0.000000, 
105.614992, 0.000000, 
106.676200, 0.000000, 
107.792741, 0.000000, 
109.089147, 0.000000, 
109.689902, 0.000000, 
111.323057, 0.000000, 
112.042252, 0.000000, 
112.948607, 0.000000, 
113.644743, 0.000000, 
115.302679, 0.000000, 
115.964827, 0.000000, 
116.998959, 0.000000, 
117.896451, 0.000000, 
118.773853, 0.000000, 
119.724845, 0.000000, 
121.391889, 0.000000, 
122.318307, 0.000000, 
122.763356, 0.000000, 
123.607214, 0.000000, 
125.257995, 0.000000, 
126.235410, 0.000000, 
127.182082, 0.000000, 
127.600409, 0.000000, 
129.122459, 0.000000, 
130.284258, 0.000000, 
130.687095, 0.000000, 
132.151903, 0.000000, 
132.678024, 0.000000, 
133.882489, 0.000000, 
135.192913, 0.000000, 
136.169523, 0.000000, 
136.922329, 0.000000, 
138.212103, 0.000000, 
139.163219, 0.000000, 
140.181891, 0.000000, 
141.028856, 0.000000, 
142.037661, 0.000000, 
142.744348, 0.000000, 
143.680476, 0.000000, 
145.122477, 0.000000, 
145.909341, 0.000000, 
146.666013, 0.000000, 
148.055723, 0.000000, 
149.325462, 0.000000, 
149.721235, 0.000000, 
150.692080, 0.000000, 
152.236326, 0.000000, 
153.077845, 0.000000, 
153.821926, 0.000000, 
155.272565, 0.000000, 
155.858888, 0.000000, 
156.795564, 0.000000, 
157.643289, 0.000000, 
158.837136, 0.000000, 
160.141069, 0.000000, 
160.744279, 0.000000, 
161.928775, 0.000000, 
163.113645, 0.000000, 
164.002985, 0.000000, 
164.723555, 0.000000, 
165.662610, 0.000000, 
167.337067, 0.000000, 
168.366183, 0.000000, 
169.100709, 0.000000, 
170.040251, 0.000000, 
171.079979, 0.000000, 
171.838760, 0.000000, 
172.938081, 0.000000, 
174.242363, 0.000000, 
175.158846, 0.000000, 
175.945037, 0.000000, 
176.718779, 0.000000, 
178.138045, 0.000000, 
178.651097, 0.000000, 
180.338949, 0.000000, 
181.292691, 0.000000, 
182.160855, 0.000000, 
183.227365, 0.000000, 
184.028136, 0.000000, 
185.054789, 0.000000, 
186.335785, 0.000000, 
187.368058, 0.000000, 
187.840324, 0.000000, 
188.746918, 0.000000, 
190.252274, 0.000000, 
191.089576, 0.000000, 
191.979388, 0.000000, 
193.125779, 0.000000, 
193.921715, 0.000000, 
194.852395, 0.000000, 
196.116108, 0.000000, 
197.073512, 0.000000, 
197.893280, 0.000000, 
198.654373, 0.000000, 
