0.151718, 0.000000, 
0.757082, 0.000000, 
1.721745, 0.000000, 
2.955590, 0.000000, 
4.083062, 0.000000, 
5.066341, 0.000000, 
5.998075, 0.000000, 
7.209806, 0.000000, 
8.269693, 0.000000, 
9.047368, 0.000000, 
10.079168, 0.000000, 
10.981481, 0.000000, 
11.940315, 0.000000, 
12.716366, 0.000000, 
14.068243, 0.000000, 
14.933293, 0.000000, 
16.082002, 0.000000, 
16.837214, 0.000000, 
18.266886, 0.000000, 
19.014513, 0.000000, 
19.853781, 0.000000, 
20.904290, 0.000000, 
22.201973, 0.000000, 
22.883742, 0.000000, 
24.057696, 0.000000, 
25.196946, 0.000000, 
26.187165, 0.000000, 
27.159589, 0.000000, 
27.941741, 0.000000, 
29.070691, 0.000000, 
29.827360, 0.000000, 
31.123481, 0.000000, 
32.216283, 0.000000, 
32.959067, 0.000000, 
33.939088, 0.000000, 
35.030083, 0.000000, 
36.134546, 0.000000, 
36.742489, 0.000000, 
37.712556, 0.000000, 
39.006216, 0.000000, 
39.735831, 0.000000, 
41.126203, 0.000000, 
41.826375, 0.000000, 
43.131288, 0.000000, 
44.232798, 0.000000, 
45.125181, 0.000000, 
46.226930, 0.000000, 
46.804601, 0.000000, 
47.933708, 0.000000, 
48.823499, 0.000000, 
49.957792, 0.000000, 
51.105332, 0.000000, 
51.981911, 0.000000, 
52.954807, 0.000000, 
54.054180, 0.000000, 
54.879685, 0.000000, 
56.023770, 0.000000, 
56.751511, 0.000000, 
57.983741, 0.000000, 
59.069648, 0.000000, 
59.702768, 0.000000, 
61.280979, 0.000000, 
61.939748, 0.000000, 
63.165800, 0.000000, 
64.174800, 0.000000, 
65.022424, 0.000000, 
66.191583, 0.000000, 
66.849421, 0.000000, 
68.253871, 0.000000, 
68.994680, 0.000000, 
69.734232, 0.000000, 
70.769941, 0.000000, 
71.805451, 0.000000, 
72.855550, 0.000000, 
74.193580, 0.000000, 
74.764333, 0.000000, 
76.212566, 0.000000, 
77.202551, 0.000000, 
78.232804, 0.000000, 
79.150694, 0.000000, 
80.223212, 0.000000, 
81.176588, 0.000000, 
81.802525, 0.000000, 
83.249652, 0.000000, 
84.297361, 0.000000, 
85.178356, 0.000000, 
85.940705, 0.000000, 
87.178880, 0.000000, 
88.298353, 0.000000, 
88.708056, 0.000000, 
90.077641, 0.000000, 
91.207730, 0.000000, 
91.886351, 0.000000, 
93.029251, 0.000000, 
94.059003, 0.000000, 
94.803912, 0.000000, 
95.922029, 0.000000, 
96.786530, 0.000000, 
97.818857, 0.000000, 
98.720561, 0.000000, 
99.771522, 0.000000, 
100.776680, 0.000000, 
101.730970, 0.000000, 
102.984422, 0.000000, 
104.238882, 0.000000, 
104.913567, 0.000000, 
105.834571, 0.000000, 
107.075116, 0.000000, 
107.751565, 0.000000, 
109.238180, 0.000000, 
110.281574, 0.000000, 
110.922704, 0.000000, 
111.723772, 0.000000, 
113.098848, 0.000000, 
113.938317, 0.000000, 
115.247575, 0.000000, 
115.775162, 0.000000, 
116.744308, 0.000000, 
117.978933, 0.000000, 
118.930732, 0.000000, 
120.189909, 0.000000, 
120.741542, 0.000000, 
121.769015, 0.000000, 
123.059123, 0.000000, 
124.064029, 0.000000, 
125.038739, 0.000000, 
125.838746, 0.000000, 
126.855309, 0.000000, 
127.939903, 0.000000, 
128.815560, 0.000000, 
130.000366, 0.000000, 
131.044298, 0.000000, 
131.823599, 0.000000, 
132.948323, 0.000000, 
134.128052, 0.000000, 
134.713634, 0.000000, 
135.726086, 0.000000, 
136.744232, 0.000000, 
138.092404, 0.000000, 
138.764305, 0.000000, 
140.214859, 0.000000, 
141.016523, 0.000000, 
142.036845, 0.000000, 
143.194501, 0.000000, 
143.794057, 0.000000, 
145.241360, 0.000000, 
146.261442, 0.000000, 
147.262727, 0.000000, 
148.086921, 0.000000, 
149.234745, 0.000000, 
149.915482, 0.000000, 
150.921678, 0.000000, 
151.997227, 0.000000, 
153.154338, 0.000000, 
154.198894, 0.000000, 
154.735817, 0.000000, 
155.957283, 0.000000, 
157.292039, 0.000000, 
157.869238, 0.000000, 
158.940605, 0.000000, 
159.821703, 0.000000, 
160.792622, 0.000000, 
162.088455, 0.000000, 
162.971938, 0.000000, 
163.973341, 0.000000, 
165.094746, 0.000000, 
165.745575, 0.000000, 
167.166450, 0.000000, 
167.988629, 0.000000, 
168.889939, 0.000000, 
169.820403, 0.000000, 
170.930766, 0.000000, 
172.158951, 0.000000, 
173.158336, 0.000000, 
173.703676, 0.000000, 
174.707516, 0.000000, 
175.832599, 0.000000, 
176.852520, 0.000000, 
177.858187, 0.000000, 
179.039865, 0.000000, 
179.916126, 0.000000, 
180.796654, 0.000000, 
182.237445, 0.000000, 
183.247502, 0.000000, 
183.899416, 0.000000, 
184.819303, 0.000000, 
185.776688, 0.000000, 
186.851850, 0.000000, 
188.206645, 0.000000, 
189.284506, 0.000000, 
190.041825, 0.000000, 
190.895506, 0.000000, 
192.193509, 0.000000, 
193.160736, 0.000000, 
193.869516, 0.000000, 
194.717672, 0.000000, 
196.293348, 0.000000, 
197.146262, 0.000000, 
197.960625, 0.000000, 
198.794918, 0.000000, 
