-0.104741, 0.000000, 
0.961394, 0.000000, 
2.137013, 0.000000, 
2.991141, 0.000000, 
3.909437, 0.000000, 
4.713711, 0.000000, 
5.721427, 0.000000, 
6.889681, 0.000000, 
7.930049, 0.000000, 
8.892065, 0.000000, 
9.966044, 0.000000, 
11.072748, 0.000000, 
11.980673, 0.000000, 
13.047862, 0.000000, 
13.787191, 0.000000, 
15.117578, 0.000000, 
16.029052, 0.000000, 
16.776978, 0.000000, 
18.046588, 0.000000, 
18.953864, 0.000000, 
20.069999, 0.000000, 
20.986054, 0.000000, 
21.915130, 0.000000, 
23.111387, 0.000000, 
24.211151, 0.000000, 
24.949857, 0.000000, 
25.824124, 0.000000, 
27.129564, 0.000000, 
28.007009, 0.000000, 
29.267369, 0.000000, 
29.726145, 0.000000, 
31.210823, 0.000000, 
32.278363, 0.000000, 
33.151072, 0.000000, 
33.742059, 0.000000, 
34.729715, 0.000000, 
36.118085, 0.000000, 
37.113235, 0.000000, 
37.917227, 0.000000, 
39.227215, 0.000000, 
39.869430, 0.000000, 
41.190750, 0.000000, 
41.826451, 0.000000, 
43.068036, 0.000000, 
44.127605, 0.000000, 
45.077501, 0.000000, 
45.740499, 0.000000, 
46.821231, 0.000000, 
48.020033, 0.000000, 
49.090505, 0.000000, 
49.748504, 0.000000, 
51.166377, 0.000000, 
52.093111, 0.000000, 
53.226658, 0.000000, 
54.197361, 0.000000, 
54.934587, 0.000000, 
56.112170, 0.000000, 
56.734571, 0.000000, 
58.208669, 0.000000, 
59.057867, 0.000000, 
60.217423, 0.000000, 
60.880271, 0.000000, 
61.774279, 0.000000, 
63.130683, 0.000000, 
64.175929, 0.000000, 
65.276721, 0.000000, 
65.925936, 0.000000, 
67.287107, 0.000000, 
67.881022, 0.000000, 
69.177128, 0.000000, 
70.074041, 0.000000, 
71.034130, 0.000000, 
71.796339, 0.000000, 
72.839405, 0.000000, 
74.228313, 0.000000, 
75.286881, 0.000000, 
76.004349, 0.000000, 
76.709992, 0.000000, 
77.797574, 0.000000, 
79.172231, 0.000000, 
80.050947, 0.000000, 
80.821410, 0.000000, 
82.016246, 0.000000, 
82.975804, 0.000000, 
83.724294, 0.000000, 
85.073569, 0.000000, 
86.111648, 0.000000, 
86.948537, 0.000000, 
87.950156, 0.000000, 
89.227965, 0.000000, 
90.109664, 0.000000, 
91.095365, 0.000000, 
92.006948, 0.000000, 
93.188665, 0.000000, 
93.937252, 0.000000, 
94.746151, 0.000000, 
96.101322, 0.000000, 
96.905592, 0.000000, 
98.296849, 0.000000, 
98.995540, 0.000000, 
99.854169, 0.000000, 
101.186383, 0.000000, 
101.849931, 0.000000, 
102.858371, 0.000000, 
103.919562, 0.000000, 
104.727327, 0.000000, 
106.072083, 0.000000, 
107.150117, 0.000000, 
108.225425, 0.000000, 
109.189752, 0.000000, 
110.265740, 0.000000, 
111.103407, 0.000000, 
111.909128, 0.000000, 
113.276566, 0.000000, 
113.961341, 0.000000, 
114.795983, 0.000000, 
116.228729, 0.000000, 
116.801378, 0.000000, 
117.840535, 0.000000, 
119.127442, 0.000000, 
120.096436, 0.000000, 
121.244746, 0.000000, 
121.963509, 0.000000, 
122.892715, 0.000000, 
123.841195, 0.000000, 
124.921061, 0.000000, 
126.259177, 0.000000, 
127.298174, 0.000000, 
128.031829, 0.000000, 
129.230915, 0.000000, 
129.721107, 0.000000, 
131.109685, 0.000000, 
131.723067, 0.000000, 
132.923721, 0.000000, 
133.751023, 0.000000, 
135.004949, 0.000000, 
135.819272, 0.000000, 
136.714380, 0.000000, 
138.040978, 0.000000, 
138.993129, 0.000000, 
140.074409, 0.000000, 
140.905025, 0.000000, 
141.956819, 0.000000, 
142.728291, 0.000000, 
143.976608, 0.000000, 
145.044942, 0.000000, 
145.811653, 0.000000, 
147.291994, 0.000000, 
148.009794, 0.000000, 
148.927725, 0.000000, 
149.863124, 0.000000, 
150.800025, 0.000000, 
151.896326, 0.000000, 
152.817001, 0.000000, 
154.043900, 0.000000, 
154.874986, 0.000000, 
155.829022, 0.000000, 
156.938327, 0.000000, 
157.829429, 0.000000, 
159.119788, 0.000000, 
159.880724, 0.000000, 
160.918832, 0.000000, 
162.277164, 0.000000, 
163.107756, 0.000000, 
164.070183, 0.000000, 
165.274323, 0.000000, 
166.157657, 0.000000, 
166.921756, 0.000000, 
168.090289, 0.000000, 
168.950091, 0.000000, 
170.256359, 0.000000, 
171.297423, 0.000000, 
172.146322, 0.000000, 
172.726806, 0.000000, 
173.771517, 0.000000, 
174.724708, 0.000000, 
176.229121, 0.000000, 
176.971264, 0.000000, 
177.909924, 0.000000, 
178.816617, 0.000000, 
180.109177, 0.000000, 
180.990854, 0.000000, 
182.206424, 0.000000, 
182.977660, 0.000000, 
184.047214, 0.000000, 
185.261349, 0.000000, 
185.980559, 0.000000, 
186.741661, 0.000000, 
188.187332, 0.000000, 
188.729449, 0.000000, 
189.941909, 0.000000, 
191.236605, 0.000000, 
191.714092, 0.000000, 
193.063021, 0.000000, 
194.126469, 0.000000, 
195.170264, 0.000000, 
195.724879, 0.000000, 
197.053820, 0.000000, 
197.829067, 0.000000, 
199.155721, 0.000000, 
