0.003055, 0.000000, 
0.932848, 0.000000, 
1.926384, 0.000000, 
3.006710, 0.000000, 
4.082880, 0.000000, 
5.032862, 0.000000, 
6.092952, 0.000000, 
6.903968, 0.000000, 
7.970354, 0.000000, 
9.019237, 0.000000, 
9.972348, 0.000000, 
11.057710, 0.000000, 
11.965892, 0.000000, 
12.968900, 0.000000, 
14.080922, 0.000000, 
15.056979, 0.000000, 
15.922039, 0.000000, 
17.091504, 0.000000, 
18.059973, 0.000000, 
18.931176, 0.000000, 
19.937314, 0.000000, 
20.948247, 0.000000, 
22.063400, 0.000000, 
22.905983, 0.000000, 
23.972566, 0.000000, 
24.924000, 0.000000, 
25.958867, 0.000000, 
27.012757, 0.000000, 
28.052682, 0.000000, 
28.913852, 0.000000, 
29.996466, 0.000000, 
31.050839, 0.000000, 
32.008216, 0.000000, 
33.054765, 0.000000, 
33.965964, 0.000000, 
35.095257, 0.000000, 
35.938366, 0.000000, 
37.027523, 0.000000, 
37.918539, 0.000000, 
38.993074, 0.000000, 
40.071998, 0.000000, 
41.092450, 0.000000, 
41.937297, 0.000000, 
42.902884, 0.000000, 
43.989347, 0.000000, 
45.004038, 0.000000, 
45.959656, 0.000000, 
46.969871, 0.000000, 
47.909608, 0.000000, 
49.006706, 0.000000, 
49.927715, 0.000000, 
51.096698, 0.000000, 
51.901614, 0.000000, 
53.020089, 0.000000, 
53.951611, 0.000000, 
55.040819, 0.000000, 
56.027881, 0.000000, 
57.040296, 0.000000, 
58.092560, 0.000000, 
58.943322, 0.000000, 
59.987613, 0.000000, 
61.060767, 0.000000, 
62.065099, 0.000000, 
62.983583, 0.000000, 
64.081374, 0.000000, 
64.945098, 0.000000, 
65.933175, 0.000000, 
67.057305, 0.000000, 
68.072825, 0.000000, 
68.975861, 0.000000, 
70.043980, 0.000000, 
71.092828, 0.000000, 
72.028836, 0.000000, 
73.098390, 0.000000, 
74.076679, 0.000000, 
75.028907, 0.000000, 
76.029339, 0.000000, 
77.030049, 0.000000, 
77.905521, 0.000000, 
79.055541, 0.000000, 
79.919739, 0.000000, 
81.066909, 0.000000, 
81.927041, 0.000000, 
82.995735, 0.000000, 
83.963764, 0.000000, 
85.042959, 0.000000, 
86.084152, 0.000000, 
86.964633, 0.000000, 
87.955023, 0.000000, 
88.943853, 0.000000, 
90.003745, 0.000000, 
91.048285, 0.000000, 
92.023892, 0.000000, 
92.962931, 0.000000, 
94.054012, 0.000000, 
95.070628, 0.000000, 
96.005443, 0.000000, 
96.902894, 0.000000, 
98.019743, 0.000000, 
99.057137, 0.000000, 
100.009350, 0.000000, 
100.937290, 0.000000, 
101.903056, 0.000000, 
103.039646, 0.000000, 
103.977590, 0.000000, 
104.967192, 0.000000, 
106.062781, 0.000000, 
106.965903, 0.000000, 
108.077603, 0.000000, 
109.053576, 0.000000, 
109.951015, 0.000000, 
111.037681, 0.000000, 
112.029306, 0.000000, 
112.931565, 0.000000, 
113.981607, 0.000000, 
114.958055, 0.000000, 
116.008633, 0.000000, 
116.951899, 0.000000, 
117.983033, 0.000000, 
118.956658, 0.000000, 
119.940426, 0.000000, 
120.935332, 0.000000, 
121.923761, 0.000000, 
122.959556, 0.000000, 
123.975362, 0.000000, 
124.951487, 0.000000, 
126.046112, 0.000000, 
127.019671, 0.000000, 
127.972456, 0.000000, 
129.096358, 0.000000, 
130.068357, 0.000000, 
130.951684, 0.000000, 
131.948096, 0.000000, 
133.075204, 0.000000, 
133.901876, 0.000000, 
134.996661, 0.000000, 
136.020935, 0.000000, 
137.040936, 0.000000, 
138.010899, 0.000000, 
139.085666, 0.000000, 
139.938760, 0.000000, 
140.931553, 0.000000, 
141.980569, 0.000000, 
142.988276, 0.000000, 
144.069333, 0.000000, 
144.964596, 0.000000, 
145.979145, 0.000000, 
146.999072, 0.000000, 
147.922653, 0.000000, 
148.930303, 0.000000, 
150.034759, 0.000000, 
151.065959, 0.000000, 
152.079249, 0.000000, 
152.943580, 0.000000, 
153.932939, 0.000000, 
155.022237, 0.000000, 
155.959779, 0.000000, 
156.978272, 0.000000, 
158.074762, 0.000000, 
159.008953, 0.000000, 
160.054133, 0.000000, 
161.023852, 0.000000, 
162.003698, 0.000000, 
162.952793, 0.000000, 
163.974468, 0.000000, 
164.936320, 0.000000, 
166.091038, 0.000000, 
166.992246, 0.000000, 
168.010177, 0.000000, 
168.944147, 0.000000, 
170.077722, 0.000000, 
171.083875, 0.000000, 
171.961846, 0.000000, 
173.040265, 0.000000, 
174.098964, 0.000000, 
174.957828, 0.000000, 
176.042416, 0.000000, 
177.061726, 0.000000, 
178.030655, 0.000000, 
179.098312, 0.000000, 
179.945648, 0.000000, 
180.947408, 0.000000, 
182.037614, 0.000000, 
183.087296, 0.000000, 
184.082807, 0.000000, 
185.058767, 0.000000, 
186.033420, 0.000000, 
186.975063, 0.000000, 
187.953166, 0.000000, 
188.970255, 0.000000, 
190.065026, 0.000000, 
191.062867, 0.000000, 
192.055538, 0.000000, 
193.037776, 0.000000, 
194.022948, 0.000000, 
194.953436, 0.000000, 
196.045028, 0.000000, 
197.091411, 0.000000, 
197.932161, 0.000000, 
199.055196, 0.000000, 
