-0.371491, 0.000000, 
0.780314, 0.000000, 
1.921139, 0.000000, 
3.080302, 0.000000, 
3.924986, 0.000000, 
4.968693, 0.000000, 
6.297737, 0.000000, 
7.101160, 0.000000, 
7.950718, 0.000000, 
8.610218, 0.000000, 
10.257708, 0.000000, 
10.806503, 0.000000, 
11.673721, 0.000000, 
13.055501, 0.000000, 
14.141718, 0.000000, 
14.724847, 0.000000, 
16.359267, 0.000000, 
16.700573, 0.000000, 
17.651992, 0.000000, 
18.801102, 0.000000, 
20.263697, 0.000000, 
21.167076, 0.000000, 
21.912415, 0.000000, 
22.965916, 0.000000, 
24.142288, 0.000000, 
24.786798, 0.000000, 
25.823923, 0.000000, 
27.100435, 0.000000, 
27.793672, 0.000000, 
28.862502, 0.000000, 
30.199147, 0.000000, 
31.095440, 0.000000, 
31.706838, 0.000000, 
33.171658, 0.000000, 
34.320435, 0.000000, 
35.300458, 0.000000, 
36.139835, 0.000000, 
37.347273, 0.000000, 
37.918689, 0.000000, 
38.749135, 0.000000, 
40.136714, 0.000000, 
40.821226, 0.000000, 
42.041433, 0.000000, 
43.322773, 0.000000, 
43.660916, 0.000000, 
45.380667, 0.000000, 
46.090594, 0.000000, 
47.224845, 0.000000, 
47.728483, 0.000000, 
49.002560, 0.000000, 
50.257401, 0.000000, 
50.668039, 0.000000, 
51.994223, 0.000000, 
53.211762, 0.000000, 
54.034751, 0.000000, 
54.811441, 0.000000, 
55.626926, 0.000000, 
56.766281, 0.000000, 
57.623385, 0.000000, 
58.852847, 0.000000, 
59.679603, 0.000000, 
61.004485, 0.000000, 
62.231705, 0.000000, 
63.135256, 0.000000, 
64.144463, 0.000000, 
64.826527, 0.000000, 
66.072118, 0.000000, 
67.146295, 0.000000, 
68.357926, 0.000000, 
69.244801, 0.000000, 
69.942770, 0.000000, 
71.274118, 0.000000, 
71.855629, 0.000000, 
73.128944, 0.000000, 
74.194444, 0.000000, 
74.875506, 0.000000, 
75.668866, 0.000000, 
76.825445, 0.000000, 
78.220631, 0.000000, 
78.605846, 0.000000, 
80.142695, 0.000000, 
80.951636, 0.000000, 
81.718556, 0.000000, 
83.293353, 0.000000, 
84.379704, 0.000000, 
84.774627, 0.000000, 
85.968341, 0.000000, 
87.197376, 0.000000, 
88.036922, 0.000000, 
88.920143, 0.000000, 
90.242128, 0.000000, 
90.918289, 0.000000, 
92.349714, 0.000000, 
93.189977, 0.000000, 
94.299055, 0.000000, 
95.051369, 0.000000, 
96.336540, 0.000000, 
96.702835, 0.000000, 
98.177594, 0.000000, 
98.667330, 0.000000, 
99.787061, 0.000000, 
101.133925, 0.000000, 
101.761413, 0.000000, 
102.671913, 0.000000, 
103.919347, 0.000000, 
104.741104, 0.000000, 
105.941016, 0.000000, 
107.332683, 0.000000, 
107.924350, 0.000000, 
108.881984, 0.000000, 
110.318175, 0.000000, 
110.960053, 0.000000, 
111.722981, 0.000000, 
113.064620, 0.000000, 
114.092034, 0.000000, 
115.316087, 0.000000, 
116.139291, 0.000000, 
117.163846, 0.000000, 
118.307874, 0.000000, 
119.210980, 0.000000, 
119.627532, 0.000000, 
121.376231, 0.000000, 
121.874412, 0.000000, 
123.323252, 0.000000, 
123.931937, 0.000000, 
125.241274, 0.000000, 
126.155800, 0.000000, 
126.686666, 0.000000, 
127.928859, 0.000000, 
129.007150, 0.000000, 
129.908962, 0.000000, 
131.284667, 0.000000, 
131.709617, 0.000000, 
132.787126, 0.000000, 
133.701482, 0.000000, 
135.031120, 0.000000, 
136.237926, 0.000000, 
136.715356, 0.000000, 
138.285824, 0.000000, 
139.094007, 0.000000, 
139.938045, 0.000000, 
140.799313, 0.000000, 
141.968894, 0.000000, 
142.694514, 0.000000, 
143.993209, 0.000000, 
144.765503, 0.000000, 
146.311592, 0.000000, 
146.712943, 0.000000, 
147.862506, 0.000000, 
149.004160, 0.000000, 
150.228757, 0.000000, 
150.600483, 0.000000, 
152.000890, 0.000000, 
152.779684, 0.000000, 
154.358822, 0.000000, 
155.261239, 0.000000, 
155.975923, 0.000000, 
156.682126, 0.000000, 
158.285767, 0.000000, 
158.900233, 0.000000, 
159.789364, 0.000000, 
160.925676, 0.000000, 
161.720147, 0.000000, 
162.809823, 0.000000, 
163.922915, 0.000000, 
165.332009, 0.000000, 
166.028390, 0.000000, 
167.342386, 0.000000, 
167.810999, 0.000000, 
168.800060, 0.000000, 
170.300673, 0.000000, 
170.827635, 0.000000, 
172.156431, 0.000000, 
172.915066, 0.000000, 
173.672242, 0.000000, 
175.016830, 0.000000, 
175.959397, 0.000000, 
177.338076, 0.000000, 
178.119335, 0.000000, 
178.956390, 0.000000, 
180.203804, 0.000000, 
181.078707, 0.000000, 
181.651625, 0.000000, 
182.949180, 0.000000, 
184.109673, 0.000000, 
185.287286, 0.000000, 
186.211760, 0.000000, 
186.929747, 0.000000, 
188.320224, 0.000000, 
188.688339, 0.000000, 
190.135106, 0.000000, 
191.324799, 0.000000, 
192.344034, 0.000000, 
192.841871, 0.000000, 
194.138450, 0.000000, 
194.757341, 0.000000, 
196.182939, 0.000000, 
196.600284, 0.000000, 
198.132696, 0.000000, 
199.004934, 0.000000, 
