0.053909, 0.000000, 
0.818518, 0.000000, 
1.843246, 0.000000, 
2.892586, 0.000000, 
3.863112, 0.000000, 
5.077898, 0.000000, 
6.063175, 0.000000, 
6.909839, 0.000000, 
8.178532, 0.000000, 
8.819145, 0.000000, 
10.044088, 0.000000, 
10.888554, 0.000000, 
12.161852, 0.000000, 
12.855288, 0.000000, 
14.009033, 0.000000, 
14.931622, 0.000000, 
16.178875, 0.000000, 
16.952429, 0.000000, 
17.852858, 0.000000, 
19.019983, 0.000000, 
20.074221, 0.000000, 
21.173870, 0.000000, 
21.955444, 0.000000, 
23.100483, 0.000000, 
24.012624, 0.000000, 
24.903609, 0.000000, 
25.909683, 0.000000, 
26.814703, 0.000000, 
28.037875, 0.000000, 
29.001000, 0.000000, 
30.022243, 0.000000, 
31.164122, 0.000000, 
31.861949, 0.000000, 
32.969668, 0.000000, 
33.854281, 0.000000, 
35.029431, 0.000000, 
35.919505, 0.000000, 
37.060578, 0.000000, 
37.967909, 0.000000, 
39.085153, 0.000000, 
40.099671, 0.000000, 
40.802453, 0.000000, 
42.043458, 0.000000, 
43.094970, 0.000000, 
43.948033, 0.000000, 
44.821982, 0.000000, 
46.095684, 0.000000, 
47.167191, 0.000000, 
47.949954, 0.000000, 
49.060629, 0.000000, 
49.837451, 0.000000, 
51.171799, 0.000000, 
51.999701, 0.000000, 
53.000881, 0.000000, 
53.992323, 0.000000, 
54.833652, 0.000000, 
56.020754, 0.000000, 
57.017556, 0.000000, 
57.987928, 0.000000, 
59.186991, 0.000000, 
60.042712, 0.000000, 
61.005027, 0.000000, 
61.857828, 0.000000, 
63.178807, 0.000000, 
64.082098, 0.000000, 
64.814364, 0.000000, 
65.988842, 0.000000, 
66.827986, 0.000000, 
68.199657, 0.000000, 
69.166671, 0.000000, 
70.138530, 0.000000, 
70.905064, 0.000000, 
72.039599, 0.000000, 
73.146342, 0.000000, 
73.943469, 0.000000, 
74.874121, 0.000000, 
75.822619, 0.000000, 
77.081716, 0.000000, 
78.035264, 0.000000, 
78.877501, 0.000000, 
80.198701, 0.000000, 
81.062131, 0.000000, 
82.117304, 0.000000, 
83.020506, 0.000000, 
84.083496, 0.000000, 
85.149203, 0.000000, 
85.857687, 0.000000, 
86.814127, 0.000000, 
87.843371, 0.000000, 
89.046845, 0.000000, 
89.859282, 0.000000, 
90.992571, 0.000000, 
91.910368, 0.000000, 
92.814081, 0.000000, 
93.926047, 0.000000, 
95.184310, 0.000000, 
96.043280, 0.000000, 
96.896551, 0.000000, 
98.013136, 0.000000, 
98.888802, 0.000000, 
99.893414, 0.000000, 
100.869453, 0.000000, 
101.946573, 0.000000, 
103.043648, 0.000000, 
103.971571, 0.000000, 
104.883782, 0.000000, 
105.995354, 0.000000, 
107.057800, 0.000000, 
108.185572, 0.000000, 
108.864631, 0.000000, 
109.994963, 0.000000, 
111.006068, 0.000000, 
112.010953, 0.000000, 
113.125410, 0.000000, 
114.198042, 0.000000, 
114.895043, 0.000000, 
116.053195, 0.000000, 
116.899672, 0.000000, 
118.070102, 0.000000, 
119.009452, 0.000000, 
120.176495, 0.000000, 
121.090996, 0.000000, 
122.040823, 0.000000, 
123.199315, 0.000000, 
124.119912, 0.000000, 
125.047680, 0.000000, 
125.850812, 0.000000, 
126.947419, 0.000000, 
128.182385, 0.000000, 
128.989077, 0.000000, 
129.820706, 0.000000, 
131.138361, 0.000000, 
131.923671, 0.000000, 
133.186420, 0.000000, 
133.971271, 0.000000, 
135.049859, 0.000000, 
136.181812, 0.000000, 
136.944721, 0.000000, 
137.880763, 0.000000, 
139.067142, 0.000000, 
139.917011, 0.000000, 
140.925768, 0.000000, 
142.043312, 0.000000, 
143.095080, 0.000000, 
143.989748, 0.000000, 
145.149796, 0.000000, 
145.852553, 0.000000, 
146.919538, 0.000000, 
148.000701, 0.000000, 
148.839743, 0.000000, 
150.138540, 0.000000, 
151.158513, 0.000000, 
151.863655, 0.000000, 
153.190657, 0.000000, 
154.002878, 0.000000, 
155.167736, 0.000000, 
156.168493, 0.000000, 
156.950537, 0.000000, 
158.129567, 0.000000, 
159.176722, 0.000000, 
159.981412, 0.000000, 
161.185134, 0.000000, 
162.185542, 0.000000, 
162.820940, 0.000000, 
164.183020, 0.000000, 
164.956327, 0.000000, 
166.016819, 0.000000, 
166.940483, 0.000000, 
167.817755, 0.000000, 
169.103445, 0.000000, 
170.086935, 0.000000, 
171.025365, 0.000000, 
172.192114, 0.000000, 
173.154206, 0.000000, 
173.846958, 0.000000, 
174.950428, 0.000000, 
176.052010, 0.000000, 
177.056493, 0.000000, 
178.007087, 0.000000, 
178.925001, 0.000000, 
179.826127, 0.000000, 
180.817694, 0.000000, 
182.054823, 0.000000, 
182.931483, 0.000000, 
183.985416, 0.000000, 
185.180304, 0.000000, 
185.843694, 0.000000, 
186.953271, 0.000000, 
187.828765, 0.000000, 
188.805484, 0.000000, 
190.196438, 0.000000, 
191.180951, 0.000000, 
191.823950, 0.000000, 
193.135968, 0.000000, 
194.065249, 0.000000, 
194.947140, 0.000000, 
196.194334, 0.000000, 
196.992379, 0.000000, 
198.124162, 0.000000, 
198.942056, 0.000000, 
