0.097393, 0.000000, 
1.082688, 0.000000, 
1.934673, 0.000000, 
2.993139, 0.000000, 
3.803202, 0.000000, 
4.832634, 0.000000, 
5.968287, 0.000000, 
6.850633, 0.000000, 
8.049837, 0.000000, 
9.057441, 0.000000, 
10.087893, 0.000000, 
10.998951, 0.000000, 
11.959345, 0.000000, 
13.173595, 0.000000, 
14.007339, 0.000000, 
15.119465, 0.000000, 
16.172396, 0.000000, 
17.192730, 0.000000, 
18.173854, 0.000000, 
19.004489, 0.000000, 
20.022088, 0.000000, 
21.154178, 0.000000, 
22.189632, 0.000000, 
23.050908, 0.000000, 
23.929641, 0.000000, 
24.915408, 0.000000, 
26.023688, 0.000000, 
26.976537, 0.000000, 
28.058577, 0.000000, 
28.816905, 0.000000, 
29.944249, 0.000000, 
31.191631, 0.000000, 
32.161762, 0.000000, 
32.996669, 0.000000, 
34.053821, 0.000000, 
35.163780, 0.000000, 
35.968904, 0.000000, 
36.940173, 0.000000, 
37.819493, 0.000000, 
39.113725, 0.000000, 
39.925495, 0.000000, 
41.093960, 0.000000, 
41.894747, 0.000000, 
42.822270, 0.000000, 
44.104347, 0.000000, 
44.976949, 0.000000, 
46.042448, 0.000000, 
47.173291, 0.000000, 
48.145305, 0.000000, 
49.055984, 0.000000, 
49.938910, 0.000000, 
50.994958, 0.000000, 
51.837165, 0.000000, 
53.172180, 0.000000, 
53.967527, 0.000000, 
54.812207, 0.000000, 
56.044329, 0.000000, 
56.825563, 0.000000, 
57.901263, 0.000000, 
59.097854, 0.000000, 
59.908846, 0.000000, 
61.128952, 0.000000, 
61.847300, 0.000000, 
63.025940, 0.000000, 
64.014790, 0.000000, 
65.030369, 0.000000, 
65.860793, 0.000000, 
66.840544, 0.000000, 
68.175659, 0.000000, 
68.810962, 0.000000, 
70.049488, 0.000000, 
70.922112, 0.000000, 
72.130692, 0.000000, 
73.197257, 0.000000, 
73.885086, 0.000000, 
74.952764, 0.000000, 
76.159109, 0.000000, 
77.150531, 0.000000, 
77.907631, 0.000000, 
78.962649, 0.000000, 
79.960839, 0.000000, 
80.849665, 0.000000, 
82.043777, 0.000000, 
83.064010, 0.000000, 
83.877361, 0.000000, 
85.106705, 0.000000, 
86.009615, 0.000000, 
86.903761, 0.000000, 
87.901594, 0.000000, 
89.026649, 0.000000, 
89.867560, 0.000000, 
91.042394, 0.000000, 
91.832475, 0.000000, 
93.190224, 0.000000, 
93.947664, 0.000000, 
94.955255, 0.000000, 
96.005102, 0.000000, 
97.190847, 0.000000, 
98.142075, 0.000000, 
98.950996, 0.000000, 
99.978082, 0.000000, 
101.039236, 0.000000, 
102.175150, 0.000000, 
103.137791, 0.000000, 
104.070327, 0.000000, 
104.949623, 0.000000, 
105.852061, 0.000000, 
107.172039, 0.000000, 
108.006548, 0.000000, 
109.057619, 0.000000, 
110.100948, 0.000000, 
110.822809, 0.000000, 
111.884214, 0.000000, 
112.917891, 0.000000, 
114.064782, 0.000000, 
115.050402, 0.000000, 
115.848410, 0.000000, 
116.847711, 0.000000, 
118.030849, 0.000000, 
118.827034, 0.000000, 
119.952328, 0.000000, 
121.125709, 0.000000, 
121.852895, 0.000000, 
122.960777, 0.000000, 
124.187309, 0.000000, 
124.960284, 0.000000, 
126.000730, 0.000000, 
126.900769, 0.000000, 
128.122200, 0.000000, 
129.105020, 0.000000, 
130.131546, 0.000000, 
130.992422, 0.000000, 
132.060668, 0.000000, 
133.043812, 0.000000, 
133.903215, 0.000000, 
135.182975, 0.000000, 
136.087510, 0.000000, 
136.866226, 0.000000, 
137.892046, 0.000000, 
139.051861, 0.000000, 
140.189403, 0.000000, 
140.970301, 0.000000, 
141.886838, 0.000000, 
142.904945, 0.000000, 
143.949347, 0.000000, 
144.887324, 0.000000, 
146.085226, 0.000000, 
147.073767, 0.000000, 
147.861984, 0.000000, 
148.972362, 0.000000, 
149.912158, 0.000000, 
151.197015, 0.000000, 
151.929303, 0.000000, 
153.090526, 0.000000, 
154.077545, 0.000000, 
154.881079, 0.000000, 
156.118603, 0.000000, 
157.140994, 0.000000, 
157.848810, 0.000000, 
159.199794, 0.000000, 
159.928692, 0.000000, 
160.868303, 0.000000, 
162.125121, 0.000000, 
162.914332, 0.000000, 
163.925578, 0.000000, 
165.174114, 0.000000, 
165.927609, 0.000000, 
166.864653, 0.000000, 
168.041291, 0.000000, 
168.870904, 0.000000, 
169.823513, 0.000000, 
170.883420, 0.000000, 
171.938992, 0.000000, 
173.143114, 0.000000, 
174.068983, 0.000000, 
175.198194, 0.000000, 
176.141935, 0.000000, 
176.937043, 0.000000, 
177.917559, 0.000000, 
178.894945, 0.000000, 
180.006025, 0.000000, 
181.083410, 0.000000, 
181.859042, 0.000000, 
183.042390, 0.000000, 
183.894571, 0.000000, 
184.844077, 0.000000, 
185.955718, 0.000000, 
186.860592, 0.000000, 
187.806980, 0.000000, 
188.984610, 0.000000, 
189.978224, 0.000000, 
190.891342, 0.000000, 
192.092716, 0.000000, 
192.950847, 0.000000, 
193.997320, 0.000000, 
194.825374, 0.000000, 
196.050018, 0.000000, 
196.848557, 0.000000, 
198.094976, 0.000000, 
198.834559, 0.000000, 
