0.072886, 0.000000, 
1.015133, 0.000000, 
1.934551, 0.000000, 
2.958989, 0.000000, 
3.953219, 0.000000, 
5.076879, 0.000000, 
6.000200, 0.000000, 
6.958439, 0.000000, 
8.069393, 0.000000, 
9.008540, 0.000000, 
9.921907, 0.000000, 
11.011889, 0.000000, 
12.098453, 0.000000, 
13.051107, 0.000000, 
14.051270, 0.000000, 
15.012969, 0.000000, 
16.098205, 0.000000, 
16.955802, 0.000000, 
17.906413, 0.000000, 
18.999986, 0.000000, 
19.908903, 0.000000, 
21.095510, 0.000000, 
21.924010, 0.000000, 
22.938603, 0.000000, 
24.013185, 0.000000, 
24.958724, 0.000000, 
26.054738, 0.000000, 
26.933846, 0.000000, 
27.907424, 0.000000, 
28.986706, 0.000000, 
30.074835, 0.000000, 
30.908185, 0.000000, 
31.925253, 0.000000, 
32.900674, 0.000000, 
33.938205, 0.000000, 
35.091875, 0.000000, 
36.022477, 0.000000, 
36.950026, 0.000000, 
37.951181, 0.000000, 
39.093330, 0.000000, 
40.073573, 0.000000, 
41.030685, 0.000000, 
42.091891, 0.000000, 
43.032876, 0.000000, 
43.919750, 0.000000, 
45.087959, 0.000000, 
46.089827, 0.000000, 
47.014855, 0.000000, 
47.980929, 0.000000, 
49.062361, 0.000000, 
49.985232, 0.000000, 
51.025767, 0.000000, 
51.911233, 0.000000, 
52.944804, 0.000000, 
53.964161, 0.000000, 
54.941834, 0.000000, 
55.984533, 0.000000, 
57.095135, 0.000000, 
58.075810, 0.000000, 
58.969687, 0.000000, 
59.999076, 0.000000, 
60.975909, 0.000000, 
62.047998, 0.000000, 
62.920879, 0.000000, 
64.026880, 0.000000, 
64.979799, 0.000000, 
66.042297, 0.000000, 
67.055953, 0.000000, 
67.952491, 0.000000, 
69.041030, 0.000000, 
69.913839, 0.000000, 
70.970586, 0.000000, 
71.926034, 0.000000, 
73.029956, 0.000000, 
73.985089, 0.000000, 
75.075007, 0.000000, 
75.960478, 0.000000, 
76.941072, 0.000000, 
78.065859, 0.000000, 
79.036671, 0.000000, 
80.023243, 0.000000, 
81.027948, 0.000000, 
82.084876, 0.000000, 
83.065976, 0.000000, 
84.080717, 0.000000, 
85.099883, 0.000000, 
85.946243, 0.000000, 
87.083419, 0.000000, 
87.950753, 0.000000, 
88.921472, 0.000000, 
89.910496, 0.000000, 
90.950993, 0.000000, 
92.007050, 0.000000, 
92.912814, 0.000000, 
94.097489, 0.000000, 
95.033717, 0.000000, 
96.060323, 0.000000, 
97.037903, 0.000000, 
97.971915, 0.000000, 
98.962325, 0.000000, 
99.992634, 0.000000, 
101.057075, 0.000000, 
101.982180, 0.000000, 
102.914588, 0.000000, 
104.091110, 0.000000, 
105.043338, 0.000000, 
105.926018, 0.000000, 
106.985151, 0.000000, 
107.988126, 0.000000, 
108.925742, 0.000000, 
109.904660, 0.000000, 
110.976570, 0.000000, 
112.021329, 0.000000, 
113.039351, 0.000000, 
113.995755, 0.000000, 
115.008298, 0.000000, 
115.949158, 0.000000, 
116.909161, 0.000000, 
117.995085, 0.000000, 
118.951094, 0.000000, 
120.089358, 0.000000, 
121.055568, 0.000000, 
121.921794, 0.000000, 
122.919566, 0.000000, 
124.026833, 0.000000, 
124.931890, 0.000000, 
126.071062, 0.000000, 
126.912480, 0.000000, 
128.056528, 0.000000, 
129.070236, 0.000000, 
130.019040, 0.000000, 
131.080509, 0.000000, 
132.024312, 0.000000, 
133.078749, 0.000000, 
134.088507, 0.000000, 
135.044013, 0.000000, 
136.081079, 0.000000, 
136.932250, 0.000000, 
137.957955, 0.000000, 
138.948102, 0.000000, 
139.913389, 0.000000, 
140.966816, 0.000000, 
142.005185, 0.000000, 
142.986441, 0.000000, 
144.057568, 0.000000, 
145.011593, 0.000000, 
146.032470, 0.000000, 
147.071487, 0.000000, 
147.922722, 0.000000, 
148.996313, 0.000000, 
150.054024, 0.000000, 
151.052550, 0.000000, 
151.968567, 0.000000, 
152.987518, 0.000000, 
154.017254, 0.000000, 
154.973243, 0.000000, 
155.901786, 0.000000, 
156.916794, 0.000000, 
157.991171, 0.000000, 
158.958403, 0.000000, 
160.000600, 0.000000, 
160.902643, 0.000000, 
162.064065, 0.000000, 
163.026701, 0.000000, 
163.953130, 0.000000, 
165.017761, 0.000000, 
166.037263, 0.000000, 
167.099697, 0.000000, 
168.085594, 0.000000, 
169.060374, 0.000000, 
169.981792, 0.000000, 
170.940981, 0.000000, 
172.050681, 0.000000, 
172.951218, 0.000000, 
173.948018, 0.000000, 
174.920200, 0.000000, 
175.990234, 0.000000, 
177.069100, 0.000000, 
178.060252, 0.000000, 
179.000431, 0.000000, 
180.031319, 0.000000, 
180.958355, 0.000000, 
181.927903, 0.000000, 
183.071180, 0.000000, 
184.000198, 0.000000, 
185.094455, 0.000000, 
185.991005, 0.000000, 
187.005442, 0.000000, 
188.008357, 0.000000, 
188.947587, 0.000000, 
189.997699, 0.000000, 
190.979785, 0.000000, 
191.949980, 0.000000, 
192.973865, 0.000000, 
194.011509, 0.000000, 
194.912986, 0.000000, 
195.969401, 0.000000, 
197.038483, 0.000000, 
197.914298, 0.000000, 
199.037164, 0.000000, 
