-0.074452, 0.000000, 
1.245471, 0.000000, 
2.194238, 0.000000, 
3.242094, 0.000000, 
3.835533, 0.000000, 
5.190428, 0.000000, 
6.076447, 0.000000, 
7.003164, 0.000000, 
7.719708, 0.000000, 
9.284227, 0.000000, 
10.248103, 0.000000, 
11.245234, 0.000000, 
12.031246, 0.000000, 
12.717939, 0.000000, 
14.263889, 0.000000, 
15.165850, 0.000000, 
15.843752, 0.000000, 
17.010014, 0.000000, 
18.136435, 0.000000, 
19.130538, 0.000000, 
20.107261, 0.000000, 
21.260492, 0.000000, 
21.774486, 0.000000, 
23.222725, 0.000000, 
24.050753, 0.000000, 
24.945750, 0.000000, 
25.826582, 0.000000, 
27.122453, 0.000000, 
28.126570, 0.000000, 
28.873290, 0.000000, 
29.712494, 0.000000, 
30.899420, 0.000000, 
31.981197, 0.000000, 
33.251242, 0.000000, 
33.952487, 0.000000, 
34.867936, 0.000000, 
35.932334, 0.000000, 
36.784092, 0.000000, 
37.713913, 0.000000, 
38.740923, 0.000000, 
40.217992, 0.000000, 
40.810205, 0.000000, 
41.739625, 0.000000, 
42.941320, 0.000000, 
44.206376, 0.000000, 
45.137090, 0.000000, 
46.000327, 0.000000, 
46.961160, 0.000000, 
48.217771, 0.000000, 
49.195903, 0.000000, 
50.174902, 0.000000, 
50.808952, 0.000000, 
52.217434, 0.000000, 
53.230252, 0.000000, 
53.912759, 0.000000, 
55.192086, 0.000000, 
56.270458, 0.000000, 
57.232719, 0.000000, 
57.935575, 0.000000, 
59.193055, 0.000000, 
60.100406, 0.000000, 
60.925459, 0.000000, 
61.898143, 0.000000, 
62.744341, 0.000000, 
63.755755, 0.000000, 
64.796166, 0.000000, 
65.734236, 0.000000, 
66.961091, 0.000000, 
67.734227, 0.000000, 
69.109925, 0.000000, 
70.127399, 0.000000, 
71.257634, 0.000000, 
71.895028, 0.000000, 
73.128851, 0.000000, 
73.881858, 0.000000, 
74.981861, 0.000000, 
76.127240, 0.000000, 
76.836081, 0.000000, 
77.802069, 0.000000, 
79.166299, 0.000000, 
80.218381, 0.000000, 
81.029439, 0.000000, 
82.212509, 0.000000, 
83.104639, 0.000000, 
83.943223, 0.000000, 
84.898380, 0.000000, 
85.870559, 0.000000, 
86.704611, 0.000000, 
88.179499, 0.000000, 
89.113564, 0.000000, 
90.293559, 0.000000, 
90.918454, 0.000000, 
92.233872, 0.000000, 
93.071195, 0.000000, 
93.918539, 0.000000, 
95.118317, 0.000000, 
95.887252, 0.000000, 
97.140237, 0.000000, 
98.099377, 0.000000, 
98.895048, 0.000000, 
99.703498, 0.000000, 
100.750499, 0.000000, 
102.165459, 0.000000, 
102.959432, 0.000000, 
104.028261, 0.000000, 
105.094299, 0.000000, 
106.177480, 0.000000, 
106.776351, 0.000000, 
107.994970, 0.000000, 
109.152425, 0.000000, 
109.841310, 0.000000, 
110.863023, 0.000000, 
112.295185, 0.000000, 
113.063174, 0.000000, 
113.805043, 0.000000, 
115.125760, 0.000000, 
115.934108, 0.000000, 
116.720383, 0.000000, 
117.801836, 0.000000, 
119.215447, 0.000000, 
119.744559, 0.000000, 
121.194983, 0.000000, 
121.860816, 0.000000, 
123.152102, 0.000000, 
124.143878, 0.000000, 
125.150894, 0.000000, 
125.810740, 0.000000, 
127.232855, 0.000000, 
128.200178, 0.000000, 
128.771186, 0.000000, 
130.164659, 0.000000, 
131.199350, 0.000000, 
132.203220, 0.000000, 
132.709490, 0.000000, 
133.973808, 0.000000, 
134.863227, 0.000000, 
135.945694, 0.000000, 
136.807811, 0.000000, 
138.280778, 0.000000, 
138.876014, 0.000000, 
140.235911, 0.000000, 
141.190323, 0.000000, 
141.802984, 0.000000, 
143.157067, 0.000000, 
143.897813, 0.000000, 
145.127386, 0.000000, 
146.230313, 0.000000, 
146.830479, 0.000000, 
147.802408, 0.000000, 
149.226542, 0.000000, 
150.247479, 0.000000, 
150.824309, 0.000000, 
152.235138, 0.000000, 
152.785221, 0.000000, 
153.909269, 0.000000, 
154.966239, 0.000000, 
156.211461, 0.000000, 
157.265839, 0.000000, 
158.133455, 0.000000, 
159.161003, 0.000000, 
159.790600, 0.000000, 
160.944168, 0.000000, 
161.865198, 0.000000, 
162.745072, 0.000000, 
164.257202, 0.000000, 
164.922821, 0.000000, 
166.121447, 0.000000, 
167.106012, 0.000000, 
168.292275, 0.000000, 
168.863702, 0.000000, 
169.917713, 0.000000, 
171.190903, 0.000000, 
172.059154, 0.000000, 
172.961781, 0.000000, 
173.863398, 0.000000, 
175.135475, 0.000000, 
175.906952, 0.000000, 
176.793547, 0.000000, 
178.006787, 0.000000, 
179.052250, 0.000000, 
179.931336, 0.000000, 
180.893897, 0.000000, 
182.071067, 0.000000, 
183.070695, 0.000000, 
184.119776, 0.000000, 
185.262803, 0.000000, 
185.839395, 0.000000, 
187.099861, 0.000000, 
187.848783, 0.000000, 
188.805585, 0.000000, 
189.762924, 0.000000, 
190.986146, 0.000000, 
191.725439, 0.000000, 
193.249653, 0.000000, 
194.175574, 0.000000, 
195.217945, 0.000000, 
196.114820, 0.000000, 
197.093866, 0.000000, 
198.014579, 0.000000, 
199.288162, 0.000000, 
