0.015770, 0.000000, 
0.743244, 0.000000, 
1.593958, 0.000000, 
2.884357, 0.000000, 
3.577874, 0.000000, 
5.091203, 0.000000, 
5.883590, 0.000000, 
6.672095, 0.000000, 
8.071930, 0.000000, 
8.616465, 0.000000, 
10.343495, 0.000000, 
10.578879, 0.000000, 
11.645316, 0.000000, 
12.758190, 0.000000, 
14.271737, 0.000000, 
15.320921, 0.000000, 
16.437322, 0.000000, 
17.261647, 0.000000, 
17.748361, 0.000000, 
18.634351, 0.000000, 
19.894084, 0.000000, 
20.772998, 0.000000, 
22.034132, 0.000000, 
23.399318, 0.000000, 
23.559355, 0.000000, 
24.675384, 0.000000, 
26.475990, 0.000000, 
27.366721, 0.000000, 
28.289029, 0.000000, 
29.479471, 0.000000, 
29.910718, 0.000000, 
31.470932, 0.000000, 
31.721780, 0.000000, 
32.833822, 0.000000, 
33.759238, 0.000000, 
35.024985, 0.000000, 
35.566753, 0.000000, 
37.357302, 0.000000, 
37.893445, 0.000000, 
38.967542, 0.000000, 
40.286177, 0.000000, 
40.809866, 0.000000, 
41.661314, 0.000000, 
42.841250, 0.000000, 
43.513983, 0.000000, 
44.781240, 0.000000, 
46.041543, 0.000000, 
46.564830, 0.000000, 
48.278241, 0.000000, 
48.750239, 0.000000, 
50.218215, 0.000000, 
50.737394, 0.000000, 
51.673304, 0.000000, 
52.978596, 0.000000, 
53.905236, 0.000000, 
54.683243, 0.000000, 
55.968886, 0.000000, 
56.936104, 0.000000, 
57.829283, 0.000000, 
58.811764, 0.000000, 
59.947872, 0.000000, 
60.666243, 0.000000, 
61.844666, 0.000000, 
62.806712, 0.000000, 
64.422437, 0.000000, 
65.326082, 0.000000, 
66.032820, 0.000000, 
67.273792, 0.000000, 
68.416029, 0.000000, 
68.540554, 0.000000, 
69.795046, 0.000000, 
71.484575, 0.000000, 
71.865625, 0.000000, 
72.966060, 0.000000, 
74.041878, 0.000000, 
74.733705, 0.000000, 
75.503700, 0.000000, 
76.679149, 0.000000, 
78.356620, 0.000000, 
78.917861, 0.000000, 
80.498714, 0.000000, 
80.784675, 0.000000, 
82.414631, 0.000000, 
83.406375, 0.000000, 
84.232390, 0.000000, 
85.407770, 0.000000, 
85.886590, 0.000000, 
87.419600, 0.000000, 
88.061011, 0.000000, 
88.579136, 0.000000, 
90.294236, 0.000000, 
91.307168, 0.000000, 
92.222055, 0.000000, 
93.073947, 0.000000, 
94.302304, 0.000000, 
95.188425, 0.000000, 
95.773354, 0.000000, 
97.300578, 0.000000, 
98.480842, 0.000000, 
99.119178, 0.000000, 
100.331050, 0.000000, 
100.501555, 0.000000, 
102.105241, 0.000000, 
103.257573, 0.000000, 
104.031937, 0.000000, 
104.557469, 0.000000, 
106.211869, 0.000000, 
107.056050, 0.000000, 
108.212806, 0.000000, 
109.286278, 0.000000, 
109.993053, 0.000000, 
111.185120, 0.000000, 
111.986476, 0.000000, 
113.214913, 0.000000, 
113.688277, 0.000000, 
115.333587, 0.000000, 
115.932396, 0.000000, 
117.272155, 0.000000, 
117.516820, 0.000000, 
119.265811, 0.000000, 
119.956808, 0.000000, 
120.703664, 0.000000, 
121.831614, 0.000000, 
122.674409, 0.000000, 
123.661138, 0.000000, 
124.788203, 0.000000, 
125.726077, 0.000000, 
127.099228, 0.000000, 
127.797742, 0.000000, 
129.182206, 0.000000, 
129.528459, 0.000000, 
130.811241, 0.000000, 
131.906184, 0.000000, 
132.905939, 0.000000, 
133.887585, 0.000000, 
135.039304, 0.000000, 
135.843543, 0.000000, 
137.223134, 0.000000, 
137.665360, 0.000000, 
139.281269, 0.000000, 
139.681222, 0.000000, 
141.232122, 0.000000, 
142.125007, 0.000000, 
142.978802, 0.000000, 
143.884115, 0.000000, 
144.537850, 0.000000, 
145.528274, 0.000000, 
147.316873, 0.000000, 
148.209490, 0.000000, 
149.493109, 0.000000, 
150.135495, 0.000000, 
150.637850, 0.000000, 
151.919202, 0.000000, 
153.090537, 0.000000, 
154.012042, 0.000000, 
154.884228, 0.000000, 
155.998286, 0.000000, 
157.270047, 0.000000, 
157.531436, 0.000000, 
159.132805, 0.000000, 
159.929230, 0.000000, 
160.754045, 0.000000, 
161.890550, 0.000000, 
163.044089, 0.000000, 
163.895767, 0.000000, 
164.589950, 0.000000, 
165.622870, 0.000000, 
167.103872, 0.000000, 
167.588399, 0.000000, 
168.788343, 0.000000, 
169.656042, 0.000000, 
170.837489, 0.000000, 
171.745544, 0.000000, 
173.282266, 0.000000, 
174.418981, 0.000000, 
175.254892, 0.000000, 
175.505518, 0.000000, 
176.595333, 0.000000, 
178.307190, 0.000000, 
178.585322, 0.000000, 
179.824839, 0.000000, 
180.746016, 0.000000, 
181.677659, 0.000000, 
182.584026, 0.000000, 
183.727499, 0.000000, 
184.817557, 0.000000, 
185.829182, 0.000000, 
186.885666, 0.000000, 
188.491034, 0.000000, 
188.853166, 0.000000, 
190.451850, 0.000000, 
190.779110, 0.000000, 
192.195856, 0.000000, 
192.584217, 0.000000, 
193.955749, 0.000000, 
194.965263, 0.000000, 
195.510209, 0.000000, 
196.871333, 0.000000, 
198.366050, 0.000000, 
199.354026, 0.000000, 
