-0.174923, 0.000000, 
0.737524, 0.000000, 
2.193581, 0.000000, 
3.159486, 0.000000, 
4.138211, 0.000000, 
4.807818, 0.000000, 
6.279015, 0.000000, 
7.136640, 0.000000, 
8.182168, 0.000000, 
8.980647, 0.000000, 
9.784802, 0.000000, 
10.776097, 0.000000, 
12.261760, 0.000000, 
13.168456, 0.000000, 
13.767750, 0.000000, 
15.255349, 0.000000, 
16.192064, 0.000000, 
17.001594, 0.000000, 
17.702918, 0.000000, 
18.792148, 0.000000, 
20.265580, 0.000000, 
21.027110, 0.000000, 
22.024430, 0.000000, 
23.241621, 0.000000, 
24.089806, 0.000000, 
24.851239, 0.000000, 
25.971642, 0.000000, 
27.259757, 0.000000, 
28.138671, 0.000000, 
29.161033, 0.000000, 
30.134085, 0.000000, 
30.804947, 0.000000, 
32.132996, 0.000000, 
32.800324, 0.000000, 
33.709251, 0.000000, 
34.959853, 0.000000, 
35.787738, 0.000000, 
36.766381, 0.000000, 
37.723698, 0.000000, 
38.828323, 0.000000, 
39.793461, 0.000000, 
41.058238, 0.000000, 
42.230440, 0.000000, 
43.177029, 0.000000, 
43.743004, 0.000000, 
45.222971, 0.000000, 
46.118300, 0.000000, 
47.059561, 0.000000, 
47.958529, 0.000000, 
48.960710, 0.000000, 
49.949117, 0.000000, 
50.835747, 0.000000, 
51.959932, 0.000000, 
52.790637, 0.000000, 
54.204007, 0.000000, 
54.884841, 0.000000, 
55.963371, 0.000000, 
57.021204, 0.000000, 
57.727945, 0.000000, 
59.156218, 0.000000, 
59.768328, 0.000000, 
60.734296, 0.000000, 
62.116473, 0.000000, 
62.957068, 0.000000, 
64.193038, 0.000000, 
64.953130, 0.000000, 
65.858370, 0.000000, 
67.147766, 0.000000, 
67.871300, 0.000000, 
68.725454, 0.000000, 
69.828900, 0.000000, 
71.103341, 0.000000, 
71.856776, 0.000000, 
73.003644, 0.000000, 
73.900708, 0.000000, 
74.786904, 0.000000, 
76.062567, 0.000000, 
77.022650, 0.000000, 
78.036217, 0.000000, 
79.237380, 0.000000, 
80.293675, 0.000000, 
81.183185, 0.000000, 
81.733408, 0.000000, 
83.008287, 0.000000, 
83.823144, 0.000000, 
84.826256, 0.000000, 
86.126304, 0.000000, 
87.137321, 0.000000, 
88.193174, 0.000000, 
89.190430, 0.000000, 
89.853447, 0.000000, 
91.127006, 0.000000, 
91.843652, 0.000000, 
92.838327, 0.000000, 
94.043674, 0.000000, 
94.991972, 0.000000, 
96.052990, 0.000000, 
97.000377, 0.000000, 
97.782012, 0.000000, 
99.221179, 0.000000, 
99.793861, 0.000000, 
100.866483, 0.000000, 
101.986933, 0.000000, 
102.722805, 0.000000, 
103.823623, 0.000000, 
105.057449, 0.000000, 
106.109962, 0.000000, 
107.269771, 0.000000, 
108.136095, 0.000000, 
109.131992, 0.000000, 
109.764756, 0.000000, 
111.133481, 0.000000, 
111.901196, 0.000000, 
113.083635, 0.000000, 
113.814451, 0.000000, 
115.023990, 0.000000, 
115.955098, 0.000000, 
117.125539, 0.000000, 
118.177418, 0.000000, 
118.703186, 0.000000, 
119.808586, 0.000000, 
121.194318, 0.000000, 
122.042956, 0.000000, 
123.071158, 0.000000, 
124.299046, 0.000000, 
124.881614, 0.000000, 
126.065465, 0.000000, 
127.017659, 0.000000, 
128.120891, 0.000000, 
129.013533, 0.000000, 
129.864479, 0.000000, 
130.935356, 0.000000, 
132.288144, 0.000000, 
132.864629, 0.000000, 
134.124435, 0.000000, 
135.154904, 0.000000, 
135.836037, 0.000000, 
136.856047, 0.000000, 
137.926633, 0.000000, 
139.201320, 0.000000, 
140.017981, 0.000000, 
140.859431, 0.000000, 
142.043891, 0.000000, 
142.811428, 0.000000, 
143.779363, 0.000000, 
144.797445, 0.000000, 
146.047503, 0.000000, 
146.974329, 0.000000, 
147.727946, 0.000000, 
149.204123, 0.000000, 
149.843445, 0.000000, 
150.854306, 0.000000, 
151.765185, 0.000000, 
153.260262, 0.000000, 
153.959776, 0.000000, 
154.758379, 0.000000, 
155.823188, 0.000000, 
156.921382, 0.000000, 
157.833135, 0.000000, 
158.894922, 0.000000, 
159.802707, 0.000000, 
161.293422, 0.000000, 
161.799382, 0.000000, 
162.715265, 0.000000, 
163.739282, 0.000000, 
164.846549, 0.000000, 
166.236743, 0.000000, 
167.062959, 0.000000, 
168.214675, 0.000000, 
168.791945, 0.000000, 
169.723177, 0.000000, 
171.209640, 0.000000, 
172.069814, 0.000000, 
173.057690, 0.000000, 
174.093524, 0.000000, 
175.049956, 0.000000, 
176.277503, 0.000000, 
177.190941, 0.000000, 
178.092006, 0.000000, 
179.220732, 0.000000, 
179.890342, 0.000000, 
181.042463, 0.000000, 
182.157499, 0.000000, 
182.705907, 0.000000, 
184.072870, 0.000000, 
185.055755, 0.000000, 
186.199593, 0.000000, 
187.154397, 0.000000, 
188.152103, 0.000000, 
188.919661, 0.000000, 
189.891456, 0.000000, 
190.872667, 0.000000, 
191.965185, 0.000000, 
193.272409, 0.000000, 
193.973310, 0.000000, 
195.044733, 0.000000, 
196.123003, 0.000000, 
196.828081, 0.000000, 
197.757673, 0.000000, 
198.783707, 0.000000, 
