0.033632, 0.000000, 
1.349563, 0.000000, 
2.110792, 0.000000, 
2.757601, 0.000000, 
3.708155, 0.000000, 
4.714215, 0.000000, 
5.934114, 0.000000, 
7.199348, 0.000000, 
7.819194, 0.000000, 
8.903413, 0.000000, 
10.360001, 0.000000, 
10.728183, 0.000000, 
11.839019, 0.000000, 
13.114576, 0.000000, 
13.944056, 0.000000, 
14.924327, 0.000000, 
16.196095, 0.000000, 
16.878519, 0.000000, 
17.933042, 0.000000, 
18.981682, 0.000000, 
19.964723, 0.000000, 
20.757281, 0.000000, 
21.951102, 0.000000, 
22.699958, 0.000000, 
23.717309, 0.000000, 
25.094382, 0.000000, 
26.191521, 0.000000, 
26.643176, 0.000000, 
28.314477, 0.000000, 
28.857579, 0.000000, 
29.711674, 0.000000, 
31.259248, 0.000000, 
32.052255, 0.000000, 
32.918105, 0.000000, 
34.139762, 0.000000, 
34.616136, 0.000000, 
36.219456, 0.000000, 
37.394803, 0.000000, 
37.996617, 0.000000, 
38.985863, 0.000000, 
40.217074, 0.000000, 
41.062638, 0.000000, 
42.069538, 0.000000, 
43.079943, 0.000000, 
44.223107, 0.000000, 
45.011149, 0.000000, 
46.147081, 0.000000, 
46.768053, 0.000000, 
48.392829, 0.000000, 
48.788196, 0.000000, 
50.358887, 0.000000, 
51.271211, 0.000000, 
52.052537, 0.000000, 
52.899672, 0.000000, 
53.613298, 0.000000, 
54.942880, 0.000000, 
55.735508, 0.000000, 
56.867188, 0.000000, 
58.093169, 0.000000, 
59.293675, 0.000000, 
59.603663, 0.000000, 
61.317857, 0.000000, 
62.173534, 0.000000, 
62.821738, 0.000000, 
64.237551, 0.000000, 
65.162192, 0.000000, 
65.996790, 0.000000, 
67.230237, 0.000000, 
68.158623, 0.000000, 
68.915792, 0.000000, 
69.791868, 0.000000, 
70.606757, 0.000000, 
72.349952, 0.000000, 
72.950734, 0.000000, 
73.726213, 0.000000, 
74.806342, 0.000000, 
76.042995, 0.000000, 
76.908459, 0.000000, 
77.859407, 0.000000, 
78.966071, 0.000000, 
79.615124, 0.000000, 
80.656155, 0.000000, 
81.756489, 0.000000, 
83.310312, 0.000000, 
84.182633, 0.000000, 
84.641147, 0.000000, 
85.954002, 0.000000, 
87.172039, 0.000000, 
87.625923, 0.000000, 
88.617269, 0.000000, 
90.187501, 0.000000, 
90.673864, 0.000000, 
92.355908, 0.000000, 
93.113028, 0.000000, 
94.192157, 0.000000, 
94.601213, 0.000000, 
95.671341, 0.000000, 
96.788279, 0.000000, 
97.923310, 0.000000, 
98.652163, 0.000000, 
99.639357, 0.000000, 
100.652813, 0.000000, 
102.244914, 0.000000, 
102.613096, 0.000000, 
103.659597, 0.000000, 
105.023805, 0.000000, 
105.748081, 0.000000, 
106.720301, 0.000000, 
108.315727, 0.000000, 
109.108865, 0.000000, 
109.885535, 0.000000, 
110.819536, 0.000000, 
111.855229, 0.000000, 
112.850936, 0.000000, 
114.102324, 0.000000, 
114.761045, 0.000000, 
115.983445, 0.000000, 
117.121054, 0.000000, 
118.102381, 0.000000, 
119.096155, 0.000000, 
120.274351, 0.000000, 
121.155206, 0.000000, 
121.789570, 0.000000, 
123.208051, 0.000000, 
123.707730, 0.000000, 
124.811407, 0.000000, 
125.891608, 0.000000, 
126.997703, 0.000000, 
128.075806, 0.000000, 
128.713228, 0.000000, 
130.210649, 0.000000, 
130.753575, 0.000000, 
132.289221, 0.000000, 
133.103591, 0.000000, 
134.379374, 0.000000, 
135.188105, 0.000000, 
135.909302, 0.000000, 
136.958519, 0.000000, 
137.764825, 0.000000, 
138.732603, 0.000000, 
139.895436, 0.000000, 
140.851717, 0.000000, 
142.088193, 0.000000, 
142.892604, 0.000000, 
144.264611, 0.000000, 
144.656167, 0.000000, 
146.278975, 0.000000, 
146.931240, 0.000000, 
147.675353, 0.000000, 
149.030486, 0.000000, 
149.703559, 0.000000, 
150.675904, 0.000000, 
151.964206, 0.000000, 
153.114716, 0.000000, 
154.288643, 0.000000, 
154.827850, 0.000000, 
155.905945, 0.000000, 
156.909082, 0.000000, 
157.909334, 0.000000, 
159.237972, 0.000000, 
159.612917, 0.000000, 
160.959215, 0.000000, 
162.175640, 0.000000, 
162.991118, 0.000000, 
163.748985, 0.000000, 
164.604056, 0.000000, 
165.766112, 0.000000, 
166.606409, 0.000000, 
167.960249, 0.000000, 
169.118953, 0.000000, 
170.264350, 0.000000, 
170.614640, 0.000000, 
172.363211, 0.000000, 
173.005509, 0.000000, 
173.654173, 0.000000, 
175.396866, 0.000000, 
176.372941, 0.000000, 
176.707399, 0.000000, 
178.024991, 0.000000, 
179.236235, 0.000000, 
179.858715, 0.000000, 
181.048471, 0.000000, 
181.627752, 0.000000, 
182.837420, 0.000000, 
184.014602, 0.000000, 
184.883712, 0.000000, 
185.825820, 0.000000, 
186.858160, 0.000000, 
187.697502, 0.000000, 
189.164344, 0.000000, 
189.917668, 0.000000, 
191.125847, 0.000000, 
191.856382, 0.000000, 
192.802239, 0.000000, 
194.252452, 0.000000, 
195.327798, 0.000000, 
195.943835, 0.000000, 
197.132432, 0.000000, 
197.819840, 0.000000, 
199.061078, 0.000000, 
