-0.006824, 0.000000, 
0.767399, 0.000000, 
1.755323, 0.000000, 
2.848453, 0.000000, 
4.037532, 0.000000, 
4.928050, 0.000000, 
6.122270, 0.000000, 
7.189979, 0.000000, 
7.890117, 0.000000, 
9.269064, 0.000000, 
10.066876, 0.000000, 
10.985468, 0.000000, 
12.235026, 0.000000, 
12.875766, 0.000000, 
13.724129, 0.000000, 
15.063569, 0.000000, 
15.972669, 0.000000, 
17.236685, 0.000000, 
18.284591, 0.000000, 
19.039375, 0.000000, 
20.262417, 0.000000, 
20.863068, 0.000000, 
22.278409, 0.000000, 
23.278732, 0.000000, 
23.747157, 0.000000, 
25.208927, 0.000000, 
26.085085, 0.000000, 
26.829788, 0.000000, 
27.857135, 0.000000, 
28.924889, 0.000000, 
30.268770, 0.000000, 
30.937686, 0.000000, 
31.972381, 0.000000, 
32.736276, 0.000000, 
34.176764, 0.000000, 
34.856795, 0.000000, 
35.795404, 0.000000, 
37.184603, 0.000000, 
37.981100, 0.000000, 
39.204648, 0.000000, 
39.911581, 0.000000, 
40.782411, 0.000000, 
42.271059, 0.000000, 
43.123707, 0.000000, 
44.024946, 0.000000, 
45.078113, 0.000000, 
45.945497, 0.000000, 
46.780170, 0.000000, 
47.933098, 0.000000, 
49.191707, 0.000000, 
49.958589, 0.000000, 
50.821844, 0.000000, 
52.074764, 0.000000, 
52.893797, 0.000000, 
53.777579, 0.000000, 
55.093824, 0.000000, 
55.725683, 0.000000, 
56.711995, 0.000000, 
58.021571, 0.000000, 
58.972575, 0.000000, 
60.120195, 0.000000, 
61.242926, 0.000000, 
61.963274, 0.000000, 
63.175952, 0.000000, 
64.172251, 0.000000, 
65.205435, 0.000000, 
65.722280, 0.000000, 
67.131229, 0.000000, 
68.098807, 0.000000, 
69.177090, 0.000000, 
70.104089, 0.000000, 
70.921352, 0.000000, 
72.269629, 0.000000, 
73.092002, 0.000000, 
73.968661, 0.000000, 
75.133960, 0.000000, 
76.215863, 0.000000, 
77.258128, 0.000000, 
78.222850, 0.000000, 
78.850624, 0.000000, 
80.250675, 0.000000, 
81.182813, 0.000000, 
81.916971, 0.000000, 
82.853218, 0.000000, 
84.178228, 0.000000, 
84.754295, 0.000000, 
85.739370, 0.000000, 
86.766671, 0.000000, 
88.158117, 0.000000, 
89.277727, 0.000000, 
90.122915, 0.000000, 
91.042040, 0.000000, 
91.985009, 0.000000, 
92.869972, 0.000000, 
94.280388, 0.000000, 
94.976698, 0.000000, 
96.183102, 0.000000, 
96.767964, 0.000000, 
97.939051, 0.000000, 
99.138455, 0.000000, 
100.239589, 0.000000, 
101.032977, 0.000000, 
101.862074, 0.000000, 
102.922832, 0.000000, 
104.174786, 0.000000, 
104.751837, 0.000000, 
106.293507, 0.000000, 
106.741176, 0.000000, 
108.151286, 0.000000, 
109.125007, 0.000000, 
109.796986, 0.000000, 
110.907884, 0.000000, 
111.821670, 0.000000, 
112.980604, 0.000000, 
113.813096, 0.000000, 
114.889849, 0.000000, 
116.099161, 0.000000, 
116.880644, 0.000000, 
118.295608, 0.000000, 
118.998738, 0.000000, 
119.716348, 0.000000, 
120.797922, 0.000000, 
121.751414, 0.000000, 
122.754800, 0.000000, 
124.022821, 0.000000, 
125.007666, 0.000000, 
126.137987, 0.000000, 
126.733830, 0.000000, 
128.182301, 0.000000, 
129.129655, 0.000000, 
130.150722, 0.000000, 
130.749890, 0.000000, 
131.709409, 0.000000, 
132.929693, 0.000000, 
133.717776, 0.000000, 
134.884915, 0.000000, 
135.966897, 0.000000, 
136.957121, 0.000000, 
138.058665, 0.000000, 
139.148307, 0.000000, 
140.134522, 0.000000, 
140.729867, 0.000000, 
142.197671, 0.000000, 
143.207883, 0.000000, 
143.937898, 0.000000, 
144.852956, 0.000000, 
145.987953, 0.000000, 
147.178894, 0.000000, 
148.118418, 0.000000, 
148.979091, 0.000000, 
150.144602, 0.000000, 
150.888761, 0.000000, 
151.907870, 0.000000, 
153.231747, 0.000000, 
153.801011, 0.000000, 
155.238591, 0.000000, 
156.047068, 0.000000, 
157.134891, 0.000000, 
158.020075, 0.000000, 
159.059802, 0.000000, 
159.915590, 0.000000, 
160.864227, 0.000000, 
161.760428, 0.000000, 
162.999989, 0.000000, 
163.794581, 0.000000, 
165.147309, 0.000000, 
166.151395, 0.000000, 
167.027638, 0.000000, 
167.777838, 0.000000, 
169.093765, 0.000000, 
170.202394, 0.000000, 
170.863130, 0.000000, 
172.093686, 0.000000, 
173.266328, 0.000000, 
173.761413, 0.000000, 
175.229509, 0.000000, 
175.855890, 0.000000, 
176.978973, 0.000000, 
177.728720, 0.000000, 
178.784995, 0.000000, 
180.154022, 0.000000, 
181.277420, 0.000000, 
181.972345, 0.000000, 
182.720106, 0.000000, 
184.143841, 0.000000, 
184.897757, 0.000000, 
186.082087, 0.000000, 
187.064573, 0.000000, 
188.190543, 0.000000, 
189.047277, 0.000000, 
189.863901, 0.000000, 
191.190628, 0.000000, 
191.938076, 0.000000, 
193.112555, 0.000000, 
193.903451, 0.000000, 
194.916177, 0.000000, 
196.147502, 0.000000, 
197.250497, 0.000000, 
198.017752, 0.000000, 
199.073629, 0.000000, 
