0.068958, 0.000000, 
0.815586, 0.000000, 
2.041993, 0.000000, 
2.815226, 0.000000, 
3.827245, 0.000000, 
4.986992, 0.000000, 
6.144536, 0.000000, 
7.092664, 0.000000, 
7.979245, 0.000000, 
8.942874, 0.000000, 
9.888119, 0.000000, 
11.112131, 0.000000, 
12.099651, 0.000000, 
13.120069, 0.000000, 
13.978877, 0.000000, 
14.865214, 0.000000, 
15.992716, 0.000000, 
16.968235, 0.000000, 
18.076553, 0.000000, 
19.069098, 0.000000, 
19.901277, 0.000000, 
21.182144, 0.000000, 
22.112997, 0.000000, 
22.858032, 0.000000, 
24.154448, 0.000000, 
25.063759, 0.000000, 
26.094803, 0.000000, 
26.919241, 0.000000, 
28.061910, 0.000000, 
29.171980, 0.000000, 
29.983290, 0.000000, 
30.937753, 0.000000, 
31.906929, 0.000000, 
33.153072, 0.000000, 
34.186573, 0.000000, 
34.899676, 0.000000, 
36.104242, 0.000000, 
37.120493, 0.000000, 
38.007940, 0.000000, 
39.062125, 0.000000, 
40.053590, 0.000000, 
40.832882, 0.000000, 
42.004656, 0.000000, 
42.861020, 0.000000, 
44.161817, 0.000000, 
45.012399, 0.000000, 
45.917545, 0.000000, 
46.899534, 0.000000, 
47.944155, 0.000000, 
48.977691, 0.000000, 
50.146489, 0.000000, 
51.162267, 0.000000, 
51.806296, 0.000000, 
52.892955, 0.000000, 
54.162292, 0.000000, 
55.124550, 0.000000, 
56.183282, 0.000000, 
57.006051, 0.000000, 
58.058116, 0.000000, 
59.182980, 0.000000, 
59.825030, 0.000000, 
61.157445, 0.000000, 
61.979389, 0.000000, 
62.891805, 0.000000, 
63.869636, 0.000000, 
65.119863, 0.000000, 
65.820420, 0.000000, 
66.905941, 0.000000, 
68.077033, 0.000000, 
68.895092, 0.000000, 
70.177619, 0.000000, 
70.817756, 0.000000, 
71.807628, 0.000000, 
73.173499, 0.000000, 
74.036179, 0.000000, 
75.067760, 0.000000, 
76.121275, 0.000000, 
76.982750, 0.000000, 
78.086931, 0.000000, 
78.894480, 0.000000, 
79.959319, 0.000000, 
80.905934, 0.000000, 
82.151187, 0.000000, 
83.071150, 0.000000, 
84.007750, 0.000000, 
84.879425, 0.000000, 
86.156640, 0.000000, 
87.125681, 0.000000, 
88.093296, 0.000000, 
89.086127, 0.000000, 
89.827975, 0.000000, 
90.990219, 0.000000, 
92.013162, 0.000000, 
93.169154, 0.000000, 
93.916492, 0.000000, 
94.927160, 0.000000, 
95.956603, 0.000000, 
97.179345, 0.000000, 
97.803132, 0.000000, 
98.849933, 0.000000, 
100.066828, 0.000000, 
101.178340, 0.000000, 
101.816209, 0.000000, 
103.011736, 0.000000, 
104.078104, 0.000000, 
105.009342, 0.000000, 
106.055380, 0.000000, 
107.162279, 0.000000, 
108.050320, 0.000000, 
109.070432, 0.000000, 
110.135447, 0.000000, 
111.011989, 0.000000, 
112.148658, 0.000000, 
112.876435, 0.000000, 
113.830943, 0.000000, 
114.860108, 0.000000, 
115.872522, 0.000000, 
116.987641, 0.000000, 
118.038910, 0.000000, 
119.151297, 0.000000, 
119.812295, 0.000000, 
120.827740, 0.000000, 
121.922604, 0.000000, 
123.064082, 0.000000, 
124.157574, 0.000000, 
125.025703, 0.000000, 
126.045204, 0.000000, 
126.818888, 0.000000, 
128.139001, 0.000000, 
128.906360, 0.000000, 
129.963813, 0.000000, 
131.057262, 0.000000, 
132.140218, 0.000000, 
132.847559, 0.000000, 
134.153617, 0.000000, 
135.156748, 0.000000, 
135.877840, 0.000000, 
136.874373, 0.000000, 
137.937443, 0.000000, 
139.172352, 0.000000, 
139.917644, 0.000000, 
140.907429, 0.000000, 
141.985991, 0.000000, 
143.065462, 0.000000, 
144.014570, 0.000000, 
145.017026, 0.000000, 
146.126354, 0.000000, 
146.938314, 0.000000, 
147.947224, 0.000000, 
149.043552, 0.000000, 
150.176546, 0.000000, 
151.005601, 0.000000, 
151.908267, 0.000000, 
153.074650, 0.000000, 
153.982922, 0.000000, 
154.945280, 0.000000, 
156.018801, 0.000000, 
157.094826, 0.000000, 
158.105612, 0.000000, 
159.103991, 0.000000, 
159.985666, 0.000000, 
160.873429, 0.000000, 
162.186353, 0.000000, 
162.868148, 0.000000, 
164.146034, 0.000000, 
164.934444, 0.000000, 
166.127175, 0.000000, 
166.998492, 0.000000, 
168.100289, 0.000000, 
169.110320, 0.000000, 
169.837081, 0.000000, 
171.080655, 0.000000, 
171.980118, 0.000000, 
172.979104, 0.000000, 
173.991357, 0.000000, 
174.976643, 0.000000, 
176.185621, 0.000000, 
177.166259, 0.000000, 
178.095086, 0.000000, 
179.180850, 0.000000, 
180.144272, 0.000000, 
180.868838, 0.000000, 
181.991860, 0.000000, 
183.045655, 0.000000, 
183.846719, 0.000000, 
184.981323, 0.000000, 
185.949988, 0.000000, 
187.052747, 0.000000, 
187.898034, 0.000000, 
189.017152, 0.000000, 
190.025954, 0.000000, 
191.059510, 0.000000, 
192.110567, 0.000000, 
192.888994, 0.000000, 
193.890054, 0.000000, 
194.938574, 0.000000, 
196.127679, 0.000000, 
196.982381, 0.000000, 
198.198043, 0.000000, 
198.844727, 0.000000, 
