-0.021979, 0.000000, 
0.919706, 0.000000, 
2.093856, 0.000000, 
3.158563, 0.000000, 
3.826730, 0.000000, 
4.973510, 0.000000, 
6.100068, 0.000000, 
7.063480, 0.000000, 
7.985456, 0.000000, 
9.020724, 0.000000, 
10.143954, 0.000000, 
11.190140, 0.000000, 
11.817389, 0.000000, 
13.048546, 0.000000, 
13.998892, 0.000000, 
15.035766, 0.000000, 
16.149768, 0.000000, 
16.845080, 0.000000, 
18.191736, 0.000000, 
18.923855, 0.000000, 
20.181185, 0.000000, 
21.153627, 0.000000, 
22.128302, 0.000000, 
22.876435, 0.000000, 
24.093291, 0.000000, 
24.903756, 0.000000, 
26.163289, 0.000000, 
27.127310, 0.000000, 
28.198157, 0.000000, 
28.944314, 0.000000, 
30.084551, 0.000000, 
31.174088, 0.000000, 
31.939980, 0.000000, 
32.868193, 0.000000, 
33.876663, 0.000000, 
34.924428, 0.000000, 
35.829768, 0.000000, 
37.032834, 0.000000, 
37.973843, 0.000000, 
39.006773, 0.000000, 
40.056088, 0.000000, 
40.877628, 0.000000, 
42.011590, 0.000000, 
42.905476, 0.000000, 
44.063013, 0.000000, 
44.979283, 0.000000, 
46.186120, 0.000000, 
46.973066, 0.000000, 
48.126801, 0.000000, 
49.013464, 0.000000, 
50.154241, 0.000000, 
51.057964, 0.000000, 
52.086636, 0.000000, 
53.122656, 0.000000, 
54.171495, 0.000000, 
55.075435, 0.000000, 
55.846550, 0.000000, 
56.854368, 0.000000, 
58.015321, 0.000000, 
58.942839, 0.000000, 
60.042305, 0.000000, 
60.995492, 0.000000, 
61.939059, 0.000000, 
63.142330, 0.000000, 
63.937506, 0.000000, 
64.839480, 0.000000, 
66.093793, 0.000000, 
66.868069, 0.000000, 
67.831831, 0.000000, 
68.867803, 0.000000, 
70.054887, 0.000000, 
70.881319, 0.000000, 
71.842547, 0.000000, 
73.007686, 0.000000, 
74.063809, 0.000000, 
74.873851, 0.000000, 
76.101699, 0.000000, 
77.142318, 0.000000, 
77.887801, 0.000000, 
79.059296, 0.000000, 
79.968491, 0.000000, 
80.859789, 0.000000, 
82.046950, 0.000000, 
82.868436, 0.000000, 
84.174718, 0.000000, 
85.086342, 0.000000, 
85.985917, 0.000000, 
87.015364, 0.000000, 
88.139614, 0.000000, 
88.814609, 0.000000, 
90.026432, 0.000000, 
90.810287, 0.000000, 
92.179605, 0.000000, 
93.033155, 0.000000, 
93.960086, 0.000000, 
95.042686, 0.000000, 
95.815686, 0.000000, 
97.044929, 0.000000, 
98.004477, 0.000000, 
98.877199, 0.000000, 
99.919349, 0.000000, 
101.125198, 0.000000, 
102.159908, 0.000000, 
103.097673, 0.000000, 
103.961883, 0.000000, 
104.992615, 0.000000, 
106.132212, 0.000000, 
107.072443, 0.000000, 
107.825329, 0.000000, 
108.838955, 0.000000, 
110.045687, 0.000000, 
111.031237, 0.000000, 
111.978632, 0.000000, 
112.982917, 0.000000, 
114.037145, 0.000000, 
114.858302, 0.000000, 
115.977161, 0.000000, 
116.868827, 0.000000, 
117.961187, 0.000000, 
119.141294, 0.000000, 
119.992293, 0.000000, 
120.803946, 0.000000, 
121.940716, 0.000000, 
123.136596, 0.000000, 
123.945490, 0.000000, 
124.944011, 0.000000, 
125.926708, 0.000000, 
127.146305, 0.000000, 
128.003737, 0.000000, 
128.820416, 0.000000, 
129.823000, 0.000000, 
130.904523, 0.000000, 
131.918493, 0.000000, 
133.117708, 0.000000, 
133.974062, 0.000000, 
135.128981, 0.000000, 
136.078415, 0.000000, 
137.023755, 0.000000, 
138.041436, 0.000000, 
138.898227, 0.000000, 
139.841349, 0.000000, 
141.056558, 0.000000, 
141.814294, 0.000000, 
143.074927, 0.000000, 
144.133604, 0.000000, 
145.093056, 0.000000, 
146.028641, 0.000000, 
146.991398, 0.000000, 
147.854011, 0.000000, 
149.083343, 0.000000, 
149.839518, 0.000000, 
150.831332, 0.000000, 
151.995876, 0.000000, 
153.103703, 0.000000, 
153.961441, 0.000000, 
154.966392, 0.000000, 
156.074528, 0.000000, 
156.813173, 0.000000, 
157.844895, 0.000000, 
158.976218, 0.000000, 
160.100106, 0.000000, 
160.935737, 0.000000, 
162.095329, 0.000000, 
162.986896, 0.000000, 
164.080555, 0.000000, 
164.959809, 0.000000, 
165.821603, 0.000000, 
167.098927, 0.000000, 
167.873137, 0.000000, 
169.124295, 0.000000, 
170.115064, 0.000000, 
170.865053, 0.000000, 
172.055881, 0.000000, 
172.910860, 0.000000, 
173.973985, 0.000000, 
175.086731, 0.000000, 
175.884665, 0.000000, 
177.041949, 0.000000, 
178.122865, 0.000000, 
179.047102, 0.000000, 
179.939461, 0.000000, 
180.987172, 0.000000, 
182.058500, 0.000000, 
183.119540, 0.000000, 
183.827532, 0.000000, 
184.862470, 0.000000, 
186.191936, 0.000000, 
187.109269, 0.000000, 
188.067820, 0.000000, 
189.064118, 0.000000, 
190.187996, 0.000000, 
191.092660, 0.000000, 
191.891329, 0.000000, 
193.019511, 0.000000, 
194.100848, 0.000000, 
194.967799, 0.000000, 
196.149948, 0.000000, 
197.035385, 0.000000, 
197.943299, 0.000000, 
199.118118, 0.000000, 
