0.191219, 0.000000, 
0.953121, 0.000000, 
1.678320, 0.000000, 
2.705227, 0.000000, 
3.811839, 0.000000, 
5.232339, 0.000000, 
6.177587, 0.000000, 
6.710884, 0.000000, 
8.023685, 0.000000, 
8.875577, 0.000000, 
9.935327, 0.000000, 
11.318135, 0.000000, 
12.060032, 0.000000, 
13.207495, 0.000000, 
13.674196, 0.000000, 
14.667214, 0.000000, 
15.750694, 0.000000, 
16.876826, 0.000000, 
17.696129, 0.000000, 
19.136941, 0.000000, 
19.687127, 0.000000, 
20.802211, 0.000000, 
22.050125, 0.000000, 
22.998446, 0.000000, 
23.782524, 0.000000, 
24.923493, 0.000000, 
25.854695, 0.000000, 
27.146652, 0.000000, 
28.311280, 0.000000, 
28.899172, 0.000000, 
29.684373, 0.000000, 
30.804693, 0.000000, 
31.753709, 0.000000, 
33.316157, 0.000000, 
34.308704, 0.000000, 
34.836121, 0.000000, 
36.266432, 0.000000, 
36.854984, 0.000000, 
38.328828, 0.000000, 
39.168071, 0.000000, 
40.091211, 0.000000, 
40.913850, 0.000000, 
42.093881, 0.000000, 
42.822233, 0.000000, 
44.223782, 0.000000, 
45.363312, 0.000000, 
45.916427, 0.000000, 
46.668660, 0.000000, 
48.095215, 0.000000, 
49.278163, 0.000000, 
49.659604, 0.000000, 
50.834206, 0.000000, 
52.120509, 0.000000, 
52.925767, 0.000000, 
53.954562, 0.000000, 
54.629296, 0.000000, 
56.382326, 0.000000, 
57.285832, 0.000000, 
57.786812, 0.000000, 
59.092794, 0.000000, 
60.007505, 0.000000, 
61.349001, 0.000000, 
61.969489, 0.000000, 
62.609571, 0.000000, 
63.981323, 0.000000, 
64.862576, 0.000000, 
66.097608, 0.000000, 
67.282140, 0.000000, 
67.631240, 0.000000, 
68.659552, 0.000000, 
69.865761, 0.000000, 
71.396812, 0.000000, 
72.089612, 0.000000, 
72.997912, 0.000000, 
74.383064, 0.000000, 
74.626936, 0.000000, 
75.940118, 0.000000, 
77.239209, 0.000000, 
77.863789, 0.000000, 
79.072953, 0.000000, 
80.160254, 0.000000, 
80.974074, 0.000000, 
82.347815, 0.000000, 
83.042470, 0.000000, 
84.399058, 0.000000, 
84.689176, 0.000000, 
85.722471, 0.000000, 
87.384315, 0.000000, 
87.646723, 0.000000, 
88.813626, 0.000000, 
90.142659, 0.000000, 
90.801764, 0.000000, 
92.217283, 0.000000, 
93.394671, 0.000000, 
93.719775, 0.000000, 
95.100164, 0.000000, 
96.333502, 0.000000, 
96.703112, 0.000000, 
97.919046, 0.000000, 
98.877590, 0.000000, 
99.752625, 0.000000, 
101.199352, 0.000000, 
101.953789, 0.000000, 
103.169480, 0.000000, 
103.918839, 0.000000, 
104.825108, 0.000000, 
106.252620, 0.000000, 
107.344774, 0.000000, 
107.836432, 0.000000, 
108.693081, 0.000000, 
110.359974, 0.000000, 
110.878144, 0.000000, 
111.754979, 0.000000, 
112.654188, 0.000000, 
113.937475, 0.000000, 
115.359640, 0.000000, 
116.016208, 0.000000, 
117.393641, 0.000000, 
117.759733, 0.000000, 
118.852536, 0.000000, 
119.899115, 0.000000, 
120.936207, 0.000000, 
121.990200, 0.000000, 
123.378416, 0.000000, 
123.877561, 0.000000, 
124.688441, 0.000000, 
126.284944, 0.000000, 
126.906183, 0.000000, 
127.920353, 0.000000, 
128.614400, 0.000000, 
130.147802, 0.000000, 
130.666577, 0.000000, 
131.897035, 0.000000, 
133.315591, 0.000000, 
134.203127, 0.000000, 
134.741776, 0.000000, 
136.233497, 0.000000, 
136.744605, 0.000000, 
138.293553, 0.000000, 
139.279040, 0.000000, 
139.642201, 0.000000, 
140.711251, 0.000000, 
142.212037, 0.000000, 
143.228106, 0.000000, 
144.319121, 0.000000, 
144.720178, 0.000000, 
145.855636, 0.000000, 
147.253623, 0.000000, 
147.955339, 0.000000, 
149.158711, 0.000000, 
149.894342, 0.000000, 
150.690854, 0.000000, 
151.945201, 0.000000, 
152.644360, 0.000000, 
154.379603, 0.000000, 
154.686503, 0.000000, 
155.771815, 0.000000, 
157.061772, 0.000000, 
157.762428, 0.000000, 
158.684194, 0.000000, 
159.815860, 0.000000, 
160.963855, 0.000000, 
161.872574, 0.000000, 
163.169254, 0.000000, 
164.264425, 0.000000, 
165.371676, 0.000000, 
165.902287, 0.000000, 
167.242381, 0.000000, 
168.007562, 0.000000, 
169.244835, 0.000000, 
169.685971, 0.000000, 
170.920434, 0.000000, 
172.369529, 0.000000, 
172.947307, 0.000000, 
174.004126, 0.000000, 
174.898594, 0.000000, 
176.379488, 0.000000, 
176.855274, 0.000000, 
178.164032, 0.000000, 
178.625595, 0.000000, 
180.202726, 0.000000, 
180.955786, 0.000000, 
181.916141, 0.000000, 
182.981749, 0.000000, 
184.235267, 0.000000, 
184.803106, 0.000000, 
186.181982, 0.000000, 
186.635714, 0.000000, 
188.295651, 0.000000, 
188.830082, 0.000000, 
190.008672, 0.000000, 
191.262762, 0.000000, 
191.817692, 0.000000, 
193.247380, 0.000000, 
194.192106, 0.000000, 
195.248215, 0.000000, 
196.092125, 0.000000, 
196.985158, 0.000000, 
198.189865, 0.000000, 
198.981195, 0.000000, 
