-0.010738, 0.000000, 
0.921586, 0.000000, 
1.985866, 0.000000, 
2.905822, 0.000000, 
3.934105, 0.000000, 
5.073984, 0.000000, 
6.099029, 0.000000, 
7.054565, 0.000000, 
8.091680, 0.000000, 
9.015473, 0.000000, 
10.090941, 0.000000, 
11.047583, 0.000000, 
12.060574, 0.000000, 
13.079910, 0.000000, 
14.025275, 0.000000, 
14.931575, 0.000000, 
15.944109, 0.000000, 
17.015863, 0.000000, 
17.974565, 0.000000, 
18.926614, 0.000000, 
20.047662, 0.000000, 
21.070897, 0.000000, 
21.958647, 0.000000, 
22.950765, 0.000000, 
24.006105, 0.000000, 
24.998476, 0.000000, 
26.095751, 0.000000, 
26.934350, 0.000000, 
28.046717, 0.000000, 
29.089422, 0.000000, 
29.922340, 0.000000, 
31.090414, 0.000000, 
32.034886, 0.000000, 
33.040998, 0.000000, 
33.964213, 0.000000, 
35.084541, 0.000000, 
35.966851, 0.000000, 
37.067185, 0.000000, 
37.910016, 0.000000, 
39.001117, 0.000000, 
40.098931, 0.000000, 
40.937012, 0.000000, 
42.004701, 0.000000, 
43.015316, 0.000000, 
44.088965, 0.000000, 
44.983836, 0.000000, 
46.091936, 0.000000, 
46.992904, 0.000000, 
47.964154, 0.000000, 
48.989870, 0.000000, 
49.938850, 0.000000, 
51.099772, 0.000000, 
52.097490, 0.000000, 
52.943987, 0.000000, 
54.077355, 0.000000, 
55.021536, 0.000000, 
55.908992, 0.000000, 
57.056679, 0.000000, 
57.905613, 0.000000, 
58.948144, 0.000000, 
60.062095, 0.000000, 
60.990973, 0.000000, 
61.954466, 0.000000, 
62.980934, 0.000000, 
64.035866, 0.000000, 
65.069063, 0.000000, 
65.976146, 0.000000, 
67.001117, 0.000000, 
68.099595, 0.000000, 
69.017768, 0.000000, 
70.057250, 0.000000, 
71.017168, 0.000000, 
71.980656, 0.000000, 
72.962028, 0.000000, 
74.028265, 0.000000, 
74.946396, 0.000000, 
75.981261, 0.000000, 
77.062235, 0.000000, 
77.917385, 0.000000, 
78.983352, 0.000000, 
80.093391, 0.000000, 
81.088449, 0.000000, 
82.065087, 0.000000, 
83.028688, 0.000000, 
84.050042, 0.000000, 
84.940754, 0.000000, 
86.027245, 0.000000, 
86.917579, 0.000000, 
88.047553, 0.000000, 
89.023109, 0.000000, 
90.024065, 0.000000, 
91.050719, 0.000000, 
92.003851, 0.000000, 
93.094379, 0.000000, 
94.054369, 0.000000, 
95.088867, 0.000000, 
96.099120, 0.000000, 
97.015953, 0.000000, 
98.041112, 0.000000, 
98.905229, 0.000000, 
100.013964, 0.000000, 
100.931353, 0.000000, 
102.091414, 0.000000, 
102.939368, 0.000000, 
103.914410, 0.000000, 
105.067238, 0.000000, 
105.967456, 0.000000, 
107.019894, 0.000000, 
107.944745, 0.000000, 
109.007366, 0.000000, 
110.026649, 0.000000, 
111.012519, 0.000000, 
111.906809, 0.000000, 
112.979518, 0.000000, 
113.978633, 0.000000, 
115.073323, 0.000000, 
116.030251, 0.000000, 
116.953885, 0.000000, 
118.008581, 0.000000, 
118.905817, 0.000000, 
119.995104, 0.000000, 
121.071923, 0.000000, 
121.974578, 0.000000, 
122.994415, 0.000000, 
123.946217, 0.000000, 
124.953005, 0.000000, 
125.923192, 0.000000, 
126.961718, 0.000000, 
128.065592, 0.000000, 
128.970661, 0.000000, 
129.948614, 0.000000, 
130.914528, 0.000000, 
131.902753, 0.000000, 
132.983868, 0.000000, 
134.092173, 0.000000, 
135.011389, 0.000000, 
136.091637, 0.000000, 
137.070258, 0.000000, 
137.932228, 0.000000, 
138.928652, 0.000000, 
139.993122, 0.000000, 
140.984413, 0.000000, 
142.022630, 0.000000, 
143.090835, 0.000000, 
143.972095, 0.000000, 
144.950244, 0.000000, 
146.097869, 0.000000, 
146.902658, 0.000000, 
147.932864, 0.000000, 
148.926639, 0.000000, 
149.954300, 0.000000, 
150.977381, 0.000000, 
152.009449, 0.000000, 
152.918563, 0.000000, 
153.940860, 0.000000, 
155.067809, 0.000000, 
156.094680, 0.000000, 
156.953351, 0.000000, 
157.963879, 0.000000, 
159.031733, 0.000000, 
159.913929, 0.000000, 
161.060351, 0.000000, 
161.948636, 0.000000, 
162.952530, 0.000000, 
163.965558, 0.000000, 
165.063724, 0.000000, 
165.933456, 0.000000, 
167.040005, 0.000000, 
168.012876, 0.000000, 
169.043558, 0.000000, 
169.975493, 0.000000, 
171.086966, 0.000000, 
171.942187, 0.000000, 
173.083445, 0.000000, 
174.070496, 0.000000, 
175.071774, 0.000000, 
176.077790, 0.000000, 
176.979114, 0.000000, 
177.987933, 0.000000, 
178.921312, 0.000000, 
180.037766, 0.000000, 
181.099370, 0.000000, 
182.037091, 0.000000, 
182.900280, 0.000000, 
183.921177, 0.000000, 
185.082657, 0.000000, 
186.079284, 0.000000, 
187.060838, 0.000000, 
187.979679, 0.000000, 
188.958721, 0.000000, 
190.040526, 0.000000, 
191.084980, 0.000000, 
191.971999, 0.000000, 
193.086549, 0.000000, 
193.965409, 0.000000, 
195.036177, 0.000000, 
195.973224, 0.000000, 
197.043437, 0.000000, 
197.926287, 0.000000, 
198.902245, 0.000000, 
