0.005974, 0.000000, 
0.773402, 0.000000, 
2.262090, 0.000000, 
2.816337, 0.000000, 
4.198436, 0.000000, 
4.692576, 0.000000, 
5.775399, 0.000000, 
6.826801, 0.000000, 
7.851953, 0.000000, 
8.933263, 0.000000, 
10.227586, 0.000000, 
11.058896, 0.000000, 
12.303143, 0.000000, 
12.912629, 0.000000, 
14.139384, 0.000000, 
15.068181, 0.000000, 
16.386871, 0.000000, 
16.914299, 0.000000, 
18.139833, 0.000000, 
19.244392, 0.000000, 
19.746236, 0.000000, 
21.184137, 0.000000, 
22.241727, 0.000000, 
22.889669, 0.000000, 
23.632188, 0.000000, 
24.638584, 0.000000, 
26.372307, 0.000000, 
27.183965, 0.000000, 
28.190361, 0.000000, 
28.682168, 0.000000, 
30.094644, 0.000000, 
30.940407, 0.000000, 
31.874520, 0.000000, 
32.724978, 0.000000, 
34.284338, 0.000000, 
34.646951, 0.000000, 
35.898397, 0.000000, 
36.680795, 0.000000, 
38.381554, 0.000000, 
38.694865, 0.000000, 
39.974333, 0.000000, 
41.002755, 0.000000, 
41.689349, 0.000000, 
43.311249, 0.000000, 
43.893438, 0.000000, 
44.834478, 0.000000, 
46.059570, 0.000000, 
46.729201, 0.000000, 
47.890969, 0.000000, 
49.375507, 0.000000, 
50.218391, 0.000000, 
51.331352, 0.000000, 
52.183091, 0.000000, 
52.624621, 0.000000, 
53.653313, 0.000000, 
54.919099, 0.000000, 
55.934111, 0.000000, 
57.112216, 0.000000, 
58.303952, 0.000000, 
59.098203, 0.000000, 
60.073805, 0.000000, 
60.846170, 0.000000, 
61.620908, 0.000000, 
63.153099, 0.000000, 
64.283027, 0.000000, 
65.398858, 0.000000, 
66.161106, 0.000000, 
67.281233, 0.000000, 
67.694635, 0.000000, 
69.019232, 0.000000, 
70.302769, 0.000000, 
70.901765, 0.000000, 
71.997425, 0.000000, 
72.938278, 0.000000, 
74.343571, 0.000000, 
74.755391, 0.000000, 
76.178823, 0.000000, 
76.635296, 0.000000, 
78.138889, 0.000000, 
79.350388, 0.000000, 
80.134433, 0.000000, 
80.601461, 0.000000, 
81.639682, 0.000000, 
82.752310, 0.000000, 
84.392376, 0.000000, 
85.146613, 0.000000, 
85.890257, 0.000000, 
86.631396, 0.000000, 
87.850126, 0.000000, 
89.152994, 0.000000, 
89.972232, 0.000000, 
91.100370, 0.000000, 
92.198219, 0.000000, 
92.722050, 0.000000, 
93.986993, 0.000000, 
95.190826, 0.000000, 
96.205874, 0.000000, 
97.102995, 0.000000, 
98.103574, 0.000000, 
99.076150, 0.000000, 
99.762663, 0.000000, 
100.722789, 0.000000, 
102.190882, 0.000000, 
103.137505, 0.000000, 
104.266226, 0.000000, 
104.999756, 0.000000, 
106.000402, 0.000000, 
106.776278, 0.000000, 
108.270381, 0.000000, 
108.600535, 0.000000, 
110.002010, 0.000000, 
110.815914, 0.000000, 
111.624907, 0.000000, 
113.070091, 0.000000, 
114.312192, 0.000000, 
115.165521, 0.000000, 
116.141839, 0.000000, 
117.188576, 0.000000, 
117.854717, 0.000000, 
118.849913, 0.000000, 
120.319186, 0.000000, 
120.768658, 0.000000, 
122.396822, 0.000000, 
123.385254, 0.000000, 
123.672413, 0.000000, 
124.992747, 0.000000, 
126.053997, 0.000000, 
127.011574, 0.000000, 
128.354695, 0.000000, 
129.206781, 0.000000, 
129.968914, 0.000000, 
131.174516, 0.000000, 
131.786029, 0.000000, 
132.989792, 0.000000, 
134.269460, 0.000000, 
135.015749, 0.000000, 
136.052082, 0.000000, 
137.259605, 0.000000, 
138.266110, 0.000000, 
138.948621, 0.000000, 
140.003277, 0.000000, 
140.960151, 0.000000, 
141.725578, 0.000000, 
142.758676, 0.000000, 
143.932262, 0.000000, 
145.318047, 0.000000, 
146.292434, 0.000000, 
146.611596, 0.000000, 
147.676159, 0.000000, 
149.336722, 0.000000, 
150.295076, 0.000000, 
151.287990, 0.000000, 
151.694725, 0.000000, 
152.742080, 0.000000, 
154.165664, 0.000000, 
154.674941, 0.000000, 
156.370686, 0.000000, 
157.324812, 0.000000, 
158.292758, 0.000000, 
158.611905, 0.000000, 
159.786175, 0.000000, 
161.042952, 0.000000, 
162.083207, 0.000000, 
163.266434, 0.000000, 
163.820239, 0.000000, 
165.392328, 0.000000, 
165.683119, 0.000000, 
166.748911, 0.000000, 
167.752523, 0.000000, 
169.125979, 0.000000, 
170.399023, 0.000000, 
171.011863, 0.000000, 
172.105479, 0.000000, 
173.166884, 0.000000, 
173.803985, 0.000000, 
174.983754, 0.000000, 
176.388779, 0.000000, 
177.303634, 0.000000, 
178.105477, 0.000000, 
178.914730, 0.000000, 
179.916771, 0.000000, 
180.973353, 0.000000, 
181.730518, 0.000000, 
183.308404, 0.000000, 
184.101297, 0.000000, 
184.799006, 0.000000, 
185.704915, 0.000000, 
187.123066, 0.000000, 
187.640164, 0.000000, 
188.623671, 0.000000, 
190.348176, 0.000000, 
190.621546, 0.000000, 
191.682474, 0.000000, 
192.659292, 0.000000, 
194.074211, 0.000000, 
194.754698, 0.000000, 
195.682127, 0.000000, 
197.052716, 0.000000, 
198.281906, 0.000000, 
198.941259, 0.000000, 
