0.067015, 0.000000, 
1.285723, 0.000000, 
2.071073, 0.000000, 
3.273805, 0.000000, 
3.702156, 0.000000, 
5.263076, 0.000000, 
5.806553, 0.000000, 
6.843603, 0.000000, 
7.738692, 0.000000, 
8.785818, 0.000000, 
9.774840, 0.000000, 
11.125227, 0.000000, 
11.732023, 0.000000, 
13.122769, 0.000000, 
13.879556, 0.000000, 
15.060814, 0.000000, 
16.236151, 0.000000, 
16.724140, 0.000000, 
17.815114, 0.000000, 
18.752823, 0.000000, 
19.718997, 0.000000, 
20.958216, 0.000000, 
21.772775, 0.000000, 
22.966895, 0.000000, 
23.713827, 0.000000, 
24.777739, 0.000000, 
26.107221, 0.000000, 
27.064208, 0.000000, 
27.846706, 0.000000, 
28.733520, 0.000000, 
29.926423, 0.000000, 
31.017842, 0.000000, 
32.106951, 0.000000, 
32.713497, 0.000000, 
34.048828, 0.000000, 
35.195708, 0.000000, 
35.764469, 0.000000, 
36.942423, 0.000000, 
37.951216, 0.000000, 
39.143474, 0.000000, 
40.158575, 0.000000, 
41.122255, 0.000000, 
42.100895, 0.000000, 
42.920478, 0.000000, 
43.926554, 0.000000, 
45.004610, 0.000000, 
46.139922, 0.000000, 
47.227761, 0.000000, 
48.077860, 0.000000, 
49.255055, 0.000000, 
49.822002, 0.000000, 
50.950441, 0.000000, 
52.057473, 0.000000, 
52.854850, 0.000000, 
54.087830, 0.000000, 
55.069104, 0.000000, 
56.228071, 0.000000, 
56.906988, 0.000000, 
58.286338, 0.000000, 
58.990226, 0.000000, 
59.905212, 0.000000, 
60.757498, 0.000000, 
62.204881, 0.000000, 
62.917054, 0.000000, 
63.946040, 0.000000, 
65.105183, 0.000000, 
66.290001, 0.000000, 
67.235827, 0.000000, 
68.093126, 0.000000, 
68.762000, 0.000000, 
69.858245, 0.000000, 
71.198350, 0.000000, 
72.174917, 0.000000, 
73.262300, 0.000000, 
74.198324, 0.000000, 
75.255174, 0.000000, 
75.911999, 0.000000, 
77.031029, 0.000000, 
78.027053, 0.000000, 
78.731115, 0.000000, 
79.822532, 0.000000, 
81.086776, 0.000000, 
81.865462, 0.000000, 
83.045764, 0.000000, 
83.824399, 0.000000, 
85.116200, 0.000000, 
85.925432, 0.000000, 
87.137750, 0.000000, 
87.712437, 0.000000, 
88.727933, 0.000000, 
89.893618, 0.000000, 
91.163022, 0.000000, 
92.086291, 0.000000, 
92.847636, 0.000000, 
93.861624, 0.000000, 
95.109007, 0.000000, 
95.937201, 0.000000, 
97.193059, 0.000000, 
98.242140, 0.000000, 
98.832243, 0.000000, 
99.930166, 0.000000, 
101.296442, 0.000000, 
102.264199, 0.000000, 
102.876722, 0.000000, 
103.951166, 0.000000, 
105.271628, 0.000000, 
105.967799, 0.000000, 
106.851395, 0.000000, 
107.836978, 0.000000, 
109.106303, 0.000000, 
109.809518, 0.000000, 
111.146886, 0.000000, 
111.900207, 0.000000, 
113.268088, 0.000000, 
113.949983, 0.000000, 
115.137417, 0.000000, 
116.207703, 0.000000, 
116.704759, 0.000000, 
118.043026, 0.000000, 
118.891842, 0.000000, 
120.009951, 0.000000, 
121.117809, 0.000000, 
122.091765, 0.000000, 
122.970973, 0.000000, 
124.207605, 0.000000, 
124.797356, 0.000000, 
125.752748, 0.000000, 
126.877175, 0.000000, 
127.765059, 0.000000, 
129.127710, 0.000000, 
129.874784, 0.000000, 
131.160373, 0.000000, 
131.715585, 0.000000, 
132.702012, 0.000000, 
134.288946, 0.000000, 
134.862481, 0.000000, 
135.951591, 0.000000, 
136.903875, 0.000000, 
138.142858, 0.000000, 
139.272652, 0.000000, 
139.905906, 0.000000, 
141.084949, 0.000000, 
141.850792, 0.000000, 
143.137739, 0.000000, 
144.196600, 0.000000, 
145.089129, 0.000000, 
145.869610, 0.000000, 
146.729378, 0.000000, 
148.011624, 0.000000, 
149.163992, 0.000000, 
150.290028, 0.000000, 
151.238671, 0.000000, 
151.728470, 0.000000, 
152.987067, 0.000000, 
153.989708, 0.000000, 
154.731317, 0.000000, 
156.149318, 0.000000, 
157.112168, 0.000000, 
158.082180, 0.000000, 
158.841292, 0.000000, 
159.931657, 0.000000, 
161.183770, 0.000000, 
162.091020, 0.000000, 
163.231642, 0.000000, 
163.942807, 0.000000, 
164.991111, 0.000000, 
165.980489, 0.000000, 
166.887360, 0.000000, 
168.231876, 0.000000, 
169.006042, 0.000000, 
170.251597, 0.000000, 
171.285739, 0.000000, 
172.037969, 0.000000, 
173.129840, 0.000000, 
173.741322, 0.000000, 
175.036912, 0.000000, 
175.818524, 0.000000, 
176.821075, 0.000000, 
177.975896, 0.000000, 
179.198280, 0.000000, 
180.216996, 0.000000, 
181.071937, 0.000000, 
181.959997, 0.000000, 
183.183481, 0.000000, 
183.741668, 0.000000, 
185.062149, 0.000000, 
186.169492, 0.000000, 
187.293164, 0.000000, 
188.105207, 0.000000, 
189.265059, 0.000000, 
189.992726, 0.000000, 
191.177872, 0.000000, 
191.919375, 0.000000, 
192.805597, 0.000000, 
193.722969, 0.000000, 
194.790495, 0.000000, 
195.788532, 0.000000, 
196.942377, 0.000000, 
198.293047, 0.000000, 
198.797307, 0.000000, 
