0.380402, 0.000000, 
0.563292, 0.000000, 
1.597066, 0.000000, 
2.964900, 0.000000, 
4.366810, 0.000000, 
5.107301, 0.000000, 
6.451742, 0.000000, 
6.682049, 0.000000, 
7.639479, 0.000000, 
8.707399, 0.000000, 
9.713930, 0.000000, 
10.842199, 0.000000, 
11.546832, 0.000000, 
13.271207, 0.000000, 
14.473447, 0.000000, 
14.673349, 0.000000, 
15.521238, 0.000000, 
16.657690, 0.000000, 
17.913037, 0.000000, 
19.035237, 0.000000, 
20.266423, 0.000000, 
21.446975, 0.000000, 
22.171612, 0.000000, 
22.857474, 0.000000, 
23.769052, 0.000000, 
24.894597, 0.000000, 
26.249470, 0.000000, 
27.330171, 0.000000, 
28.455750, 0.000000, 
29.008795, 0.000000, 
29.858581, 0.000000, 
31.199834, 0.000000, 
31.880343, 0.000000, 
32.610195, 0.000000, 
34.178738, 0.000000, 
34.645418, 0.000000, 
36.236704, 0.000000, 
36.850386, 0.000000, 
38.050860, 0.000000, 
38.963127, 0.000000, 
39.781661, 0.000000, 
41.274475, 0.000000, 
42.107546, 0.000000, 
42.930855, 0.000000, 
43.659471, 0.000000, 
45.389030, 0.000000, 
45.802510, 0.000000, 
46.663658, 0.000000, 
47.532937, 0.000000, 
49.057370, 0.000000, 
49.525773, 0.000000, 
51.311041, 0.000000, 
52.208955, 0.000000, 
52.646147, 0.000000, 
53.517015, 0.000000, 
54.680721, 0.000000, 
56.366463, 0.000000, 
57.089654, 0.000000, 
57.828984, 0.000000, 
58.998692, 0.000000, 
60.230256, 0.000000, 
60.533611, 0.000000, 
62.273944, 0.000000, 
63.188168, 0.000000, 
63.614223, 0.000000, 
65.403933, 0.000000, 
66.208672, 0.000000, 
67.412340, 0.000000, 
67.625432, 0.000000, 
69.159776, 0.000000, 
70.233261, 0.000000, 
71.109865, 0.000000, 
71.746320, 0.000000, 
73.464512, 0.000000, 
74.036735, 0.000000, 
75.215244, 0.000000, 
76.288123, 0.000000, 
77.418342, 0.000000, 
77.630698, 0.000000, 
79.231269, 0.000000, 
79.912595, 0.000000, 
81.336901, 0.000000, 
81.623316, 0.000000, 
83.416050, 0.000000, 
83.549144, 0.000000, 
84.679731, 0.000000, 
85.935470, 0.000000, 
87.080704, 0.000000, 
87.709377, 0.000000, 
89.028092, 0.000000, 
90.034213, 0.000000, 
90.575253, 0.000000, 
91.709121, 0.000000, 
92.961242, 0.000000, 
93.639894, 0.000000, 
95.029780, 0.000000, 
95.627854, 0.000000, 
97.025970, 0.000000, 
97.924437, 0.000000, 
98.684451, 0.000000, 
99.758187, 0.000000, 
101.112791, 0.000000, 
101.944352, 0.000000, 
102.981260, 0.000000, 
103.829246, 0.000000, 
105.357058, 0.000000, 
106.002979, 0.000000, 
107.333838, 0.000000, 
108.318761, 0.000000, 
109.347424, 0.000000, 
110.188533, 0.000000, 
110.569158, 0.000000, 
111.995542, 0.000000, 
113.475351, 0.000000, 
114.228370, 0.000000, 
114.753677, 0.000000, 
115.848505, 0.000000, 
117.010070, 0.000000, 
117.539947, 0.000000, 
119.373595, 0.000000, 
120.402503, 0.000000, 
121.388560, 0.000000, 
122.067066, 0.000000, 
122.758167, 0.000000, 
123.710039, 0.000000, 
125.186270, 0.000000, 
125.557732, 0.000000, 
126.888683, 0.000000, 
128.473070, 0.000000, 
129.140576, 0.000000, 
130.105571, 0.000000, 
131.235129, 0.000000, 
132.081022, 0.000000, 
132.927141, 0.000000, 
133.651258, 0.000000, 
134.829456, 0.000000, 
136.046006, 0.000000, 
136.590986, 0.000000, 
138.106761, 0.000000, 
138.958608, 0.000000, 
139.691791, 0.000000, 
141.150848, 0.000000, 
141.602825, 0.000000, 
143.211600, 0.000000, 
143.551111, 0.000000, 
144.822147, 0.000000, 
146.408460, 0.000000, 
146.669275, 0.000000, 
147.529909, 0.000000, 
149.221299, 0.000000, 
150.289815, 0.000000, 
151.401041, 0.000000, 
151.513392, 0.000000, 
152.929869, 0.000000, 
154.193654, 0.000000, 
155.287314, 0.000000, 
155.557365, 0.000000, 
156.929042, 0.000000, 
158.221372, 0.000000, 
158.587482, 0.000000, 
160.230487, 0.000000, 
160.569306, 0.000000, 
162.085280, 0.000000, 
162.955333, 0.000000, 
164.440483, 0.000000, 
165.426259, 0.000000, 
165.909240, 0.000000, 
167.442299, 0.000000, 
167.557929, 0.000000, 
168.789458, 0.000000, 
170.494456, 0.000000, 
171.294408, 0.000000, 
171.858453, 0.000000, 
173.380324, 0.000000, 
173.902273, 0.000000, 
175.455057, 0.000000, 
176.287310, 0.000000, 
177.215773, 0.000000, 
177.822456, 0.000000, 
178.834930, 0.000000, 
180.177535, 0.000000, 
180.887934, 0.000000, 
181.968661, 0.000000, 
182.623076, 0.000000, 
184.238307, 0.000000, 
184.797298, 0.000000, 
186.392836, 0.000000, 
187.402340, 0.000000, 
187.780870, 0.000000, 
188.592715, 0.000000, 
190.297623, 0.000000, 
190.694556, 0.000000, 
192.110382, 0.000000, 
193.273024, 0.000000, 
193.598563, 0.000000, 
195.237340, 0.000000, 
195.912173, 0.000000, 
197.119130, 0.000000, 
198.224687, 0.000000, 
198.905309, 0.000000, 
