-0.349375, 0.000000, 
0.731713, 0.000000, 
1.812773, 0.000000, 
3.065911, 0.000000, 
3.648514, 0.000000, 
4.651282, 0.000000, 
6.064821, 0.000000, 
6.864304, 0.000000, 
8.173736, 0.000000, 
8.981629, 0.000000, 
10.176069, 0.000000, 
11.145581, 0.000000, 
12.070980, 0.000000, 
13.325203, 0.000000, 
14.193933, 0.000000, 
15.055916, 0.000000, 
15.607030, 0.000000, 
16.644636, 0.000000, 
17.926959, 0.000000, 
18.855934, 0.000000, 
19.975693, 0.000000, 
20.811908, 0.000000, 
21.894394, 0.000000, 
23.334283, 0.000000, 
24.184673, 0.000000, 
25.062109, 0.000000, 
26.275217, 0.000000, 
27.218635, 0.000000, 
28.074899, 0.000000, 
28.926395, 0.000000, 
29.892816, 0.000000, 
31.126886, 0.000000, 
31.731276, 0.000000, 
32.810987, 0.000000, 
33.621425, 0.000000, 
35.144795, 0.000000, 
36.260049, 0.000000, 
37.270788, 0.000000, 
38.193590, 0.000000, 
38.964316, 0.000000, 
40.091846, 0.000000, 
41.101245, 0.000000, 
41.734066, 0.000000, 
43.063327, 0.000000, 
44.015533, 0.000000, 
45.345786, 0.000000, 
45.978883, 0.000000, 
46.835469, 0.000000, 
48.065833, 0.000000, 
48.747287, 0.000000, 
49.751962, 0.000000, 
50.693086, 0.000000, 
52.276822, 0.000000, 
52.670167, 0.000000, 
53.853166, 0.000000, 
55.399592, 0.000000, 
56.068480, 0.000000, 
56.825823, 0.000000, 
58.373492, 0.000000, 
59.182151, 0.000000, 
60.279712, 0.000000, 
61.345473, 0.000000, 
61.927797, 0.000000, 
62.903212, 0.000000, 
64.298229, 0.000000, 
65.218595, 0.000000, 
66.209696, 0.000000, 
66.940474, 0.000000, 
67.878766, 0.000000, 
68.839152, 0.000000, 
70.254863, 0.000000, 
71.129319, 0.000000, 
72.231171, 0.000000, 
73.060776, 0.000000, 
74.335598, 0.000000, 
74.784645, 0.000000, 
75.928319, 0.000000, 
77.349078, 0.000000, 
77.877565, 0.000000, 
79.374645, 0.000000, 
80.391868, 0.000000, 
80.683752, 0.000000, 
82.206261, 0.000000, 
82.662833, 0.000000, 
83.819429, 0.000000, 
85.399227, 0.000000, 
86.078488, 0.000000, 
86.649920, 0.000000, 
88.271417, 0.000000, 
89.316470, 0.000000, 
89.910490, 0.000000, 
91.099183, 0.000000, 
91.997981, 0.000000, 
93.121067, 0.000000, 
94.304258, 0.000000, 
94.768853, 0.000000, 
95.714278, 0.000000, 
97.246734, 0.000000, 
97.956887, 0.000000, 
99.291882, 0.000000, 
99.840295, 0.000000, 
100.808749, 0.000000, 
101.837541, 0.000000, 
103.042177, 0.000000, 
103.738953, 0.000000, 
104.607260, 0.000000, 
106.110216, 0.000000, 
107.076741, 0.000000, 
108.083677, 0.000000, 
109.378940, 0.000000, 
109.707572, 0.000000, 
110.806902, 0.000000, 
111.781337, 0.000000, 
113.234804, 0.000000, 
114.312023, 0.000000, 
114.777298, 0.000000, 
115.721172, 0.000000, 
116.747551, 0.000000, 
118.276109, 0.000000, 
118.984434, 0.000000, 
119.742281, 0.000000, 
120.969557, 0.000000, 
122.134874, 0.000000, 
122.742586, 0.000000, 
124.195491, 0.000000, 
124.852944, 0.000000, 
126.126737, 0.000000, 
126.624214, 0.000000, 
128.097054, 0.000000, 
129.204926, 0.000000, 
129.962561, 0.000000, 
130.766998, 0.000000, 
131.730095, 0.000000, 
132.747521, 0.000000, 
134.100072, 0.000000, 
134.713053, 0.000000, 
135.717278, 0.000000, 
136.855561, 0.000000, 
138.126766, 0.000000, 
138.704237, 0.000000, 
140.160004, 0.000000, 
140.676596, 0.000000, 
142.163961, 0.000000, 
143.080546, 0.000000, 
144.364653, 0.000000, 
145.324094, 0.000000, 
145.619135, 0.000000, 
146.932090, 0.000000, 
148.359520, 0.000000, 
148.664349, 0.000000, 
150.353429, 0.000000, 
151.160645, 0.000000, 
152.398908, 0.000000, 
153.267140, 0.000000, 
154.317350, 0.000000, 
155.035030, 0.000000, 
155.915776, 0.000000, 
156.978058, 0.000000, 
157.927854, 0.000000, 
158.623411, 0.000000, 
159.848912, 0.000000, 
161.056325, 0.000000, 
161.944900, 0.000000, 
162.876842, 0.000000, 
163.701377, 0.000000, 
165.333649, 0.000000, 
165.965155, 0.000000, 
167.211915, 0.000000, 
168.213659, 0.000000, 
168.794599, 0.000000, 
169.834037, 0.000000, 
171.302356, 0.000000, 
172.020989, 0.000000, 
172.820821, 0.000000, 
173.901959, 0.000000, 
175.063726, 0.000000, 
175.713928, 0.000000, 
176.736707, 0.000000, 
177.991339, 0.000000, 
178.931124, 0.000000, 
179.787671, 0.000000, 
181.389092, 0.000000, 
182.128500, 0.000000, 
182.786895, 0.000000, 
184.100184, 0.000000, 
185.097889, 0.000000, 
185.996820, 0.000000, 
187.074070, 0.000000, 
187.770763, 0.000000, 
188.611114, 0.000000, 
189.928155, 0.000000, 
191.357574, 0.000000, 
191.810150, 0.000000, 
192.697058, 0.000000, 
193.885984, 0.000000, 
195.271036, 0.000000, 
196.029032, 0.000000, 
196.766384, 0.000000, 
198.176184, 0.000000, 
199.055915, 0.000000, 
