-0.006835, 0.000000, 
1.029815, 0.000000, 
2.034240, 0.000000, 
3.018854, 0.000000, 
4.029732, 0.000000, 
4.946706, 0.000000, 
6.090545, 0.000000, 
7.055142, 0.000000, 
8.042021, 0.000000, 
8.949750, 0.000000, 
10.046954, 0.000000, 
10.931795, 0.000000, 
11.949132, 0.000000, 
12.922838, 0.000000, 
14.087304, 0.000000, 
14.975497, 0.000000, 
16.060716, 0.000000, 
17.055315, 0.000000, 
18.036061, 0.000000, 
19.010121, 0.000000, 
19.936542, 0.000000, 
20.946466, 0.000000, 
21.973464, 0.000000, 
22.977904, 0.000000, 
24.095474, 0.000000, 
24.920910, 0.000000, 
25.952966, 0.000000, 
27.024929, 0.000000, 
28.008336, 0.000000, 
28.917010, 0.000000, 
29.976006, 0.000000, 
31.064275, 0.000000, 
32.048179, 0.000000, 
32.971873, 0.000000, 
33.900451, 0.000000, 
34.973693, 0.000000, 
36.054939, 0.000000, 
36.930636, 0.000000, 
37.923173, 0.000000, 
39.031132, 0.000000, 
39.987731, 0.000000, 
41.037355, 0.000000, 
42.096174, 0.000000, 
43.041286, 0.000000, 
43.988023, 0.000000, 
44.914685, 0.000000, 
45.971576, 0.000000, 
46.907223, 0.000000, 
47.987419, 0.000000, 
49.034526, 0.000000, 
50.071996, 0.000000, 
51.095798, 0.000000, 
52.002543, 0.000000, 
53.087653, 0.000000, 
53.974234, 0.000000, 
54.920949, 0.000000, 
55.934570, 0.000000, 
56.918082, 0.000000, 
58.073713, 0.000000, 
58.927573, 0.000000, 
59.964426, 0.000000, 
61.073290, 0.000000, 
61.964193, 0.000000, 
62.938642, 0.000000, 
63.995574, 0.000000, 
65.059998, 0.000000, 
65.902176, 0.000000, 
67.002545, 0.000000, 
67.963535, 0.000000, 
69.062294, 0.000000, 
70.064950, 0.000000, 
70.961021, 0.000000, 
72.021128, 0.000000, 
73.045630, 0.000000, 
74.005356, 0.000000, 
74.937958, 0.000000, 
75.921434, 0.000000, 
77.012514, 0.000000, 
78.023440, 0.000000, 
79.006414, 0.000000, 
80.065292, 0.000000, 
80.986952, 0.000000, 
82.088886, 0.000000, 
83.035503, 0.000000, 
84.049319, 0.000000, 
84.912862, 0.000000, 
85.997618, 0.000000, 
86.924732, 0.000000, 
88.025141, 0.000000, 
89.002320, 0.000000, 
90.018201, 0.000000, 
91.090012, 0.000000, 
92.095516, 0.000000, 
92.996981, 0.000000, 
93.911142, 0.000000, 
94.995585, 0.000000, 
95.901096, 0.000000, 
97.054501, 0.000000, 
98.047195, 0.000000, 
98.907955, 0.000000, 
99.961037, 0.000000, 
101.015969, 0.000000, 
102.092642, 0.000000, 
103.066016, 0.000000, 
103.929315, 0.000000, 
105.027409, 0.000000, 
105.927022, 0.000000, 
106.909442, 0.000000, 
107.982280, 0.000000, 
108.932539, 0.000000, 
110.049682, 0.000000, 
111.046370, 0.000000, 
111.917945, 0.000000, 
113.085428, 0.000000, 
114.001296, 0.000000, 
114.930081, 0.000000, 
116.079241, 0.000000, 
117.086376, 0.000000, 
117.915876, 0.000000, 
118.972480, 0.000000, 
119.974894, 0.000000, 
121.059966, 0.000000, 
121.905770, 0.000000, 
122.944698, 0.000000, 
124.076130, 0.000000, 
125.039343, 0.000000, 
125.981894, 0.000000, 
127.006461, 0.000000, 
127.978576, 0.000000, 
129.056086, 0.000000, 
130.008286, 0.000000, 
130.921739, 0.000000, 
131.990079, 0.000000, 
133.055200, 0.000000, 
133.925366, 0.000000, 
134.968869, 0.000000, 
136.055785, 0.000000, 
137.000034, 0.000000, 
138.031079, 0.000000, 
138.992897, 0.000000, 
140.015222, 0.000000, 
140.973005, 0.000000, 
141.971863, 0.000000, 
142.909233, 0.000000, 
144.040486, 0.000000, 
144.915094, 0.000000, 
146.091788, 0.000000, 
146.970784, 0.000000, 
148.028200, 0.000000, 
149.056785, 0.000000, 
150.049013, 0.000000, 
150.952031, 0.000000, 
151.900752, 0.000000, 
153.054990, 0.000000, 
153.913907, 0.000000, 
155.070329, 0.000000, 
155.942647, 0.000000, 
157.090057, 0.000000, 
158.057528, 0.000000, 
158.934519, 0.000000, 
160.084276, 0.000000, 
160.975817, 0.000000, 
161.945131, 0.000000, 
163.029025, 0.000000, 
163.931028, 0.000000, 
165.076181, 0.000000, 
165.965430, 0.000000, 
166.982116, 0.000000, 
167.915600, 0.000000, 
168.939549, 0.000000, 
169.968694, 0.000000, 
170.922622, 0.000000, 
172.021603, 0.000000, 
173.081579, 0.000000, 
173.972037, 0.000000, 
175.000864, 0.000000, 
176.074662, 0.000000, 
177.008563, 0.000000, 
178.009673, 0.000000, 
178.941013, 0.000000, 
180.096815, 0.000000, 
181.078853, 0.000000, 
182.008220, 0.000000, 
183.032221, 0.000000, 
183.937798, 0.000000, 
185.015225, 0.000000, 
185.941971, 0.000000, 
187.068635, 0.000000, 
187.934847, 0.000000, 
189.099340, 0.000000, 
190.088090, 0.000000, 
190.909824, 0.000000, 
192.062882, 0.000000, 
192.934589, 0.000000, 
193.963512, 0.000000, 
194.966265, 0.000000, 
195.977726, 0.000000, 
197.034948, 0.000000, 
197.997094, 0.000000, 
198.988041, 0.000000, 
