0.196278, 0.000000, 
1.171767, 0.000000, 
1.900989, 0.000000, 
2.745937, 0.000000, 
4.065456, 0.000000, 
5.221502, 0.000000, 
5.827681, 0.000000, 
7.211702, 0.000000, 
8.083480, 0.000000, 
8.975066, 0.000000, 
9.731837, 0.000000, 
11.345120, 0.000000, 
12.306773, 0.000000, 
13.195945, 0.000000, 
14.096294, 0.000000, 
14.706604, 0.000000, 
15.992298, 0.000000, 
16.803979, 0.000000, 
18.148614, 0.000000, 
19.076355, 0.000000, 
20.153127, 0.000000, 
21.339273, 0.000000, 
21.940729, 0.000000, 
22.923824, 0.000000, 
24.005527, 0.000000, 
25.162606, 0.000000, 
26.264688, 0.000000, 
27.079984, 0.000000, 
28.045093, 0.000000, 
29.283776, 0.000000, 
30.354680, 0.000000, 
30.717434, 0.000000, 
31.671712, 0.000000, 
33.056915, 0.000000, 
33.725326, 0.000000, 
34.802356, 0.000000, 
35.893902, 0.000000, 
36.725347, 0.000000, 
37.656924, 0.000000, 
39.244004, 0.000000, 
39.949548, 0.000000, 
40.725351, 0.000000, 
42.295702, 0.000000, 
43.196635, 0.000000, 
44.319200, 0.000000, 
44.697923, 0.000000, 
46.276372, 0.000000, 
47.162625, 0.000000, 
48.348079, 0.000000, 
48.709148, 0.000000, 
49.943077, 0.000000, 
50.661098, 0.000000, 
51.996202, 0.000000, 
52.626677, 0.000000, 
54.105885, 0.000000, 
55.088058, 0.000000, 
56.286465, 0.000000, 
57.060625, 0.000000, 
58.061301, 0.000000, 
59.088645, 0.000000, 
60.268763, 0.000000, 
60.715110, 0.000000, 
61.944702, 0.000000, 
63.182197, 0.000000, 
63.770192, 0.000000, 
65.047513, 0.000000, 
65.998026, 0.000000, 
67.284372, 0.000000, 
67.806775, 0.000000, 
68.701375, 0.000000, 
70.000821, 0.000000, 
70.610325, 0.000000, 
72.381346, 0.000000, 
72.621247, 0.000000, 
74.378008, 0.000000, 
75.076569, 0.000000, 
76.153599, 0.000000, 
76.724125, 0.000000, 
77.705013, 0.000000, 
78.619910, 0.000000, 
79.631415, 0.000000, 
81.288961, 0.000000, 
81.958220, 0.000000, 
83.072239, 0.000000, 
83.661286, 0.000000, 
85.342872, 0.000000, 
85.785349, 0.000000, 
87.117910, 0.000000, 
88.377737, 0.000000, 
88.607017, 0.000000, 
89.907363, 0.000000, 
90.867739, 0.000000, 
92.039516, 0.000000, 
92.627826, 0.000000, 
93.820801, 0.000000, 
95.106448, 0.000000, 
96.375460, 0.000000, 
97.320241, 0.000000, 
97.958905, 0.000000, 
99.146281, 0.000000, 
100.054238, 0.000000, 
101.008166, 0.000000, 
101.811067, 0.000000, 
103.030045, 0.000000, 
104.156226, 0.000000, 
104.662264, 0.000000, 
105.761242, 0.000000, 
106.862642, 0.000000, 
107.907758, 0.000000, 
109.355484, 0.000000, 
109.840079, 0.000000, 
110.826629, 0.000000, 
112.138124, 0.000000, 
113.129315, 0.000000, 
113.612977, 0.000000, 
115.101941, 0.000000, 
115.628088, 0.000000, 
117.010549, 0.000000, 
118.026724, 0.000000, 
119.046227, 0.000000, 
120.310949, 0.000000, 
120.888642, 0.000000, 
121.998660, 0.000000, 
122.884289, 0.000000, 
124.366289, 0.000000, 
125.246999, 0.000000, 
126.272758, 0.000000, 
126.901431, 0.000000, 
127.748402, 0.000000, 
128.900328, 0.000000, 
130.144675, 0.000000, 
130.879706, 0.000000, 
131.660775, 0.000000, 
133.193183, 0.000000, 
134.084772, 0.000000, 
135.208153, 0.000000, 
136.093847, 0.000000, 
137.134931, 0.000000, 
137.708553, 0.000000, 
139.178827, 0.000000, 
139.607454, 0.000000, 
140.962943, 0.000000, 
142.022812, 0.000000, 
143.071917, 0.000000, 
144.140957, 0.000000, 
145.183683, 0.000000, 
145.981504, 0.000000, 
147.349278, 0.000000, 
147.712529, 0.000000, 
148.734338, 0.000000, 
149.683865, 0.000000, 
151.192970, 0.000000, 
152.257277, 0.000000, 
152.866077, 0.000000, 
153.792498, 0.000000, 
155.284439, 0.000000, 
155.864264, 0.000000, 
157.223613, 0.000000, 
158.090561, 0.000000, 
159.394674, 0.000000, 
159.651320, 0.000000, 
161.039148, 0.000000, 
162.291110, 0.000000, 
163.063562, 0.000000, 
164.332037, 0.000000, 
164.661735, 0.000000, 
165.662631, 0.000000, 
166.911104, 0.000000, 
167.648867, 0.000000, 
169.150323, 0.000000, 
169.916681, 0.000000, 
170.676207, 0.000000, 
171.812470, 0.000000, 
173.053622, 0.000000, 
174.153087, 0.000000, 
175.163448, 0.000000, 
176.104815, 0.000000, 
176.824035, 0.000000, 
177.886216, 0.000000, 
179.179798, 0.000000, 
179.881508, 0.000000, 
181.392129, 0.000000, 
181.667811, 0.000000, 
183.174697, 0.000000, 
184.095026, 0.000000, 
184.814949, 0.000000, 
185.793502, 0.000000, 
186.725273, 0.000000, 
187.765847, 0.000000, 
189.327317, 0.000000, 
189.900567, 0.000000, 
190.942372, 0.000000, 
191.755194, 0.000000, 
193.165710, 0.000000, 
193.772912, 0.000000, 
194.946403, 0.000000, 
196.370331, 0.000000, 
196.823594, 0.000000, 
197.827335, 0.000000, 
199.107847, 0.000000, 
