0.063869, 0.000000, 
1.019545, 0.000000, 
1.944715, 0.000000, 
2.982154, 0.000000, 
3.988005, 0.000000, 
5.024187, 0.000000, 
5.923661, 0.000000, 
6.938551, 0.000000, 
7.915140, 0.000000, 
9.004010, 0.000000, 
9.980535, 0.000000, 
10.960806, 0.000000, 
12.074927, 0.000000, 
12.906259, 0.000000, 
13.944585, 0.000000, 
15.051728, 0.000000, 
16.010413, 0.000000, 
17.005721, 0.000000, 
18.042001, 0.000000, 
18.954774, 0.000000, 
19.962946, 0.000000, 
20.974720, 0.000000, 
22.042552, 0.000000, 
23.077515, 0.000000, 
24.023616, 0.000000, 
24.987769, 0.000000, 
25.919235, 0.000000, 
26.947624, 0.000000, 
28.042765, 0.000000, 
29.084836, 0.000000, 
30.074223, 0.000000, 
30.990862, 0.000000, 
32.049015, 0.000000, 
32.978595, 0.000000, 
34.021350, 0.000000, 
34.990080, 0.000000, 
35.929052, 0.000000, 
36.974626, 0.000000, 
38.009509, 0.000000, 
38.979287, 0.000000, 
39.964181, 0.000000, 
40.961973, 0.000000, 
42.034564, 0.000000, 
42.990779, 0.000000, 
43.999045, 0.000000, 
45.008273, 0.000000, 
45.960347, 0.000000, 
46.925953, 0.000000, 
47.914152, 0.000000, 
49.080241, 0.000000, 
50.036100, 0.000000, 
50.966816, 0.000000, 
52.042102, 0.000000, 
52.961938, 0.000000, 
54.091461, 0.000000, 
54.998995, 0.000000, 
56.098587, 0.000000, 
56.960323, 0.000000, 
57.936773, 0.000000, 
58.999717, 0.000000, 
59.924347, 0.000000, 
60.922051, 0.000000, 
62.069604, 0.000000, 
63.011593, 0.000000, 
64.062150, 0.000000, 
64.951736, 0.000000, 
66.069987, 0.000000, 
66.958128, 0.000000, 
68.039190, 0.000000, 
68.994174, 0.000000, 
69.937247, 0.000000, 
70.977501, 0.000000, 
72.040978, 0.000000, 
73.036373, 0.000000, 
74.035102, 0.000000, 
74.970758, 0.000000, 
75.918218, 0.000000, 
77.073690, 0.000000, 
78.019393, 0.000000, 
79.089101, 0.000000, 
79.917649, 0.000000, 
80.903169, 0.000000, 
82.016376, 0.000000, 
83.022930, 0.000000, 
83.933213, 0.000000, 
85.064165, 0.000000, 
86.011966, 0.000000, 
87.050036, 0.000000, 
87.904437, 0.000000, 
88.902640, 0.000000, 
89.993980, 0.000000, 
91.094147, 0.000000, 
91.947573, 0.000000, 
93.031259, 0.000000, 
93.971742, 0.000000, 
94.906839, 0.000000, 
96.049534, 0.000000, 
97.045079, 0.000000, 
98.005084, 0.000000, 
99.016720, 0.000000, 
99.959675, 0.000000, 
100.971393, 0.000000, 
101.960710, 0.000000, 
102.938576, 0.000000, 
104.034986, 0.000000, 
104.983411, 0.000000, 
105.904485, 0.000000, 
107.096514, 0.000000, 
107.999897, 0.000000, 
109.049914, 0.000000, 
110.009071, 0.000000, 
111.081207, 0.000000, 
112.085435, 0.000000, 
112.956975, 0.000000, 
113.983602, 0.000000, 
114.928383, 0.000000, 
116.003023, 0.000000, 
117.033878, 0.000000, 
117.918445, 0.000000, 
119.047965, 0.000000, 
120.009467, 0.000000, 
121.055878, 0.000000, 
121.957111, 0.000000, 
122.910414, 0.000000, 
123.924531, 0.000000, 
125.055677, 0.000000, 
126.042458, 0.000000, 
126.974857, 0.000000, 
127.964526, 0.000000, 
128.948442, 0.000000, 
129.967965, 0.000000, 
130.916907, 0.000000, 
132.077550, 0.000000, 
133.099753, 0.000000, 
133.992580, 0.000000, 
134.963574, 0.000000, 
136.003159, 0.000000, 
136.971102, 0.000000, 
138.038856, 0.000000, 
139.061200, 0.000000, 
139.973568, 0.000000, 
140.927828, 0.000000, 
141.993623, 0.000000, 
143.018291, 0.000000, 
143.931803, 0.000000, 
145.035868, 0.000000, 
146.045385, 0.000000, 
147.095533, 0.000000, 
148.042870, 0.000000, 
149.040320, 0.000000, 
150.047713, 0.000000, 
150.910879, 0.000000, 
152.092409, 0.000000, 
153.033040, 0.000000, 
154.099001, 0.000000, 
154.938174, 0.000000, 
155.981191, 0.000000, 
156.976162, 0.000000, 
157.984882, 0.000000, 
158.941588, 0.000000, 
160.065296, 0.000000, 
161.091234, 0.000000, 
162.015914, 0.000000, 
162.997022, 0.000000, 
163.942796, 0.000000, 
164.955453, 0.000000, 
165.976142, 0.000000, 
166.935834, 0.000000, 
168.095730, 0.000000, 
168.974805, 0.000000, 
170.052797, 0.000000, 
170.985918, 0.000000, 
172.045782, 0.000000, 
173.088000, 0.000000, 
173.908821, 0.000000, 
175.029763, 0.000000, 
176.049079, 0.000000, 
177.058529, 0.000000, 
177.917223, 0.000000, 
178.946410, 0.000000, 
179.939385, 0.000000, 
181.017380, 0.000000, 
181.914250, 0.000000, 
183.065305, 0.000000, 
184.063443, 0.000000, 
184.946132, 0.000000, 
185.982062, 0.000000, 
187.036613, 0.000000, 
187.922125, 0.000000, 
189.087387, 0.000000, 
189.956110, 0.000000, 
191.023171, 0.000000, 
191.968305, 0.000000, 
193.035975, 0.000000, 
194.062887, 0.000000, 
194.952543, 0.000000, 
196.067618, 0.000000, 
197.014753, 0.000000, 
198.039256, 0.000000, 
198.984544, 0.000000, 
