0.220670, 0.000000, 
0.813230, 0.000000, 
1.742644, 0.000000, 
2.973018, 0.000000, 
3.931008, 0.000000, 
4.952662, 0.000000, 
5.935221, 0.000000, 
6.830574, 0.000000, 
7.723550, 0.000000, 
8.833497, 0.000000, 
9.891428, 0.000000, 
11.123738, 0.000000, 
11.967794, 0.000000, 
13.105536, 0.000000, 
14.020029, 0.000000, 
14.856614, 0.000000, 
16.241325, 0.000000, 
17.080383, 0.000000, 
17.708896, 0.000000, 
19.081845, 0.000000, 
19.817169, 0.000000, 
20.932168, 0.000000, 
21.748353, 0.000000, 
23.233555, 0.000000, 
23.964967, 0.000000, 
24.829984, 0.000000, 
25.806813, 0.000000, 
26.836843, 0.000000, 
27.924412, 0.000000, 
28.886936, 0.000000, 
30.092589, 0.000000, 
30.737765, 0.000000, 
32.239228, 0.000000, 
32.855757, 0.000000, 
33.995295, 0.000000, 
34.807999, 0.000000, 
35.823623, 0.000000, 
36.848615, 0.000000, 
38.151073, 0.000000, 
39.159739, 0.000000, 
40.171193, 0.000000, 
41.167791, 0.000000, 
41.854563, 0.000000, 
42.719562, 0.000000, 
44.162518, 0.000000, 
45.107441, 0.000000, 
45.944666, 0.000000, 
47.142882, 0.000000, 
47.880663, 0.000000, 
49.226600, 0.000000, 
49.804358, 0.000000, 
51.070326, 0.000000, 
51.990952, 0.000000, 
53.132436, 0.000000, 
53.917734, 0.000000, 
54.939228, 0.000000, 
55.847857, 0.000000, 
56.806573, 0.000000, 
58.040430, 0.000000, 
59.264770, 0.000000, 
59.854963, 0.000000, 
61.144823, 0.000000, 
62.079733, 0.000000, 
62.850373, 0.000000, 
64.164760, 0.000000, 
65.288004, 0.000000, 
66.029437, 0.000000, 
67.138492, 0.000000, 
67.782349, 0.000000, 
69.140933, 0.000000, 
70.146854, 0.000000, 
70.950630, 0.000000, 
72.102276, 0.000000, 
73.166152, 0.000000, 
74.083561, 0.000000, 
75.070392, 0.000000, 
75.852235, 0.000000, 
77.018779, 0.000000, 
77.901841, 0.000000, 
79.083621, 0.000000, 
79.964327, 0.000000, 
80.992346, 0.000000, 
81.979483, 0.000000, 
82.765147, 0.000000, 
84.210822, 0.000000, 
85.140696, 0.000000, 
86.271021, 0.000000, 
87.203185, 0.000000, 
87.857861, 0.000000, 
89.003397, 0.000000, 
89.991335, 0.000000, 
90.979310, 0.000000, 
92.097002, 0.000000, 
93.122762, 0.000000, 
94.121804, 0.000000, 
95.208760, 0.000000, 
95.988773, 0.000000, 
96.780220, 0.000000, 
97.867845, 0.000000, 
98.928655, 0.000000, 
100.129683, 0.000000, 
101.245348, 0.000000, 
101.879835, 0.000000, 
102.770273, 0.000000, 
103.912900, 0.000000, 
105.285180, 0.000000, 
105.778888, 0.000000, 
106.778767, 0.000000, 
107.819973, 0.000000, 
108.797243, 0.000000, 
110.038281, 0.000000, 
110.744650, 0.000000, 
111.906005, 0.000000, 
113.107104, 0.000000, 
113.875795, 0.000000, 
114.799024, 0.000000, 
116.226335, 0.000000, 
117.101659, 0.000000, 
117.737163, 0.000000, 
118.810283, 0.000000, 
119.911372, 0.000000, 
120.736988, 0.000000, 
121.869574, 0.000000, 
123.164465, 0.000000, 
124.293630, 0.000000, 
125.252948, 0.000000, 
125.947484, 0.000000, 
127.296724, 0.000000, 
127.717870, 0.000000, 
129.186548, 0.000000, 
129.963137, 0.000000, 
131.155365, 0.000000, 
131.839234, 0.000000, 
132.759335, 0.000000, 
133.856400, 0.000000, 
135.165307, 0.000000, 
135.928099, 0.000000, 
136.867125, 0.000000, 
138.152530, 0.000000, 
138.957777, 0.000000, 
140.015085, 0.000000, 
140.923790, 0.000000, 
142.068848, 0.000000, 
143.016234, 0.000000, 
143.806537, 0.000000, 
144.731563, 0.000000, 
145.852627, 0.000000, 
147.062128, 0.000000, 
148.190996, 0.000000, 
148.965620, 0.000000, 
150.108677, 0.000000, 
151.026733, 0.000000, 
152.058312, 0.000000, 
153.258099, 0.000000, 
154.041552, 0.000000, 
155.027996, 0.000000, 
156.123840, 0.000000, 
156.700089, 0.000000, 
158.071073, 0.000000, 
158.849008, 0.000000, 
160.092795, 0.000000, 
160.856254, 0.000000, 
162.295921, 0.000000, 
162.936316, 0.000000, 
163.944559, 0.000000, 
165.040207, 0.000000, 
165.940077, 0.000000, 
167.145843, 0.000000, 
168.299311, 0.000000, 
169.297432, 0.000000, 
170.273182, 0.000000, 
171.075831, 0.000000, 
172.290090, 0.000000, 
172.869635, 0.000000, 
173.915276, 0.000000, 
174.893379, 0.000000, 
175.746061, 0.000000, 
177.229384, 0.000000, 
178.299232, 0.000000, 
178.812775, 0.000000, 
179.835725, 0.000000, 
180.991656, 0.000000, 
181.866927, 0.000000, 
182.747126, 0.000000, 
184.150968, 0.000000, 
184.940842, 0.000000, 
185.720105, 0.000000, 
186.826999, 0.000000, 
188.266233, 0.000000, 
188.864377, 0.000000, 
190.103761, 0.000000, 
190.906929, 0.000000, 
191.965279, 0.000000, 
193.063790, 0.000000, 
193.850785, 0.000000, 
194.832199, 0.000000, 
195.715193, 0.000000, 
196.976669, 0.000000, 
197.719797, 0.000000, 
198.741642, 0.000000, 
