0.193168, 0.000000, 
1.113952, 0.000000, 
2.111515, 0.000000, 
3.144376, 0.000000, 
4.070420, 0.000000, 
4.958131, 0.000000, 
6.068489, 0.000000, 
6.999745, 0.000000, 
8.120148, 0.000000, 
8.976893, 0.000000, 
10.031953, 0.000000, 
10.813415, 0.000000, 
11.852100, 0.000000, 
13.026416, 0.000000, 
14.191313, 0.000000, 
15.003987, 0.000000, 
16.018223, 0.000000, 
16.859949, 0.000000, 
18.121116, 0.000000, 
19.085236, 0.000000, 
19.949646, 0.000000, 
21.147341, 0.000000, 
21.847675, 0.000000, 
22.896271, 0.000000, 
23.920911, 0.000000, 
25.154672, 0.000000, 
26.072483, 0.000000, 
27.071849, 0.000000, 
27.993381, 0.000000, 
28.885017, 0.000000, 
29.892814, 0.000000, 
30.822912, 0.000000, 
31.877475, 0.000000, 
32.856698, 0.000000, 
33.898125, 0.000000, 
34.823876, 0.000000, 
36.032879, 0.000000, 
36.986092, 0.000000, 
38.170958, 0.000000, 
39.179346, 0.000000, 
39.995106, 0.000000, 
41.171998, 0.000000, 
41.854926, 0.000000, 
42.957443, 0.000000, 
44.109590, 0.000000, 
44.959646, 0.000000, 
46.155240, 0.000000, 
46.817668, 0.000000, 
48.086680, 0.000000, 
49.072906, 0.000000, 
50.150426, 0.000000, 
50.866817, 0.000000, 
52.181686, 0.000000, 
52.909591, 0.000000, 
53.921980, 0.000000, 
55.168155, 0.000000, 
55.947425, 0.000000, 
57.138536, 0.000000, 
57.802925, 0.000000, 
59.101465, 0.000000, 
59.805792, 0.000000, 
60.829712, 0.000000, 
61.809300, 0.000000, 
62.988646, 0.000000, 
64.145284, 0.000000, 
64.823810, 0.000000, 
65.853577, 0.000000, 
67.056043, 0.000000, 
68.196049, 0.000000, 
68.886938, 0.000000, 
70.093488, 0.000000, 
71.104367, 0.000000, 
71.804611, 0.000000, 
73.188123, 0.000000, 
73.846724, 0.000000, 
75.178435, 0.000000, 
75.907300, 0.000000, 
77.007215, 0.000000, 
77.899826, 0.000000, 
79.103760, 0.000000, 
80.158916, 0.000000, 
81.199213, 0.000000, 
82.172303, 0.000000, 
83.188726, 0.000000, 
83.947951, 0.000000, 
85.155838, 0.000000, 
86.042126, 0.000000, 
86.952873, 0.000000, 
87.987750, 0.000000, 
88.856492, 0.000000, 
90.150505, 0.000000, 
91.014892, 0.000000, 
92.071306, 0.000000, 
93.157755, 0.000000, 
94.027254, 0.000000, 
94.849382, 0.000000, 
95.931147, 0.000000, 
97.146881, 0.000000, 
97.848317, 0.000000, 
98.902754, 0.000000, 
100.117649, 0.000000, 
101.122470, 0.000000, 
101.988644, 0.000000, 
102.815086, 0.000000, 
103.944604, 0.000000, 
105.173924, 0.000000, 
105.847995, 0.000000, 
107.198353, 0.000000, 
107.812399, 0.000000, 
109.069704, 0.000000, 
109.868349, 0.000000, 
110.829138, 0.000000, 
112.049417, 0.000000, 
112.854991, 0.000000, 
113.931813, 0.000000, 
114.848519, 0.000000, 
115.818759, 0.000000, 
116.887550, 0.000000, 
117.903645, 0.000000, 
118.985454, 0.000000, 
120.062853, 0.000000, 
120.950466, 0.000000, 
122.150513, 0.000000, 
122.864604, 0.000000, 
124.014691, 0.000000, 
125.032222, 0.000000, 
126.062464, 0.000000, 
126.860805, 0.000000, 
127.861247, 0.000000, 
128.880050, 0.000000, 
129.871189, 0.000000, 
130.909327, 0.000000, 
131.887452, 0.000000, 
132.881544, 0.000000, 
133.855249, 0.000000, 
135.120134, 0.000000, 
136.166820, 0.000000, 
136.833722, 0.000000, 
138.056724, 0.000000, 
139.174477, 0.000000, 
139.838720, 0.000000, 
140.945645, 0.000000, 
141.973486, 0.000000, 
142.882573, 0.000000, 
143.826840, 0.000000, 
145.133107, 0.000000, 
145.845957, 0.000000, 
146.908784, 0.000000, 
148.080838, 0.000000, 
149.048708, 0.000000, 
150.163320, 0.000000, 
150.851157, 0.000000, 
152.171723, 0.000000, 
153.150468, 0.000000, 
153.890311, 0.000000, 
154.812554, 0.000000, 
155.813582, 0.000000, 
156.914612, 0.000000, 
157.860137, 0.000000, 
158.958885, 0.000000, 
160.159487, 0.000000, 
161.172063, 0.000000, 
161.938215, 0.000000, 
163.079060, 0.000000, 
163.931166, 0.000000, 
164.939458, 0.000000, 
165.962298, 0.000000, 
167.081508, 0.000000, 
167.878083, 0.000000, 
168.984940, 0.000000, 
169.869553, 0.000000, 
170.946602, 0.000000, 
172.106013, 0.000000, 
173.065875, 0.000000, 
173.821816, 0.000000, 
175.141297, 0.000000, 
175.958904, 0.000000, 
176.876357, 0.000000, 
178.020147, 0.000000, 
178.821045, 0.000000, 
180.115415, 0.000000, 
181.162328, 0.000000, 
181.996503, 0.000000, 
182.994494, 0.000000, 
184.108206, 0.000000, 
184.961714, 0.000000, 
186.188954, 0.000000, 
186.916197, 0.000000, 
187.884811, 0.000000, 
188.897864, 0.000000, 
189.914168, 0.000000, 
190.921428, 0.000000, 
192.085439, 0.000000, 
192.872768, 0.000000, 
194.085126, 0.000000, 
194.985965, 0.000000, 
195.862386, 0.000000, 
196.873629, 0.000000, 
197.819364, 0.000000, 
198.956673, 0.000000, 
