-0.278279, 0.000000, 
0.736088, 0.000000, 
1.880455, 0.000000, 
3.226700, 0.000000, 
4.206229, 0.000000, 
5.025628, 0.000000, 
6.110898, 0.000000, 
7.059524, 0.000000, 
7.856904, 0.000000, 
9.018383, 0.000000, 
9.986123, 0.000000, 
11.044683, 0.000000, 
12.284747, 0.000000, 
13.034457, 0.000000, 
13.914743, 0.000000, 
15.160757, 0.000000, 
15.959980, 0.000000, 
16.754987, 0.000000, 
17.853572, 0.000000, 
19.168565, 0.000000, 
19.816729, 0.000000, 
21.125811, 0.000000, 
22.294843, 0.000000, 
23.202573, 0.000000, 
24.182485, 0.000000, 
24.748308, 0.000000, 
26.032387, 0.000000, 
26.780368, 0.000000, 
27.863072, 0.000000, 
28.983882, 0.000000, 
29.941641, 0.000000, 
31.111410, 0.000000, 
32.101129, 0.000000, 
33.103146, 0.000000, 
34.123089, 0.000000, 
35.189562, 0.000000, 
36.201139, 0.000000, 
37.206429, 0.000000, 
38.233315, 0.000000, 
39.134936, 0.000000, 
39.925791, 0.000000, 
41.287627, 0.000000, 
42.225064, 0.000000, 
43.268828, 0.000000, 
43.908674, 0.000000, 
45.252234, 0.000000, 
46.133596, 0.000000, 
47.269132, 0.000000, 
47.741185, 0.000000, 
48.959364, 0.000000, 
50.295038, 0.000000, 
50.858766, 0.000000, 
51.932533, 0.000000, 
53.244878, 0.000000, 
53.745818, 0.000000, 
55.080825, 0.000000, 
56.008543, 0.000000, 
56.788197, 0.000000, 
57.980338, 0.000000, 
59.209643, 0.000000, 
60.277565, 0.000000, 
61.070295, 0.000000, 
62.237956, 0.000000, 
63.108312, 0.000000, 
63.857712, 0.000000, 
64.905699, 0.000000, 
65.865983, 0.000000, 
66.966240, 0.000000, 
68.013717, 0.000000, 
69.035669, 0.000000, 
70.266196, 0.000000, 
71.164995, 0.000000, 
72.007563, 0.000000, 
73.247036, 0.000000, 
73.766684, 0.000000, 
75.131634, 0.000000, 
76.282555, 0.000000, 
77.034248, 0.000000, 
78.101109, 0.000000, 
79.234586, 0.000000, 
80.091950, 0.000000, 
81.110151, 0.000000, 
81.706668, 0.000000, 
83.296827, 0.000000, 
83.845333, 0.000000, 
85.001430, 0.000000, 
85.827025, 0.000000, 
87.249278, 0.000000, 
87.914045, 0.000000, 
89.048747, 0.000000, 
89.898052, 0.000000, 
91.286859, 0.000000, 
92.041626, 0.000000, 
92.912491, 0.000000, 
94.276901, 0.000000, 
95.028566, 0.000000, 
95.755968, 0.000000, 
97.284300, 0.000000, 
98.278089, 0.000000, 
99.286719, 0.000000, 
100.003138, 0.000000, 
101.170168, 0.000000, 
101.700879, 0.000000, 
103.147245, 0.000000, 
103.936189, 0.000000, 
104.847175, 0.000000, 
105.917742, 0.000000, 
107.020551, 0.000000, 
108.069827, 0.000000, 
108.980961, 0.000000, 
109.922573, 0.000000, 
110.724737, 0.000000, 
111.724978, 0.000000, 
112.808188, 0.000000, 
113.862445, 0.000000, 
115.033115, 0.000000, 
116.273855, 0.000000, 
117.144358, 0.000000, 
118.170136, 0.000000, 
118.875858, 0.000000, 
120.043099, 0.000000, 
121.231527, 0.000000, 
122.067677, 0.000000, 
123.291012, 0.000000, 
123.912456, 0.000000, 
124.838756, 0.000000, 
126.182334, 0.000000, 
127.161958, 0.000000, 
127.895783, 0.000000, 
128.973318, 0.000000, 
130.286236, 0.000000, 
131.217156, 0.000000, 
132.156141, 0.000000, 
132.995266, 0.000000, 
133.900816, 0.000000, 
134.977817, 0.000000, 
135.937512, 0.000000, 
137.190287, 0.000000, 
138.219878, 0.000000, 
139.266171, 0.000000, 
139.816522, 0.000000, 
140.858164, 0.000000, 
141.876186, 0.000000, 
142.862908, 0.000000, 
144.189056, 0.000000, 
145.270447, 0.000000, 
146.171073, 0.000000, 
146.985985, 0.000000, 
148.031974, 0.000000, 
149.254903, 0.000000, 
150.211465, 0.000000, 
151.190432, 0.000000, 
151.777585, 0.000000, 
152.923144, 0.000000, 
153.809769, 0.000000, 
154.807990, 0.000000, 
156.261955, 0.000000, 
156.919159, 0.000000, 
157.742554, 0.000000, 
159.152074, 0.000000, 
159.912015, 0.000000, 
161.141491, 0.000000, 
161.747743, 0.000000, 
163.204255, 0.000000, 
164.015757, 0.000000, 
164.995046, 0.000000, 
166.279050, 0.000000, 
167.186815, 0.000000, 
168.089136, 0.000000, 
169.074714, 0.000000, 
170.154025, 0.000000, 
171.169546, 0.000000, 
172.136706, 0.000000, 
172.708843, 0.000000, 
174.063155, 0.000000, 
175.117693, 0.000000, 
175.859460, 0.000000, 
177.180108, 0.000000, 
177.954993, 0.000000, 
178.958038, 0.000000, 
180.066890, 0.000000, 
180.912753, 0.000000, 
181.796008, 0.000000, 
183.125129, 0.000000, 
184.005761, 0.000000, 
184.978832, 0.000000, 
185.842092, 0.000000, 
187.287392, 0.000000, 
187.742182, 0.000000, 
188.771996, 0.000000, 
190.255352, 0.000000, 
190.977786, 0.000000, 
191.906093, 0.000000, 
193.293810, 0.000000, 
193.929215, 0.000000, 
195.165309, 0.000000, 
196.272271, 0.000000, 
197.129103, 0.000000, 
198.114536, 0.000000, 
198.843173, 0.000000, 
