-0.367594, 0.000000, 
0.950150, 0.000000, 
2.359092, 0.000000, 
2.999891, 0.000000, 
4.071348, 0.000000, 
4.857623, 0.000000, 
5.599092, 0.000000, 
6.904822, 0.000000, 
8.094587, 0.000000, 
9.396145, 0.000000, 
10.008046, 0.000000, 
10.884160, 0.000000, 
12.342843, 0.000000, 
12.898943, 0.000000, 
14.380648, 0.000000, 
14.552684, 0.000000, 
15.540654, 0.000000, 
17.184511, 0.000000, 
18.473345, 0.000000, 
19.267340, 0.000000, 
20.132071, 0.000000, 
21.090437, 0.000000, 
21.758334, 0.000000, 
23.064074, 0.000000, 
24.361596, 0.000000, 
24.529224, 0.000000, 
26.034664, 0.000000, 
27.077436, 0.000000, 
28.208428, 0.000000, 
28.536411, 0.000000, 
29.626157, 0.000000, 
30.970608, 0.000000, 
31.742432, 0.000000, 
32.810681, 0.000000, 
34.304933, 0.000000, 
35.084288, 0.000000, 
36.048307, 0.000000, 
36.794143, 0.000000, 
38.030643, 0.000000, 
39.095687, 0.000000, 
40.061362, 0.000000, 
40.871131, 0.000000, 
42.385344, 0.000000, 
42.716114, 0.000000, 
43.638851, 0.000000, 
44.879227, 0.000000, 
46.087509, 0.000000, 
46.599163, 0.000000, 
48.044858, 0.000000, 
49.185275, 0.000000, 
49.871454, 0.000000, 
50.723238, 0.000000, 
51.963983, 0.000000, 
52.706105, 0.000000, 
53.670078, 0.000000, 
54.537032, 0.000000, 
55.957070, 0.000000, 
56.771987, 0.000000, 
57.973573, 0.000000, 
59.107825, 0.000000, 
59.535681, 0.000000, 
60.962162, 0.000000, 
61.623707, 0.000000, 
63.025724, 0.000000, 
63.524384, 0.000000, 
65.212737, 0.000000, 
65.832544, 0.000000, 
66.663821, 0.000000, 
68.300821, 0.000000, 
68.927604, 0.000000, 
70.169630, 0.000000, 
70.693494, 0.000000, 
72.015920, 0.000000, 
72.829103, 0.000000, 
73.779004, 0.000000, 
74.618303, 0.000000, 
76.331521, 0.000000, 
77.393269, 0.000000, 
78.366013, 0.000000, 
79.353480, 0.000000, 
79.979332, 0.000000, 
80.918136, 0.000000, 
82.199610, 0.000000, 
83.393298, 0.000000, 
83.989895, 0.000000, 
85.430613, 0.000000, 
86.462565, 0.000000, 
86.897580, 0.000000, 
88.457194, 0.000000, 
88.500408, 0.000000, 
89.786549, 0.000000, 
90.973345, 0.000000, 
92.021431, 0.000000, 
93.486505, 0.000000, 
93.699683, 0.000000, 
95.383766, 0.000000, 
96.214942, 0.000000, 
97.448586, 0.000000, 
97.834659, 0.000000, 
98.976417, 0.000000, 
100.015813, 0.000000, 
100.575861, 0.000000, 
102.358677, 0.000000, 
103.332755, 0.000000, 
103.756888, 0.000000, 
105.037144, 0.000000, 
105.603372, 0.000000, 
107.219808, 0.000000, 
107.658953, 0.000000, 
108.931530, 0.000000, 
110.326996, 0.000000, 
111.079058, 0.000000, 
111.883719, 0.000000, 
113.106650, 0.000000, 
113.641288, 0.000000, 
114.927179, 0.000000, 
116.454711, 0.000000, 
116.833986, 0.000000, 
118.073631, 0.000000, 
119.083293, 0.000000, 
119.545945, 0.000000, 
121.250861, 0.000000, 
121.895255, 0.000000, 
123.259203, 0.000000, 
123.706784, 0.000000, 
124.600713, 0.000000, 
125.591929, 0.000000, 
126.532300, 0.000000, 
127.574330, 0.000000, 
129.208384, 0.000000, 
130.191575, 0.000000, 
130.747805, 0.000000, 
131.813066, 0.000000, 
132.592525, 0.000000, 
134.275094, 0.000000, 
135.120657, 0.000000, 
136.470426, 0.000000, 
136.842765, 0.000000, 
137.564855, 0.000000, 
139.410216, 0.000000, 
140.044908, 0.000000, 
141.055663, 0.000000, 
142.224220, 0.000000, 
143.073060, 0.000000, 
144.493565, 0.000000, 
145.244943, 0.000000, 
146.265737, 0.000000, 
146.977544, 0.000000, 
147.772851, 0.000000, 
149.471104, 0.000000, 
149.921732, 0.000000, 
151.402496, 0.000000, 
151.573567, 0.000000, 
152.598714, 0.000000, 
153.846632, 0.000000, 
155.441502, 0.000000, 
156.077719, 0.000000, 
156.911578, 0.000000, 
157.512161, 0.000000, 
159.465474, 0.000000, 
159.556501, 0.000000, 
161.410420, 0.000000, 
162.456810, 0.000000, 
163.281198, 0.000000, 
164.372430, 0.000000, 
164.663357, 0.000000, 
166.417872, 0.000000, 
166.604520, 0.000000, 
167.566860, 0.000000, 
169.211052, 0.000000, 
170.270630, 0.000000, 
170.630419, 0.000000, 
172.108986, 0.000000, 
172.817856, 0.000000, 
173.607316, 0.000000, 
175.146353, 0.000000, 
175.917781, 0.000000, 
177.230520, 0.000000, 
178.005417, 0.000000, 
179.118146, 0.000000, 
180.302770, 0.000000, 
180.588876, 0.000000, 
181.634152, 0.000000, 
182.830395, 0.000000, 
183.588774, 0.000000, 
185.081794, 0.000000, 
185.551619, 0.000000, 
187.104623, 0.000000, 
187.506836, 0.000000, 
188.983414, 0.000000, 
189.924226, 0.000000, 
190.998757, 0.000000, 
191.955460, 0.000000, 
193.454410, 0.000000, 
194.256154, 0.000000, 
194.725674, 0.000000, 
196.183299, 0.000000, 
196.954176, 0.000000, 
198.171574, 0.000000, 
198.523387, 0.000000, 
