-0.487105, 0.000000, 
0.851423, 0.000000, 
2.122775, 0.000000, 
2.651925, 0.000000, 
4.303563, 0.000000, 
5.302364, 0.000000, 
5.861389, 0.000000, 
7.090175, 0.000000, 
7.751324, 0.000000, 
8.753779, 0.000000, 
10.291436, 0.000000, 
10.749300, 0.000000, 
12.484307, 0.000000, 
13.052875, 0.000000, 
14.397762, 0.000000, 
14.620528, 0.000000, 
16.002260, 0.000000, 
17.390706, 0.000000, 
18.281749, 0.000000, 
19.440748, 0.000000, 
20.329216, 0.000000, 
20.595399, 0.000000, 
22.054846, 0.000000, 
22.840254, 0.000000, 
23.554115, 0.000000, 
24.894098, 0.000000, 
26.466907, 0.000000, 
27.205294, 0.000000, 
27.620491, 0.000000, 
29.489541, 0.000000, 
30.145093, 0.000000, 
31.132768, 0.000000, 
32.143613, 0.000000, 
32.914890, 0.000000, 
34.187853, 0.000000, 
34.846786, 0.000000, 
36.298744, 0.000000, 
36.827830, 0.000000, 
38.222316, 0.000000, 
38.619505, 0.000000, 
40.355303, 0.000000, 
41.192962, 0.000000, 
42.053679, 0.000000, 
43.419421, 0.000000, 
43.990728, 0.000000, 
45.262679, 0.000000, 
45.934851, 0.000000, 
47.049779, 0.000000, 
47.877265, 0.000000, 
49.235940, 0.000000, 
50.249254, 0.000000, 
50.915278, 0.000000, 
51.989268, 0.000000, 
52.652561, 0.000000, 
54.309991, 0.000000, 
55.218371, 0.000000, 
55.773358, 0.000000, 
57.112828, 0.000000, 
58.309407, 0.000000, 
58.699451, 0.000000, 
60.185870, 0.000000, 
61.241755, 0.000000, 
62.110816, 0.000000, 
62.624350, 0.000000, 
64.474007, 0.000000, 
65.367505, 0.000000, 
66.354872, 0.000000, 
66.587290, 0.000000, 
67.751055, 0.000000, 
69.288370, 0.000000, 
69.653631, 0.000000, 
71.283436, 0.000000, 
71.983599, 0.000000, 
73.050763, 0.000000, 
74.451126, 0.000000, 
74.620891, 0.000000, 
76.010526, 0.000000, 
77.495778, 0.000000, 
77.794658, 0.000000, 
78.654822, 0.000000, 
79.664813, 0.000000, 
81.342289, 0.000000, 
82.104749, 0.000000, 
83.454813, 0.000000, 
83.940053, 0.000000, 
85.239197, 0.000000, 
85.643695, 0.000000, 
86.560202, 0.000000, 
88.231035, 0.000000, 
89.025119, 0.000000, 
89.944145, 0.000000, 
90.863925, 0.000000, 
91.911901, 0.000000, 
93.133520, 0.000000, 
94.155046, 0.000000, 
94.613275, 0.000000, 
96.410636, 0.000000, 
97.344392, 0.000000, 
98.108459, 0.000000, 
99.025854, 0.000000, 
100.359769, 0.000000, 
101.335881, 0.000000, 
102.357458, 0.000000, 
103.204914, 0.000000, 
104.403401, 0.000000, 
105.205552, 0.000000, 
105.802743, 0.000000, 
106.975641, 0.000000, 
107.960094, 0.000000, 
108.789208, 0.000000, 
110.319074, 0.000000, 
111.344192, 0.000000, 
111.729644, 0.000000, 
112.601111, 0.000000, 
113.542637, 0.000000, 
114.722967, 0.000000, 
116.278361, 0.000000, 
116.605731, 0.000000, 
117.817033, 0.000000, 
118.881045, 0.000000, 
119.519835, 0.000000, 
120.703969, 0.000000, 
122.331769, 0.000000, 
122.772967, 0.000000, 
123.760891, 0.000000, 
124.783625, 0.000000, 
125.578287, 0.000000, 
127.250067, 0.000000, 
127.997851, 0.000000, 
129.409803, 0.000000, 
130.073304, 0.000000, 
130.840176, 0.000000, 
131.839030, 0.000000, 
133.364805, 0.000000, 
133.599116, 0.000000, 
135.259573, 0.000000, 
135.508951, 0.000000, 
137.223482, 0.000000, 
137.576903, 0.000000, 
138.768259, 0.000000, 
140.087536, 0.000000, 
140.754927, 0.000000, 
142.184305, 0.000000, 
143.361317, 0.000000, 
143.646908, 0.000000, 
144.842506, 0.000000, 
145.582973, 0.000000, 
147.455343, 0.000000, 
147.904869, 0.000000, 
149.242420, 0.000000, 
149.892714, 0.000000, 
151.185514, 0.000000, 
151.571871, 0.000000, 
153.072715, 0.000000, 
153.815480, 0.000000, 
155.089971, 0.000000, 
155.865463, 0.000000, 
157.275319, 0.000000, 
158.402716, 0.000000, 
159.390740, 0.000000, 
160.493790, 0.000000, 
160.588939, 0.000000, 
161.527374, 0.000000, 
163.355450, 0.000000, 
163.858839, 0.000000, 
164.881751, 0.000000, 
165.738782, 0.000000, 
167.027314, 0.000000, 
168.165664, 0.000000, 
169.196043, 0.000000, 
170.157758, 0.000000, 
170.522316, 0.000000, 
171.782345, 0.000000, 
173.337793, 0.000000, 
173.528440, 0.000000, 
174.885123, 0.000000, 
176.422317, 0.000000, 
177.405977, 0.000000, 
178.071390, 0.000000, 
179.220205, 0.000000, 
180.151488, 0.000000, 
180.523014, 0.000000, 
181.796015, 0.000000, 
182.614327, 0.000000, 
183.956336, 0.000000, 
185.233113, 0.000000, 
186.328630, 0.000000, 
186.572131, 0.000000, 
188.307763, 0.000000, 
188.796717, 0.000000, 
189.651853, 0.000000, 
190.696145, 0.000000, 
192.147810, 0.000000, 
193.022860, 0.000000, 
193.567630, 0.000000, 
195.152527, 0.000000, 
196.493485, 0.000000, 
197.263469, 0.000000, 
197.713463, 0.000000, 
198.785120, 0.000000, 
