0.035021, 0.000000, 
0.934036, 0.000000, 
1.991912, 0.000000, 
2.974760, 0.000000, 
3.957742, 0.000000, 
5.086220, 0.000000, 
6.042340, 0.000000, 
7.025835, 0.000000, 
8.044067, 0.000000, 
8.950844, 0.000000, 
9.961291, 0.000000, 
11.081414, 0.000000, 
11.957818, 0.000000, 
13.071754, 0.000000, 
14.074917, 0.000000, 
15.093668, 0.000000, 
16.034895, 0.000000, 
16.924466, 0.000000, 
17.977779, 0.000000, 
18.948586, 0.000000, 
20.071052, 0.000000, 
21.084073, 0.000000, 
22.071129, 0.000000, 
23.034978, 0.000000, 
23.920004, 0.000000, 
25.004157, 0.000000, 
26.087641, 0.000000, 
27.034473, 0.000000, 
27.986303, 0.000000, 
29.012816, 0.000000, 
29.928005, 0.000000, 
31.029601, 0.000000, 
31.936609, 0.000000, 
33.035356, 0.000000, 
33.941522, 0.000000, 
34.911041, 0.000000, 
35.974410, 0.000000, 
36.993278, 0.000000, 
38.002161, 0.000000, 
39.016420, 0.000000, 
39.935330, 0.000000, 
40.953762, 0.000000, 
42.050800, 0.000000, 
43.022237, 0.000000, 
44.047584, 0.000000, 
44.937471, 0.000000, 
46.081687, 0.000000, 
46.923932, 0.000000, 
48.054379, 0.000000, 
48.950887, 0.000000, 
49.954504, 0.000000, 
50.995209, 0.000000, 
52.066987, 0.000000, 
53.021156, 0.000000, 
53.901738, 0.000000, 
54.921596, 0.000000, 
55.998310, 0.000000, 
57.040749, 0.000000, 
58.072572, 0.000000, 
59.027291, 0.000000, 
60.032294, 0.000000, 
60.907297, 0.000000, 
62.004264, 0.000000, 
63.021592, 0.000000, 
63.918947, 0.000000, 
65.037730, 0.000000, 
66.018993, 0.000000, 
66.969316, 0.000000, 
68.051978, 0.000000, 
68.930441, 0.000000, 
69.978240, 0.000000, 
70.964434, 0.000000, 
71.970167, 0.000000, 
72.934308, 0.000000, 
74.045933, 0.000000, 
74.945683, 0.000000, 
75.997293, 0.000000, 
76.969621, 0.000000, 
77.946988, 0.000000, 
79.030549, 0.000000, 
79.962457, 0.000000, 
80.910237, 0.000000, 
82.002608, 0.000000, 
82.969363, 0.000000, 
83.930477, 0.000000, 
85.091975, 0.000000, 
85.923764, 0.000000, 
87.073803, 0.000000, 
87.927795, 0.000000, 
88.963991, 0.000000, 
89.919953, 0.000000, 
90.948216, 0.000000, 
92.077972, 0.000000, 
92.998622, 0.000000, 
94.084851, 0.000000, 
95.088010, 0.000000, 
95.996932, 0.000000, 
97.059487, 0.000000, 
97.994546, 0.000000, 
98.901347, 0.000000, 
100.059992, 0.000000, 
101.078251, 0.000000, 
101.920771, 0.000000, 
102.928526, 0.000000, 
104.058442, 0.000000, 
105.006090, 0.000000, 
105.907822, 0.000000, 
106.909871, 0.000000, 
108.027718, 0.000000, 
109.068181, 0.000000, 
109.908495, 0.000000, 
110.981929, 0.000000, 
111.944307, 0.000000, 
112.993679, 0.000000, 
113.997925, 0.000000, 
115.024683, 0.000000, 
116.065502, 0.000000, 
116.988761, 0.000000, 
117.998450, 0.000000, 
119.054051, 0.000000, 
119.976040, 0.000000, 
120.948674, 0.000000, 
122.011089, 0.000000, 
122.943922, 0.000000, 
123.952275, 0.000000, 
125.002669, 0.000000, 
125.999507, 0.000000, 
126.912630, 0.000000, 
128.070515, 0.000000, 
128.924589, 0.000000, 
130.040354, 0.000000, 
130.904688, 0.000000, 
131.963370, 0.000000, 
133.049934, 0.000000, 
133.927042, 0.000000, 
134.959773, 0.000000, 
136.043984, 0.000000, 
137.095991, 0.000000, 
137.920083, 0.000000, 
139.079967, 0.000000, 
140.042508, 0.000000, 
140.978974, 0.000000, 
142.033041, 0.000000, 
143.097191, 0.000000, 
144.067203, 0.000000, 
144.958046, 0.000000, 
145.947326, 0.000000, 
147.097503, 0.000000, 
148.031679, 0.000000, 
149.041551, 0.000000, 
150.053952, 0.000000, 
151.047116, 0.000000, 
151.907147, 0.000000, 
153.020211, 0.000000, 
154.025917, 0.000000, 
154.933563, 0.000000, 
156.099454, 0.000000, 
157.091035, 0.000000, 
158.031436, 0.000000, 
159.067838, 0.000000, 
159.946374, 0.000000, 
160.970396, 0.000000, 
161.909453, 0.000000, 
162.960893, 0.000000, 
164.015584, 0.000000, 
164.901198, 0.000000, 
166.046143, 0.000000, 
167.049530, 0.000000, 
168.001824, 0.000000, 
168.909326, 0.000000, 
169.927296, 0.000000, 
171.076510, 0.000000, 
172.020622, 0.000000, 
173.095434, 0.000000, 
173.933851, 0.000000, 
174.988135, 0.000000, 
176.036786, 0.000000, 
176.977976, 0.000000, 
177.987148, 0.000000, 
179.099854, 0.000000, 
179.906289, 0.000000, 
180.952148, 0.000000, 
182.070861, 0.000000, 
182.951537, 0.000000, 
184.007761, 0.000000, 
184.986480, 0.000000, 
185.951105, 0.000000, 
187.017985, 0.000000, 
187.915830, 0.000000, 
188.968636, 0.000000, 
189.969006, 0.000000, 
190.909999, 0.000000, 
191.926734, 0.000000, 
193.050819, 0.000000, 
193.997138, 0.000000, 
195.094654, 0.000000, 
196.009733, 0.000000, 
197.037967, 0.000000, 
197.942044, 0.000000, 
199.038290, 0.000000, 
