-0.019700, 0.000000, 
1.092282, 0.000000, 
2.015795, 0.000000, 
3.039893, 0.000000, 
4.002204, 0.000000, 
4.968104, 0.000000, 
6.079438, 0.000000, 
6.950114, 0.000000, 
8.034400, 0.000000, 
8.962907, 0.000000, 
10.084090, 0.000000, 
10.963045, 0.000000, 
11.949804, 0.000000, 
12.920791, 0.000000, 
13.976204, 0.000000, 
14.971690, 0.000000, 
15.902556, 0.000000, 
16.907989, 0.000000, 
17.934680, 0.000000, 
19.077822, 0.000000, 
20.019799, 0.000000, 
21.018458, 0.000000, 
22.001962, 0.000000, 
23.067164, 0.000000, 
24.063471, 0.000000, 
24.954385, 0.000000, 
25.943418, 0.000000, 
26.952307, 0.000000, 
27.901643, 0.000000, 
28.982012, 0.000000, 
30.014589, 0.000000, 
31.081102, 0.000000, 
32.059551, 0.000000, 
33.014501, 0.000000, 
33.901633, 0.000000, 
34.901379, 0.000000, 
35.934843, 0.000000, 
37.081284, 0.000000, 
37.954886, 0.000000, 
38.904680, 0.000000, 
40.093766, 0.000000, 
41.040907, 0.000000, 
41.902267, 0.000000, 
42.950984, 0.000000, 
43.993045, 0.000000, 
44.910780, 0.000000, 
46.081326, 0.000000, 
47.038489, 0.000000, 
47.907633, 0.000000, 
48.928638, 0.000000, 
49.917910, 0.000000, 
50.968446, 0.000000, 
52.005819, 0.000000, 
52.998330, 0.000000, 
54.008453, 0.000000, 
54.995493, 0.000000, 
55.901850, 0.000000, 
56.997554, 0.000000, 
58.066263, 0.000000, 
58.985718, 0.000000, 
59.903635, 0.000000, 
61.034892, 0.000000, 
61.980132, 0.000000, 
63.017338, 0.000000, 
63.968144, 0.000000, 
65.094806, 0.000000, 
66.062582, 0.000000, 
66.975784, 0.000000, 
67.916811, 0.000000, 
68.993932, 0.000000, 
70.079685, 0.000000, 
70.973293, 0.000000, 
72.070136, 0.000000, 
72.974594, 0.000000, 
74.019836, 0.000000, 
75.034396, 0.000000, 
75.929289, 0.000000, 
77.053607, 0.000000, 
77.938570, 0.000000, 
79.038374, 0.000000, 
80.033824, 0.000000, 
81.040917, 0.000000, 
82.068550, 0.000000, 
83.049198, 0.000000, 
84.023702, 0.000000, 
85.034017, 0.000000, 
85.918517, 0.000000, 
87.005682, 0.000000, 
87.941633, 0.000000, 
88.980894, 0.000000, 
90.013631, 0.000000, 
90.992573, 0.000000, 
92.023097, 0.000000, 
93.064823, 0.000000, 
93.952757, 0.000000, 
95.095674, 0.000000, 
96.008487, 0.000000, 
97.036499, 0.000000, 
97.929302, 0.000000, 
98.915076, 0.000000, 
100.077362, 0.000000, 
100.945426, 0.000000, 
102.087199, 0.000000, 
103.014608, 0.000000, 
103.935781, 0.000000, 
104.987884, 0.000000, 
106.081786, 0.000000, 
106.951995, 0.000000, 
108.013120, 0.000000, 
108.993700, 0.000000, 
110.006123, 0.000000, 
110.905308, 0.000000, 
111.925367, 0.000000, 
113.074773, 0.000000, 
113.907922, 0.000000, 
114.906979, 0.000000, 
116.039497, 0.000000, 
116.977194, 0.000000, 
118.040684, 0.000000, 
119.019218, 0.000000, 
119.964351, 0.000000, 
121.046648, 0.000000, 
122.013388, 0.000000, 
123.008306, 0.000000, 
123.991058, 0.000000, 
124.981940, 0.000000, 
126.057389, 0.000000, 
127.054928, 0.000000, 
127.998291, 0.000000, 
129.080506, 0.000000, 
129.987296, 0.000000, 
131.062788, 0.000000, 
131.903910, 0.000000, 
133.038780, 0.000000, 
133.939440, 0.000000, 
135.000684, 0.000000, 
136.069304, 0.000000, 
136.916580, 0.000000, 
137.973406, 0.000000, 
138.961567, 0.000000, 
140.034428, 0.000000, 
141.057123, 0.000000, 
141.911709, 0.000000, 
143.060023, 0.000000, 
144.055247, 0.000000, 
145.022436, 0.000000, 
145.983667, 0.000000, 
146.932946, 0.000000, 
147.953626, 0.000000, 
148.960798, 0.000000, 
149.997921, 0.000000, 
150.928953, 0.000000, 
152.071534, 0.000000, 
152.989327, 0.000000, 
153.922743, 0.000000, 
155.001857, 0.000000, 
155.986192, 0.000000, 
157.045429, 0.000000, 
157.984344, 0.000000, 
159.088204, 0.000000, 
159.995722, 0.000000, 
161.094773, 0.000000, 
162.008524, 0.000000, 
162.999312, 0.000000, 
164.001363, 0.000000, 
164.968600, 0.000000, 
165.969589, 0.000000, 
166.910235, 0.000000, 
167.989761, 0.000000, 
169.078540, 0.000000, 
170.045862, 0.000000, 
171.092915, 0.000000, 
172.061547, 0.000000, 
173.064626, 0.000000, 
174.075553, 0.000000, 
174.951237, 0.000000, 
175.913033, 0.000000, 
177.098132, 0.000000, 
178.052097, 0.000000, 
179.066732, 0.000000, 
179.946606, 0.000000, 
181.000977, 0.000000, 
181.944306, 0.000000, 
183.015020, 0.000000, 
183.952443, 0.000000, 
185.009602, 0.000000, 
186.099068, 0.000000, 
186.987659, 0.000000, 
188.098326, 0.000000, 
188.970070, 0.000000, 
190.034205, 0.000000, 
191.094835, 0.000000, 
192.022637, 0.000000, 
193.098427, 0.000000, 
194.072169, 0.000000, 
195.013502, 0.000000, 
195.912794, 0.000000, 
196.974478, 0.000000, 
197.960367, 0.000000, 
199.086108, 0.000000, 
