-0.032722, 0.000000, 
1.025831, 0.000000, 
2.025610, 0.000000, 
3.064447, 0.000000, 
4.278689, 0.000000, 
5.108881, 0.000000, 
6.114334, 0.000000, 
7.200610, 0.000000, 
7.815804, 0.000000, 
8.881580, 0.000000, 
10.267654, 0.000000, 
11.030669, 0.000000, 
11.893750, 0.000000, 
13.054918, 0.000000, 
14.112410, 0.000000, 
14.973212, 0.000000, 
15.715288, 0.000000, 
16.800918, 0.000000, 
17.830234, 0.000000, 
18.779970, 0.000000, 
20.239194, 0.000000, 
20.722977, 0.000000, 
21.822375, 0.000000, 
23.141109, 0.000000, 
24.235129, 0.000000, 
24.970427, 0.000000, 
26.124547, 0.000000, 
27.024802, 0.000000, 
28.020923, 0.000000, 
28.887481, 0.000000, 
29.919310, 0.000000, 
31.229506, 0.000000, 
32.218468, 0.000000, 
32.835252, 0.000000, 
33.723450, 0.000000, 
35.039172, 0.000000, 
35.704603, 0.000000, 
36.897650, 0.000000, 
38.236471, 0.000000, 
39.168989, 0.000000, 
40.039438, 0.000000, 
41.290126, 0.000000, 
42.064594, 0.000000, 
43.070179, 0.000000, 
43.883436, 0.000000, 
44.756443, 0.000000, 
46.242473, 0.000000, 
47.154907, 0.000000, 
47.998680, 0.000000, 
48.742190, 0.000000, 
49.863620, 0.000000, 
50.823353, 0.000000, 
51.869673, 0.000000, 
52.761823, 0.000000, 
54.109272, 0.000000, 
55.107411, 0.000000, 
55.866587, 0.000000, 
56.801968, 0.000000, 
57.791290, 0.000000, 
58.921841, 0.000000, 
60.028123, 0.000000, 
60.748977, 0.000000, 
61.986068, 0.000000, 
62.859792, 0.000000, 
64.215186, 0.000000, 
64.846204, 0.000000, 
65.939813, 0.000000, 
66.978028, 0.000000, 
67.821244, 0.000000, 
69.172712, 0.000000, 
69.923106, 0.000000, 
70.909031, 0.000000, 
71.902882, 0.000000, 
73.037678, 0.000000, 
74.293815, 0.000000, 
74.879145, 0.000000, 
76.197625, 0.000000, 
77.221059, 0.000000, 
78.067299, 0.000000, 
79.243359, 0.000000, 
80.285566, 0.000000, 
80.753637, 0.000000, 
82.034844, 0.000000, 
83.139474, 0.000000, 
83.865052, 0.000000, 
84.940940, 0.000000, 
85.835954, 0.000000, 
86.846672, 0.000000, 
87.743115, 0.000000, 
89.282278, 0.000000, 
89.782193, 0.000000, 
91.139122, 0.000000, 
91.756138, 0.000000, 
92.943642, 0.000000, 
93.843294, 0.000000, 
95.260813, 0.000000, 
96.013298, 0.000000, 
96.836813, 0.000000, 
97.790590, 0.000000, 
99.138832, 0.000000, 
99.949022, 0.000000, 
101.277292, 0.000000, 
102.198853, 0.000000, 
102.978551, 0.000000, 
103.850933, 0.000000, 
104.894246, 0.000000, 
106.182628, 0.000000, 
107.255952, 0.000000, 
108.098945, 0.000000, 
108.934305, 0.000000, 
109.730606, 0.000000, 
110.835601, 0.000000, 
111.825139, 0.000000, 
113.278990, 0.000000, 
114.103016, 0.000000, 
115.022026, 0.000000, 
116.269858, 0.000000, 
116.836281, 0.000000, 
117.842058, 0.000000, 
118.797077, 0.000000, 
120.296402, 0.000000, 
121.131992, 0.000000, 
122.107296, 0.000000, 
122.935286, 0.000000, 
124.094086, 0.000000, 
125.132323, 0.000000, 
126.291063, 0.000000, 
126.816770, 0.000000, 
128.109302, 0.000000, 
129.226598, 0.000000, 
129.925730, 0.000000, 
130.953845, 0.000000, 
132.109737, 0.000000, 
133.202512, 0.000000, 
134.177772, 0.000000, 
134.834306, 0.000000, 
135.710721, 0.000000, 
136.731809, 0.000000, 
137.789651, 0.000000, 
138.911172, 0.000000, 
140.200467, 0.000000, 
140.924373, 0.000000, 
142.269356, 0.000000, 
142.955956, 0.000000, 
143.895778, 0.000000, 
145.053072, 0.000000, 
145.708735, 0.000000, 
146.958847, 0.000000, 
147.716934, 0.000000, 
149.009588, 0.000000, 
150.238353, 0.000000, 
150.835022, 0.000000, 
151.970837, 0.000000, 
153.014611, 0.000000, 
154.222355, 0.000000, 
155.226036, 0.000000, 
155.934316, 0.000000, 
157.281100, 0.000000, 
157.705506, 0.000000, 
159.007084, 0.000000, 
159.958869, 0.000000, 
161.068858, 0.000000, 
162.053332, 0.000000, 
162.750628, 0.000000, 
164.231272, 0.000000, 
164.774412, 0.000000, 
165.936790, 0.000000, 
166.757949, 0.000000, 
168.269090, 0.000000, 
168.756048, 0.000000, 
170.243736, 0.000000, 
170.773124, 0.000000, 
171.839176, 0.000000, 
172.950092, 0.000000, 
174.290405, 0.000000, 
174.942566, 0.000000, 
175.770276, 0.000000, 
176.817279, 0.000000, 
178.266740, 0.000000, 
179.153850, 0.000000, 
180.242656, 0.000000, 
180.848673, 0.000000, 
182.072618, 0.000000, 
182.970201, 0.000000, 
184.086878, 0.000000, 
185.055396, 0.000000, 
186.006226, 0.000000, 
187.051780, 0.000000, 
187.943239, 0.000000, 
189.093466, 0.000000, 
189.946867, 0.000000, 
191.167507, 0.000000, 
191.820596, 0.000000, 
193.129516, 0.000000, 
193.823137, 0.000000, 
194.883389, 0.000000, 
196.167073, 0.000000, 
197.027082, 0.000000, 
198.178194, 0.000000, 
199.070819, 0.000000, 
