-0.002158, 0.000000, 
0.905212, 0.000000, 
2.087116, 0.000000, 
2.934164, 0.000000, 
3.927957, 0.000000, 
4.911127, 0.000000, 
5.923361, 0.000000, 
6.968282, 0.000000, 
8.033926, 0.000000, 
8.970729, 0.000000, 
9.933228, 0.000000, 
10.916056, 0.000000, 
11.954847, 0.000000, 
12.953920, 0.000000, 
13.969342, 0.000000, 
15.066246, 0.000000, 
16.029199, 0.000000, 
16.975331, 0.000000, 
18.010597, 0.000000, 
19.064424, 0.000000, 
19.957079, 0.000000, 
21.004175, 0.000000, 
21.999378, 0.000000, 
23.007808, 0.000000, 
23.983239, 0.000000, 
25.011075, 0.000000, 
26.013333, 0.000000, 
27.085780, 0.000000, 
28.063411, 0.000000, 
29.057310, 0.000000, 
29.970824, 0.000000, 
31.063359, 0.000000, 
32.005797, 0.000000, 
32.984050, 0.000000, 
33.971928, 0.000000, 
34.906023, 0.000000, 
36.091583, 0.000000, 
36.918776, 0.000000, 
38.074454, 0.000000, 
38.971086, 0.000000, 
39.929858, 0.000000, 
40.953086, 0.000000, 
41.964681, 0.000000, 
43.006112, 0.000000, 
43.918669, 0.000000, 
44.964386, 0.000000, 
46.011355, 0.000000, 
47.087252, 0.000000, 
48.068775, 0.000000, 
49.071011, 0.000000, 
49.946301, 0.000000, 
51.051794, 0.000000, 
52.053249, 0.000000, 
52.940731, 0.000000, 
53.967196, 0.000000, 
55.048401, 0.000000, 
56.041303, 0.000000, 
56.911840, 0.000000, 
58.083057, 0.000000, 
58.906658, 0.000000, 
59.947685, 0.000000, 
61.009772, 0.000000, 
62.040654, 0.000000, 
63.036720, 0.000000, 
64.056709, 0.000000, 
65.030651, 0.000000, 
66.057591, 0.000000, 
67.070981, 0.000000, 
67.995459, 0.000000, 
68.968401, 0.000000, 
69.969312, 0.000000, 
71.003609, 0.000000, 
72.058199, 0.000000, 
72.975777, 0.000000, 
73.991869, 0.000000, 
74.905475, 0.000000, 
76.021389, 0.000000, 
76.949380, 0.000000, 
78.062837, 0.000000, 
79.081731, 0.000000, 
80.088825, 0.000000, 
81.071404, 0.000000, 
82.020387, 0.000000, 
82.906014, 0.000000, 
83.926094, 0.000000, 
84.977815, 0.000000, 
85.912286, 0.000000, 
86.980333, 0.000000, 
88.076314, 0.000000, 
88.929078, 0.000000, 
90.011564, 0.000000, 
91.024297, 0.000000, 
92.066398, 0.000000, 
93.047614, 0.000000, 
94.038510, 0.000000, 
94.913593, 0.000000, 
95.937699, 0.000000, 
97.017890, 0.000000, 
97.999161, 0.000000, 
98.930241, 0.000000, 
99.901614, 0.000000, 
100.983988, 0.000000, 
102.006200, 0.000000, 
102.991485, 0.000000, 
104.058833, 0.000000, 
104.947718, 0.000000, 
105.938440, 0.000000, 
107.027108, 0.000000, 
107.915587, 0.000000, 
109.040633, 0.000000, 
110.024715, 0.000000, 
111.088279, 0.000000, 
112.046778, 0.000000, 
113.000013, 0.000000, 
114.041079, 0.000000, 
115.059741, 0.000000, 
116.068819, 0.000000, 
116.950846, 0.000000, 
118.032549, 0.000000, 
119.051582, 0.000000, 
119.993253, 0.000000, 
120.908285, 0.000000, 
122.083995, 0.000000, 
123.048080, 0.000000, 
123.978715, 0.000000, 
124.976674, 0.000000, 
126.034268, 0.000000, 
127.036471, 0.000000, 
127.979668, 0.000000, 
129.065830, 0.000000, 
129.969014, 0.000000, 
130.955725, 0.000000, 
131.985585, 0.000000, 
133.009986, 0.000000, 
134.021234, 0.000000, 
134.955930, 0.000000, 
136.070684, 0.000000, 
136.953158, 0.000000, 
138.043962, 0.000000, 
138.942225, 0.000000, 
139.983402, 0.000000, 
140.942050, 0.000000, 
142.057203, 0.000000, 
142.982172, 0.000000, 
143.932811, 0.000000, 
144.914115, 0.000000, 
145.941557, 0.000000, 
146.918078, 0.000000, 
147.924350, 0.000000, 
148.921481, 0.000000, 
150.054746, 0.000000, 
150.966534, 0.000000, 
151.940954, 0.000000, 
152.977588, 0.000000, 
154.096221, 0.000000, 
155.093007, 0.000000, 
156.021629, 0.000000, 
156.925379, 0.000000, 
157.976279, 0.000000, 
158.956426, 0.000000, 
160.003313, 0.000000, 
160.964119, 0.000000, 
162.055850, 0.000000, 
162.909818, 0.000000, 
164.054796, 0.000000, 
165.001356, 0.000000, 
165.952568, 0.000000, 
166.914686, 0.000000, 
167.927975, 0.000000, 
168.939001, 0.000000, 
170.076366, 0.000000, 
171.041453, 0.000000, 
171.956577, 0.000000, 
173.026174, 0.000000, 
173.948460, 0.000000, 
175.076121, 0.000000, 
175.933467, 0.000000, 
176.979859, 0.000000, 
178.027488, 0.000000, 
179.035540, 0.000000, 
179.998808, 0.000000, 
180.959207, 0.000000, 
181.991697, 0.000000, 
182.929941, 0.000000, 
183.981716, 0.000000, 
184.980484, 0.000000, 
186.082195, 0.000000, 
186.949229, 0.000000, 
187.980389, 0.000000, 
189.005863, 0.000000, 
189.944642, 0.000000, 
191.023081, 0.000000, 
192.046928, 0.000000, 
192.934788, 0.000000, 
194.040392, 0.000000, 
194.925140, 0.000000, 
196.030356, 0.000000, 
196.901860, 0.000000, 
198.010127, 0.000000, 
199.077688, 0.000000, 
