0.098724, 0.000000, 
0.930816, 0.000000, 
2.043340, 0.000000, 
2.941273, 0.000000, 
3.995134, 0.000000, 
4.937490, 0.000000, 
5.945297, 0.000000, 
7.065687, 0.000000, 
8.045138, 0.000000, 
8.936565, 0.000000, 
10.016552, 0.000000, 
11.061111, 0.000000, 
11.926561, 0.000000, 
12.981893, 0.000000, 
14.075524, 0.000000, 
15.036915, 0.000000, 
16.026511, 0.000000, 
16.913844, 0.000000, 
18.036136, 0.000000, 
19.032028, 0.000000, 
19.991224, 0.000000, 
20.925153, 0.000000, 
22.006125, 0.000000, 
22.901951, 0.000000, 
23.910988, 0.000000, 
25.003575, 0.000000, 
26.048686, 0.000000, 
27.074111, 0.000000, 
27.987971, 0.000000, 
29.022201, 0.000000, 
30.092205, 0.000000, 
31.055655, 0.000000, 
32.078936, 0.000000, 
33.045535, 0.000000, 
34.032150, 0.000000, 
34.935119, 0.000000, 
35.931360, 0.000000, 
36.998305, 0.000000, 
38.055120, 0.000000, 
39.048039, 0.000000, 
39.906626, 0.000000, 
40.928465, 0.000000, 
42.035697, 0.000000, 
43.017649, 0.000000, 
44.034345, 0.000000, 
45.025483, 0.000000, 
45.939921, 0.000000, 
47.071634, 0.000000, 
47.922778, 0.000000, 
49.027628, 0.000000, 
50.087859, 0.000000, 
50.923705, 0.000000, 
51.972002, 0.000000, 
53.008212, 0.000000, 
54.009821, 0.000000, 
54.926600, 0.000000, 
55.912199, 0.000000, 
57.082648, 0.000000, 
57.965373, 0.000000, 
59.031734, 0.000000, 
59.902376, 0.000000, 
60.920440, 0.000000, 
61.960673, 0.000000, 
62.907199, 0.000000, 
63.912312, 0.000000, 
65.050361, 0.000000, 
66.080528, 0.000000, 
66.953217, 0.000000, 
67.962137, 0.000000, 
69.014608, 0.000000, 
69.998248, 0.000000, 
70.958898, 0.000000, 
71.902064, 0.000000, 
72.947946, 0.000000, 
73.948366, 0.000000, 
75.075099, 0.000000, 
76.016150, 0.000000, 
76.984231, 0.000000, 
77.926390, 0.000000, 
79.065171, 0.000000, 
80.068390, 0.000000, 
81.096298, 0.000000, 
82.086756, 0.000000, 
83.078004, 0.000000, 
84.082833, 0.000000, 
84.901898, 0.000000, 
85.982340, 0.000000, 
86.934862, 0.000000, 
87.942790, 0.000000, 
89.076142, 0.000000, 
90.094706, 0.000000, 
91.091952, 0.000000, 
91.967840, 0.000000, 
93.021825, 0.000000, 
94.070580, 0.000000, 
94.945106, 0.000000, 
96.092297, 0.000000, 
97.041970, 0.000000, 
97.914227, 0.000000, 
98.958052, 0.000000, 
99.996436, 0.000000, 
101.018132, 0.000000, 
101.921327, 0.000000, 
102.947928, 0.000000, 
104.095966, 0.000000, 
104.989428, 0.000000, 
105.997676, 0.000000, 
107.023732, 0.000000, 
108.021504, 0.000000, 
108.900711, 0.000000, 
110.061992, 0.000000, 
110.993374, 0.000000, 
112.098162, 0.000000, 
112.930185, 0.000000, 
113.956780, 0.000000, 
114.922407, 0.000000, 
115.980084, 0.000000, 
117.036498, 0.000000, 
118.012981, 0.000000, 
118.964109, 0.000000, 
120.066621, 0.000000, 
121.044312, 0.000000, 
121.929387, 0.000000, 
123.030890, 0.000000, 
123.917274, 0.000000, 
125.008023, 0.000000, 
126.002627, 0.000000, 
126.918950, 0.000000, 
128.062193, 0.000000, 
129.093660, 0.000000, 
130.046887, 0.000000, 
131.016806, 0.000000, 
132.057600, 0.000000, 
132.937063, 0.000000, 
133.917076, 0.000000, 
134.960329, 0.000000, 
136.090842, 0.000000, 
137.065898, 0.000000, 
137.920443, 0.000000, 
139.087861, 0.000000, 
140.030421, 0.000000, 
141.079659, 0.000000, 
141.956501, 0.000000, 
143.099419, 0.000000, 
143.926457, 0.000000, 
145.034070, 0.000000, 
146.023308, 0.000000, 
146.997052, 0.000000, 
148.097991, 0.000000, 
149.080042, 0.000000, 
149.907125, 0.000000, 
150.990093, 0.000000, 
152.040850, 0.000000, 
153.020029, 0.000000, 
153.936914, 0.000000, 
155.003147, 0.000000, 
156.082375, 0.000000, 
157.062677, 0.000000, 
157.901273, 0.000000, 
158.990395, 0.000000, 
159.941714, 0.000000, 
160.959076, 0.000000, 
161.984092, 0.000000, 
162.924744, 0.000000, 
163.916646, 0.000000, 
165.028888, 0.000000, 
165.917838, 0.000000, 
166.936877, 0.000000, 
168.024393, 0.000000, 
169.032674, 0.000000, 
170.028432, 0.000000, 
170.949187, 0.000000, 
172.072390, 0.000000, 
172.946742, 0.000000, 
173.980407, 0.000000, 
175.038862, 0.000000, 
176.023264, 0.000000, 
177.095719, 0.000000, 
177.933328, 0.000000, 
179.020111, 0.000000, 
179.979879, 0.000000, 
180.983817, 0.000000, 
182.029346, 0.000000, 
182.939433, 0.000000, 
184.071265, 0.000000, 
185.037720, 0.000000, 
185.938512, 0.000000, 
187.038901, 0.000000, 
187.984169, 0.000000, 
189.042278, 0.000000, 
189.950266, 0.000000, 
190.913090, 0.000000, 
192.071202, 0.000000, 
193.079617, 0.000000, 
193.948716, 0.000000, 
194.940594, 0.000000, 
196.030592, 0.000000, 
197.063080, 0.000000, 
198.048479, 0.000000, 
198.977850, 0.000000, 
