-0.355190, 0.000000, 
0.631406, 0.000000, 
2.158967, 0.000000, 
3.351279, 0.000000, 
4.168635, 0.000000, 
5.220992, 0.000000, 
5.743934, 0.000000, 
7.235247, 0.000000, 
7.788759, 0.000000, 
8.712890, 0.000000, 
9.735299, 0.000000, 
11.075190, 0.000000, 
12.271044, 0.000000, 
12.988153, 0.000000, 
13.751049, 0.000000, 
14.617587, 0.000000, 
15.638106, 0.000000, 
16.682594, 0.000000, 
17.742730, 0.000000, 
19.064007, 0.000000, 
20.319842, 0.000000, 
20.946179, 0.000000, 
22.072094, 0.000000, 
22.845477, 0.000000, 
24.079780, 0.000000, 
25.248512, 0.000000, 
25.700791, 0.000000, 
27.166780, 0.000000, 
27.756884, 0.000000, 
28.788693, 0.000000, 
29.794615, 0.000000, 
31.036521, 0.000000, 
31.772377, 0.000000, 
32.988948, 0.000000, 
33.978356, 0.000000, 
35.396664, 0.000000, 
35.973650, 0.000000, 
36.692524, 0.000000, 
37.645588, 0.000000, 
39.069606, 0.000000, 
39.802606, 0.000000, 
41.359613, 0.000000, 
41.906720, 0.000000, 
42.643705, 0.000000, 
43.877799, 0.000000, 
44.826261, 0.000000, 
45.693943, 0.000000, 
46.652831, 0.000000, 
48.253927, 0.000000, 
49.337876, 0.000000, 
50.166757, 0.000000, 
50.680752, 0.000000, 
52.341677, 0.000000, 
52.762064, 0.000000, 
53.723239, 0.000000, 
55.312282, 0.000000, 
55.872566, 0.000000, 
56.652726, 0.000000, 
58.083398, 0.000000, 
58.773098, 0.000000, 
59.891164, 0.000000, 
60.617568, 0.000000, 
61.661770, 0.000000, 
63.070347, 0.000000, 
64.265499, 0.000000, 
65.259261, 0.000000, 
66.016283, 0.000000, 
66.632421, 0.000000, 
68.174940, 0.000000, 
69.382799, 0.000000, 
69.929098, 0.000000, 
70.605008, 0.000000, 
71.882914, 0.000000, 
73.208037, 0.000000, 
74.380195, 0.000000, 
75.046561, 0.000000, 
76.296795, 0.000000, 
77.129157, 0.000000, 
78.092589, 0.000000, 
78.990429, 0.000000, 
80.277618, 0.000000, 
80.646461, 0.000000, 
81.946610, 0.000000, 
83.289378, 0.000000, 
83.757378, 0.000000, 
85.260574, 0.000000, 
86.214203, 0.000000, 
86.986998, 0.000000, 
87.629372, 0.000000, 
89.252909, 0.000000, 
89.700053, 0.000000, 
90.837929, 0.000000, 
92.020779, 0.000000, 
92.628501, 0.000000, 
93.882907, 0.000000, 
95.121332, 0.000000, 
96.079614, 0.000000, 
96.840830, 0.000000, 
98.189641, 0.000000, 
98.855401, 0.000000, 
99.768332, 0.000000, 
100.739347, 0.000000, 
102.040639, 0.000000, 
103.199400, 0.000000, 
104.364541, 0.000000, 
105.310488, 0.000000, 
105.969396, 0.000000, 
107.021102, 0.000000, 
108.005300, 0.000000, 
108.973974, 0.000000, 
109.636915, 0.000000, 
110.926250, 0.000000, 
111.673564, 0.000000, 
113.332651, 0.000000, 
113.602179, 0.000000, 
114.928324, 0.000000, 
115.776013, 0.000000, 
117.115323, 0.000000, 
117.921960, 0.000000, 
118.897628, 0.000000, 
120.121417, 0.000000, 
121.360759, 0.000000, 
121.725941, 0.000000, 
122.864659, 0.000000, 
123.713071, 0.000000, 
125.107563, 0.000000, 
126.203180, 0.000000, 
127.227068, 0.000000, 
127.963285, 0.000000, 
129.341685, 0.000000, 
130.348190, 0.000000, 
130.966864, 0.000000, 
131.717896, 0.000000, 
132.860467, 0.000000, 
134.391671, 0.000000, 
134.684337, 0.000000, 
135.675386, 0.000000, 
137.347967, 0.000000, 
138.306761, 0.000000, 
139.098555, 0.000000, 
139.608822, 0.000000, 
141.141508, 0.000000, 
141.809420, 0.000000, 
143.167425, 0.000000, 
143.713622, 0.000000, 
145.003308, 0.000000, 
146.354024, 0.000000, 
146.962334, 0.000000, 
147.708607, 0.000000, 
148.741261, 0.000000, 
149.768316, 0.000000, 
151.260916, 0.000000, 
152.049993, 0.000000, 
153.076495, 0.000000, 
153.970361, 0.000000, 
154.832477, 0.000000, 
155.658845, 0.000000, 
156.667642, 0.000000, 
158.096560, 0.000000, 
159.120095, 0.000000, 
159.623052, 0.000000, 
160.775251, 0.000000, 
162.166453, 0.000000, 
162.877257, 0.000000, 
164.234040, 0.000000, 
164.895338, 0.000000, 
165.693569, 0.000000, 
166.814410, 0.000000, 
167.750485, 0.000000, 
168.834297, 0.000000, 
169.697830, 0.000000, 
170.903706, 0.000000, 
171.738611, 0.000000, 
173.337830, 0.000000, 
173.703335, 0.000000, 
174.932470, 0.000000, 
176.354226, 0.000000, 
176.832703, 0.000000, 
178.096921, 0.000000, 
179.164808, 0.000000, 
179.931929, 0.000000, 
181.296386, 0.000000, 
181.706903, 0.000000, 
183.159494, 0.000000, 
184.285277, 0.000000, 
184.864596, 0.000000, 
186.101316, 0.000000, 
187.007376, 0.000000, 
187.821772, 0.000000, 
188.893745, 0.000000, 
190.381129, 0.000000, 
190.915467, 0.000000, 
191.603278, 0.000000, 
192.709683, 0.000000, 
193.993335, 0.000000, 
194.835957, 0.000000, 
196.156798, 0.000000, 
197.165632, 0.000000, 
197.817355, 0.000000, 
199.132238, 0.000000, 
