0.338339, 0.000000, 
1.392239, 0.000000, 
2.250825, 0.000000, 
2.853886, 0.000000, 
3.863725, 0.000000, 
5.263466, 0.000000, 
5.773348, 0.000000, 
6.614810, 0.000000, 
7.737712, 0.000000, 
9.027516, 0.000000, 
9.898533, 0.000000, 
10.977336, 0.000000, 
11.604080, 0.000000, 
13.442100, 0.000000, 
14.258910, 0.000000, 
14.744244, 0.000000, 
16.445203, 0.000000, 
16.724272, 0.000000, 
17.704897, 0.000000, 
19.009311, 0.000000, 
19.957411, 0.000000, 
21.150040, 0.000000, 
22.413613, 0.000000, 
22.636972, 0.000000, 
24.353978, 0.000000, 
25.181742, 0.000000, 
26.162990, 0.000000, 
27.153039, 0.000000, 
27.514390, 0.000000, 
29.363116, 0.000000, 
29.569730, 0.000000, 
30.670974, 0.000000, 
32.089620, 0.000000, 
32.562899, 0.000000, 
34.336050, 0.000000, 
34.557966, 0.000000, 
35.664747, 0.000000, 
37.433147, 0.000000, 
37.688954, 0.000000, 
39.382834, 0.000000, 
40.118689, 0.000000, 
40.799316, 0.000000, 
42.474244, 0.000000, 
43.249809, 0.000000, 
43.687712, 0.000000, 
44.709126, 0.000000, 
46.029958, 0.000000, 
47.025770, 0.000000, 
47.578575, 0.000000, 
48.823503, 0.000000, 
49.975718, 0.000000, 
51.362038, 0.000000, 
51.971116, 0.000000, 
52.993293, 0.000000, 
53.855906, 0.000000, 
55.175937, 0.000000, 
56.294497, 0.000000, 
57.219243, 0.000000, 
57.881567, 0.000000, 
58.950424, 0.000000, 
59.786422, 0.000000, 
60.759649, 0.000000, 
62.297132, 0.000000, 
62.642666, 0.000000, 
64.396901, 0.000000, 
65.023560, 0.000000, 
65.732977, 0.000000, 
67.488416, 0.000000, 
68.488319, 0.000000, 
69.058053, 0.000000, 
70.424282, 0.000000, 
71.167294, 0.000000, 
71.557772, 0.000000, 
72.726449, 0.000000, 
74.424873, 0.000000, 
74.510460, 0.000000, 
75.823961, 0.000000, 
77.069403, 0.000000, 
78.209015, 0.000000, 
79.240029, 0.000000, 
80.455294, 0.000000, 
80.591490, 0.000000, 
82.307389, 0.000000, 
83.165823, 0.000000, 
84.418621, 0.000000, 
85.113567, 0.000000, 
86.125951, 0.000000, 
87.216524, 0.000000, 
87.709903, 0.000000, 
89.486507, 0.000000, 
90.366209, 0.000000, 
90.832378, 0.000000, 
92.241941, 0.000000, 
92.850436, 0.000000, 
93.647704, 0.000000, 
95.339861, 0.000000, 
96.498072, 0.000000, 
97.250733, 0.000000, 
98.003908, 0.000000, 
99.346973, 0.000000, 
100.184723, 0.000000, 
100.677211, 0.000000, 
101.863103, 0.000000, 
102.513263, 0.000000, 
103.743151, 0.000000, 
105.480915, 0.000000, 
105.748402, 0.000000, 
107.437248, 0.000000, 
108.007456, 0.000000, 
108.585206, 0.000000, 
109.616765, 0.000000, 
110.538289, 0.000000, 
111.792760, 0.000000, 
113.223900, 0.000000, 
113.843345, 0.000000, 
114.765929, 0.000000, 
115.990230, 0.000000, 
117.435994, 0.000000, 
117.761194, 0.000000, 
119.096497, 0.000000, 
119.905239, 0.000000, 
121.281233, 0.000000, 
122.014284, 0.000000, 
123.142861, 0.000000, 
123.522448, 0.000000, 
124.994191, 0.000000, 
126.405953, 0.000000, 
126.997473, 0.000000, 
127.971920, 0.000000, 
128.562754, 0.000000, 
130.179159, 0.000000, 
130.931079, 0.000000, 
131.656058, 0.000000, 
133.101674, 0.000000, 
134.076724, 0.000000, 
135.461298, 0.000000, 
136.463028, 0.000000, 
136.849066, 0.000000, 
138.183492, 0.000000, 
138.923420, 0.000000, 
139.977676, 0.000000, 
141.349252, 0.000000, 
142.125477, 0.000000, 
143.307552, 0.000000, 
144.047748, 0.000000, 
144.997160, 0.000000, 
145.719355, 0.000000, 
146.719655, 0.000000, 
147.974447, 0.000000, 
149.382181, 0.000000, 
150.448563, 0.000000, 
150.636155, 0.000000, 
152.044501, 0.000000, 
152.745414, 0.000000, 
154.397429, 0.000000, 
155.077312, 0.000000, 
155.961915, 0.000000, 
157.485314, 0.000000, 
158.044071, 0.000000, 
158.920889, 0.000000, 
160.015713, 0.000000, 
160.866678, 0.000000, 
161.833462, 0.000000, 
163.360177, 0.000000, 
164.195961, 0.000000, 
164.776101, 0.000000, 
165.798745, 0.000000, 
167.455417, 0.000000, 
167.618481, 0.000000, 
169.024072, 0.000000, 
169.872562, 0.000000, 
171.337958, 0.000000, 
172.444724, 0.000000, 
173.156600, 0.000000, 
173.802502, 0.000000, 
174.597505, 0.000000, 
175.804187, 0.000000, 
177.111283, 0.000000, 
178.256876, 0.000000, 
179.410513, 0.000000, 
179.879695, 0.000000, 
181.233591, 0.000000, 
182.159947, 0.000000, 
182.857720, 0.000000, 
183.712939, 0.000000, 
184.533095, 0.000000, 
186.327392, 0.000000, 
186.934141, 0.000000, 
188.295448, 0.000000, 
189.105166, 0.000000, 
189.717932, 0.000000, 
190.533944, 0.000000, 
191.879141, 0.000000, 
193.315501, 0.000000, 
193.678635, 0.000000, 
195.075257, 0.000000, 
195.601802, 0.000000, 
196.615410, 0.000000, 
198.209705, 0.000000, 
199.237598, 0.000000, 
