0.351907, 0.000000, 
0.751445, 0.000000, 
1.742521, 0.000000, 
2.690861, 0.000000, 
4.376809, 0.000000, 
4.920241, 0.000000, 
5.610836, 0.000000, 
7.291099, 0.000000, 
7.841210, 0.000000, 
9.055140, 0.000000, 
9.996799, 0.000000, 
11.264806, 0.000000, 
12.256188, 0.000000, 
13.021240, 0.000000, 
13.636876, 0.000000, 
15.206610, 0.000000, 
16.169132, 0.000000, 
16.853438, 0.000000, 
18.076564, 0.000000, 
19.381262, 0.000000, 
19.903341, 0.000000, 
21.041297, 0.000000, 
21.642880, 0.000000, 
22.662202, 0.000000, 
23.958602, 0.000000, 
25.147174, 0.000000, 
26.384329, 0.000000, 
26.734197, 0.000000, 
27.795926, 0.000000, 
28.632122, 0.000000, 
30.113193, 0.000000, 
31.105645, 0.000000, 
32.324036, 0.000000, 
32.938961, 0.000000, 
34.367420, 0.000000, 
35.281430, 0.000000, 
35.988869, 0.000000, 
37.048091, 0.000000, 
37.825020, 0.000000, 
39.391130, 0.000000, 
39.659209, 0.000000, 
40.658651, 0.000000, 
42.186181, 0.000000, 
42.776825, 0.000000, 
43.985085, 0.000000, 
45.248205, 0.000000, 
45.979467, 0.000000, 
47.149935, 0.000000, 
47.783026, 0.000000, 
48.614658, 0.000000, 
50.325831, 0.000000, 
51.387979, 0.000000, 
52.080928, 0.000000, 
52.985526, 0.000000, 
54.034420, 0.000000, 
54.763472, 0.000000, 
55.885157, 0.000000, 
56.605015, 0.000000, 
58.388864, 0.000000, 
59.391771, 0.000000, 
60.256541, 0.000000, 
61.074139, 0.000000, 
61.750289, 0.000000, 
62.683557, 0.000000, 
63.726493, 0.000000, 
64.661270, 0.000000, 
66.321267, 0.000000, 
66.934108, 0.000000, 
68.352062, 0.000000, 
69.293236, 0.000000, 
69.866552, 0.000000, 
71.093982, 0.000000, 
72.047483, 0.000000, 
73.121534, 0.000000, 
74.257966, 0.000000, 
74.654380, 0.000000, 
76.261583, 0.000000, 
77.391879, 0.000000, 
77.775345, 0.000000, 
79.338227, 0.000000, 
79.889485, 0.000000, 
80.762358, 0.000000, 
82.198256, 0.000000, 
83.334422, 0.000000, 
83.681244, 0.000000, 
84.912283, 0.000000, 
85.821973, 0.000000, 
86.618552, 0.000000, 
88.287954, 0.000000, 
89.004177, 0.000000, 
89.804772, 0.000000, 
90.815802, 0.000000, 
91.841249, 0.000000, 
92.802730, 0.000000, 
93.866774, 0.000000, 
94.708727, 0.000000, 
95.936498, 0.000000, 
96.620285, 0.000000, 
97.884890, 0.000000, 
99.132824, 0.000000, 
100.303803, 0.000000, 
101.235304, 0.000000, 
102.179751, 0.000000, 
103.036618, 0.000000, 
104.326012, 0.000000, 
105.323072, 0.000000, 
105.854992, 0.000000, 
107.018993, 0.000000, 
107.898062, 0.000000, 
108.862058, 0.000000, 
110.035244, 0.000000, 
110.834005, 0.000000, 
111.679052, 0.000000, 
112.907847, 0.000000, 
113.669075, 0.000000, 
114.918059, 0.000000, 
115.896245, 0.000000, 
117.257197, 0.000000, 
117.611955, 0.000000, 
118.850543, 0.000000, 
119.683749, 0.000000, 
121.008418, 0.000000, 
121.792198, 0.000000, 
122.601466, 0.000000, 
123.785390, 0.000000, 
125.219929, 0.000000, 
125.710056, 0.000000, 
126.698304, 0.000000, 
128.074913, 0.000000, 
128.866183, 0.000000, 
130.074862, 0.000000, 
130.707923, 0.000000, 
132.344398, 0.000000, 
132.602969, 0.000000, 
133.842225, 0.000000, 
135.294211, 0.000000, 
136.144941, 0.000000, 
137.252030, 0.000000, 
138.103935, 0.000000, 
139.040171, 0.000000, 
139.705658, 0.000000, 
140.850901, 0.000000, 
142.048484, 0.000000, 
143.366470, 0.000000, 
143.610950, 0.000000, 
144.922417, 0.000000, 
145.954392, 0.000000, 
147.018331, 0.000000, 
148.052565, 0.000000, 
149.263365, 0.000000, 
149.976148, 0.000000, 
151.317382, 0.000000, 
152.361446, 0.000000, 
153.106967, 0.000000, 
153.667397, 0.000000, 
155.044959, 0.000000, 
155.758490, 0.000000, 
156.815040, 0.000000, 
157.934026, 0.000000, 
159.255080, 0.000000, 
160.045515, 0.000000, 
161.104731, 0.000000, 
162.131458, 0.000000, 
163.188557, 0.000000, 
163.646328, 0.000000, 
164.834790, 0.000000, 
165.975651, 0.000000, 
167.078997, 0.000000, 
168.273113, 0.000000, 
169.176928, 0.000000, 
170.370713, 0.000000, 
171.113137, 0.000000, 
172.191939, 0.000000, 
172.831579, 0.000000, 
174.294721, 0.000000, 
174.834235, 0.000000, 
175.980127, 0.000000, 
176.991650, 0.000000, 
177.755382, 0.000000, 
178.671767, 0.000000, 
180.046514, 0.000000, 
181.243611, 0.000000, 
182.282975, 0.000000, 
182.817642, 0.000000, 
183.714217, 0.000000, 
185.395098, 0.000000, 
186.070885, 0.000000, 
186.796414, 0.000000, 
187.989402, 0.000000, 
189.361454, 0.000000, 
190.204249, 0.000000, 
190.965272, 0.000000, 
192.172923, 0.000000, 
192.849189, 0.000000, 
193.660115, 0.000000, 
195.249675, 0.000000, 
196.246745, 0.000000, 
197.032124, 0.000000, 
197.969316, 0.000000, 
198.779127, 0.000000, 
