-0.109664, 0.000000, 
1.023236, 0.000000, 
2.180999, 0.000000, 
3.073861, 0.000000, 
4.098603, 0.000000, 
4.852798, 0.000000, 
6.123007, 0.000000, 
6.956159, 0.000000, 
7.898363, 0.000000, 
9.030009, 0.000000, 
9.888629, 0.000000, 
10.866814, 0.000000, 
11.849347, 0.000000, 
13.013354, 0.000000, 
14.095884, 0.000000, 
15.075222, 0.000000, 
15.950786, 0.000000, 
17.011206, 0.000000, 
17.812035, 0.000000, 
19.119272, 0.000000, 
19.867266, 0.000000, 
20.941514, 0.000000, 
22.167025, 0.000000, 
22.844715, 0.000000, 
24.172206, 0.000000, 
24.867901, 0.000000, 
26.177425, 0.000000, 
26.868284, 0.000000, 
28.139804, 0.000000, 
29.168432, 0.000000, 
30.149521, 0.000000, 
31.125138, 0.000000, 
31.935981, 0.000000, 
32.922485, 0.000000, 
34.172101, 0.000000, 
35.183851, 0.000000, 
35.984901, 0.000000, 
36.837730, 0.000000, 
38.125069, 0.000000, 
38.863367, 0.000000, 
40.066762, 0.000000, 
40.948935, 0.000000, 
41.910579, 0.000000, 
42.845856, 0.000000, 
44.116255, 0.000000, 
44.841284, 0.000000, 
45.816122, 0.000000, 
47.049310, 0.000000, 
47.928054, 0.000000, 
48.986123, 0.000000, 
50.197552, 0.000000, 
51.074300, 0.000000, 
52.007105, 0.000000, 
53.004940, 0.000000, 
53.975015, 0.000000, 
55.036990, 0.000000, 
56.092253, 0.000000, 
57.022594, 0.000000, 
58.038709, 0.000000, 
58.988276, 0.000000, 
60.190427, 0.000000, 
60.802534, 0.000000, 
61.890222, 0.000000, 
63.014311, 0.000000, 
63.932584, 0.000000, 
64.995956, 0.000000, 
66.070149, 0.000000, 
67.020694, 0.000000, 
67.976095, 0.000000, 
69.146026, 0.000000, 
69.936296, 0.000000, 
71.171948, 0.000000, 
72.179250, 0.000000, 
73.006030, 0.000000, 
73.998652, 0.000000, 
74.838291, 0.000000, 
75.830743, 0.000000, 
76.826312, 0.000000, 
78.175877, 0.000000, 
79.182308, 0.000000, 
80.042547, 0.000000, 
80.885859, 0.000000, 
81.932299, 0.000000, 
83.159041, 0.000000, 
84.182118, 0.000000, 
85.036739, 0.000000, 
85.923153, 0.000000, 
87.111909, 0.000000, 
87.909602, 0.000000, 
88.811317, 0.000000, 
89.930292, 0.000000, 
91.041335, 0.000000, 
92.077472, 0.000000, 
92.984990, 0.000000, 
93.854531, 0.000000, 
94.935630, 0.000000, 
96.084017, 0.000000, 
96.889451, 0.000000, 
97.985282, 0.000000, 
99.154393, 0.000000, 
99.901431, 0.000000, 
100.937607, 0.000000, 
102.121138, 0.000000, 
102.879490, 0.000000, 
103.869466, 0.000000, 
105.127349, 0.000000, 
105.816557, 0.000000, 
107.085600, 0.000000, 
108.054309, 0.000000, 
109.115772, 0.000000, 
109.818518, 0.000000, 
111.077662, 0.000000, 
111.868957, 0.000000, 
113.162027, 0.000000, 
113.811568, 0.000000, 
115.002353, 0.000000, 
115.880738, 0.000000, 
116.812163, 0.000000, 
117.878651, 0.000000, 
119.000418, 0.000000, 
119.849702, 0.000000, 
121.088209, 0.000000, 
122.110271, 0.000000, 
122.951550, 0.000000, 
123.882069, 0.000000, 
125.061279, 0.000000, 
126.059320, 0.000000, 
127.040950, 0.000000, 
127.870064, 0.000000, 
128.914645, 0.000000, 
130.077957, 0.000000, 
130.964316, 0.000000, 
131.923234, 0.000000, 
132.823366, 0.000000, 
133.947820, 0.000000, 
135.146391, 0.000000, 
135.943992, 0.000000, 
137.062162, 0.000000, 
138.047099, 0.000000, 
139.098909, 0.000000, 
139.960102, 0.000000, 
140.811415, 0.000000, 
141.815525, 0.000000, 
142.823309, 0.000000, 
143.893019, 0.000000, 
145.166440, 0.000000, 
145.998260, 0.000000, 
146.803102, 0.000000, 
147.870588, 0.000000, 
149.115368, 0.000000, 
150.120229, 0.000000, 
151.104474, 0.000000, 
151.819107, 0.000000, 
153.063715, 0.000000, 
154.102380, 0.000000, 
154.988132, 0.000000, 
156.078016, 0.000000, 
157.017887, 0.000000, 
157.982138, 0.000000, 
159.014703, 0.000000, 
160.021006, 0.000000, 
161.015043, 0.000000, 
162.013881, 0.000000, 
163.103974, 0.000000, 
163.875173, 0.000000, 
164.930773, 0.000000, 
166.110716, 0.000000, 
167.114704, 0.000000, 
167.931916, 0.000000, 
169.052714, 0.000000, 
169.962388, 0.000000, 
170.888445, 0.000000, 
171.892338, 0.000000, 
173.111261, 0.000000, 
174.019464, 0.000000, 
175.041082, 0.000000, 
176.157992, 0.000000, 
177.154497, 0.000000, 
178.061088, 0.000000, 
179.155563, 0.000000, 
180.096911, 0.000000, 
180.800474, 0.000000, 
181.930317, 0.000000, 
182.991240, 0.000000, 
184.017481, 0.000000, 
184.817595, 0.000000, 
186.069599, 0.000000, 
186.805676, 0.000000, 
187.987665, 0.000000, 
188.949494, 0.000000, 
190.171215, 0.000000, 
191.089471, 0.000000, 
192.172084, 0.000000, 
193.185702, 0.000000, 
194.057810, 0.000000, 
195.143963, 0.000000, 
195.935974, 0.000000, 
196.972871, 0.000000, 
198.176214, 0.000000, 
199.191458, 0.000000, 
