-0.045303, 0.000000, 
0.616707, 0.000000, 
2.209152, 0.000000, 
3.273839, 0.000000, 
3.779244, 0.000000, 
5.143355, 0.000000, 
5.797578, 0.000000, 
7.030176, 0.000000, 
7.724783, 0.000000, 
8.824066, 0.000000, 
10.132403, 0.000000, 
10.816300, 0.000000, 
11.923013, 0.000000, 
12.702821, 0.000000, 
13.821699, 0.000000, 
14.634614, 0.000000, 
15.663654, 0.000000, 
16.832920, 0.000000, 
18.260455, 0.000000, 
18.687262, 0.000000, 
19.883513, 0.000000, 
20.966617, 0.000000, 
22.166197, 0.000000, 
22.951364, 0.000000, 
24.301586, 0.000000, 
24.948991, 0.000000, 
26.133198, 0.000000, 
27.146434, 0.000000, 
28.379744, 0.000000, 
29.284796, 0.000000, 
29.680527, 0.000000, 
30.973290, 0.000000, 
31.618826, 0.000000, 
32.959183, 0.000000, 
33.656252, 0.000000, 
34.862412, 0.000000, 
36.089748, 0.000000, 
36.760192, 0.000000, 
38.265833, 0.000000, 
39.278871, 0.000000, 
40.076113, 0.000000, 
41.202356, 0.000000, 
41.624420, 0.000000, 
43.015548, 0.000000, 
44.036185, 0.000000, 
44.986334, 0.000000, 
45.853437, 0.000000, 
47.120281, 0.000000, 
47.702282, 0.000000, 
49.000692, 0.000000, 
50.353478, 0.000000, 
51.376319, 0.000000, 
52.381902, 0.000000, 
52.747066, 0.000000, 
53.999093, 0.000000, 
55.087394, 0.000000, 
55.637221, 0.000000, 
56.832127, 0.000000, 
58.345928, 0.000000, 
59.273475, 0.000000, 
60.353008, 0.000000, 
60.821844, 0.000000, 
61.800589, 0.000000, 
63.053292, 0.000000, 
64.297091, 0.000000, 
65.343744, 0.000000, 
66.131647, 0.000000, 
67.368617, 0.000000, 
68.318521, 0.000000, 
68.904647, 0.000000, 
69.628298, 0.000000, 
71.119038, 0.000000, 
71.647413, 0.000000, 
72.667353, 0.000000, 
74.029875, 0.000000, 
75.260484, 0.000000, 
75.627554, 0.000000, 
76.617012, 0.000000, 
78.387605, 0.000000, 
79.142819, 0.000000, 
79.836912, 0.000000, 
81.012653, 0.000000, 
81.678187, 0.000000, 
82.943055, 0.000000, 
84.118667, 0.000000, 
84.817536, 0.000000, 
86.133770, 0.000000, 
87.339216, 0.000000, 
88.382396, 0.000000, 
89.014364, 0.000000, 
89.871889, 0.000000, 
91.018230, 0.000000, 
92.338864, 0.000000, 
92.623924, 0.000000, 
94.194874, 0.000000, 
94.611295, 0.000000, 
96.108498, 0.000000, 
97.258299, 0.000000, 
97.696642, 0.000000, 
98.939177, 0.000000, 
100.078978, 0.000000, 
100.913400, 0.000000, 
101.921343, 0.000000, 
102.899607, 0.000000, 
103.718799, 0.000000, 
104.965180, 0.000000, 
105.941646, 0.000000, 
107.062198, 0.000000, 
107.928948, 0.000000, 
108.728393, 0.000000, 
109.959084, 0.000000, 
110.748009, 0.000000, 
112.069215, 0.000000, 
113.374454, 0.000000, 
113.611075, 0.000000, 
114.712305, 0.000000, 
115.735647, 0.000000, 
116.950721, 0.000000, 
118.318022, 0.000000, 
119.272146, 0.000000, 
119.600869, 0.000000, 
120.854458, 0.000000, 
122.286741, 0.000000, 
122.843208, 0.000000, 
123.662623, 0.000000, 
124.832781, 0.000000, 
125.633749, 0.000000, 
126.601813, 0.000000, 
128.262098, 0.000000, 
129.279088, 0.000000, 
129.767142, 0.000000, 
131.335327, 0.000000, 
132.013319, 0.000000, 
132.714678, 0.000000, 
134.146628, 0.000000, 
135.356916, 0.000000, 
135.714302, 0.000000, 
136.704852, 0.000000, 
138.027729, 0.000000, 
138.745476, 0.000000, 
140.266445, 0.000000, 
141.086380, 0.000000, 
142.383311, 0.000000, 
143.136827, 0.000000, 
144.053704, 0.000000, 
145.268530, 0.000000, 
146.286201, 0.000000, 
146.955188, 0.000000, 
148.248848, 0.000000, 
148.657189, 0.000000, 
149.618575, 0.000000, 
151.013404, 0.000000, 
151.818653, 0.000000, 
152.646233, 0.000000, 
153.940390, 0.000000, 
155.300092, 0.000000, 
156.224166, 0.000000, 
157.180957, 0.000000, 
157.888872, 0.000000, 
159.357739, 0.000000, 
160.119678, 0.000000, 
160.782745, 0.000000, 
162.297587, 0.000000, 
163.062108, 0.000000, 
164.384875, 0.000000, 
165.063777, 0.000000, 
165.787286, 0.000000, 
167.260291, 0.000000, 
168.101804, 0.000000, 
168.975466, 0.000000, 
169.972923, 0.000000, 
170.887176, 0.000000, 
172.244128, 0.000000, 
172.756790, 0.000000, 
173.976590, 0.000000, 
175.297712, 0.000000, 
176.084547, 0.000000, 
177.176731, 0.000000, 
178.353372, 0.000000, 
178.911488, 0.000000, 
179.825131, 0.000000, 
181.127843, 0.000000, 
182.281737, 0.000000, 
182.614197, 0.000000, 
183.754771, 0.000000, 
184.818401, 0.000000, 
185.601265, 0.000000, 
187.065346, 0.000000, 
188.056626, 0.000000, 
188.632279, 0.000000, 
190.291710, 0.000000, 
190.870674, 0.000000, 
191.677379, 0.000000, 
192.793387, 0.000000, 
194.020593, 0.000000, 
194.861997, 0.000000, 
195.727958, 0.000000, 
196.820779, 0.000000, 
198.199619, 0.000000, 
198.734479, 0.000000, 
