-0.035852, 0.000000, 
1.017031, 0.000000, 
1.930092, 0.000000, 
3.004918, 0.000000, 
3.854336, 0.000000, 
4.915169, 0.000000, 
6.148152, 0.000000, 
7.167254, 0.000000, 
8.197703, 0.000000, 
9.102561, 0.000000, 
9.968324, 0.000000, 
10.829410, 0.000000, 
11.972371, 0.000000, 
12.807755, 0.000000, 
14.125850, 0.000000, 
15.106847, 0.000000, 
15.945847, 0.000000, 
17.169220, 0.000000, 
18.013506, 0.000000, 
19.027686, 0.000000, 
19.915083, 0.000000, 
20.849590, 0.000000, 
22.168227, 0.000000, 
23.048070, 0.000000, 
23.902000, 0.000000, 
24.968647, 0.000000, 
26.198566, 0.000000, 
27.040429, 0.000000, 
27.816038, 0.000000, 
29.006309, 0.000000, 
29.950852, 0.000000, 
31.093442, 0.000000, 
31.823403, 0.000000, 
33.040482, 0.000000, 
33.853332, 0.000000, 
34.981014, 0.000000, 
36.157693, 0.000000, 
37.066128, 0.000000, 
37.979902, 0.000000, 
39.090893, 0.000000, 
39.879873, 0.000000, 
41.016380, 0.000000, 
41.984750, 0.000000, 
43.020385, 0.000000, 
44.070405, 0.000000, 
45.033593, 0.000000, 
46.135929, 0.000000, 
46.887595, 0.000000, 
47.941989, 0.000000, 
49.098546, 0.000000, 
49.895535, 0.000000, 
50.822062, 0.000000, 
51.895743, 0.000000, 
52.896429, 0.000000, 
54.103656, 0.000000, 
54.858966, 0.000000, 
56.000149, 0.000000, 
57.049954, 0.000000, 
58.148699, 0.000000, 
58.911496, 0.000000, 
59.925423, 0.000000, 
60.981703, 0.000000, 
61.922006, 0.000000, 
63.006805, 0.000000, 
64.178651, 0.000000, 
64.835348, 0.000000, 
65.944782, 0.000000, 
66.879273, 0.000000, 
67.897879, 0.000000, 
68.879561, 0.000000, 
69.993788, 0.000000, 
71.171428, 0.000000, 
72.140527, 0.000000, 
73.041977, 0.000000, 
73.859001, 0.000000, 
75.048469, 0.000000, 
75.940286, 0.000000, 
77.187483, 0.000000, 
77.880142, 0.000000, 
78.851712, 0.000000, 
79.963679, 0.000000, 
81.004740, 0.000000, 
81.943056, 0.000000, 
83.058715, 0.000000, 
84.169348, 0.000000, 
84.878111, 0.000000, 
86.008519, 0.000000, 
86.848025, 0.000000, 
88.165819, 0.000000, 
88.852454, 0.000000, 
90.159766, 0.000000, 
91.015879, 0.000000, 
92.014935, 0.000000, 
92.945866, 0.000000, 
94.169056, 0.000000, 
95.095568, 0.000000, 
95.809136, 0.000000, 
97.186976, 0.000000, 
97.982902, 0.000000, 
98.987876, 0.000000, 
100.041912, 0.000000, 
101.137766, 0.000000, 
101.913938, 0.000000, 
103.100519, 0.000000, 
104.112393, 0.000000, 
104.829300, 0.000000, 
106.017394, 0.000000, 
107.005191, 0.000000, 
107.845898, 0.000000, 
108.864211, 0.000000, 
110.053853, 0.000000, 
110.929052, 0.000000, 
112.083060, 0.000000, 
112.902488, 0.000000, 
113.883468, 0.000000, 
115.094255, 0.000000, 
115.855361, 0.000000, 
117.154011, 0.000000, 
117.962561, 0.000000, 
119.056408, 0.000000, 
119.902068, 0.000000, 
120.864279, 0.000000, 
121.828714, 0.000000, 
122.912506, 0.000000, 
124.083908, 0.000000, 
124.981696, 0.000000, 
125.878813, 0.000000, 
127.169046, 0.000000, 
128.156958, 0.000000, 
128.825203, 0.000000, 
130.116293, 0.000000, 
131.004401, 0.000000, 
131.986844, 0.000000, 
132.966851, 0.000000, 
134.053284, 0.000000, 
134.914627, 0.000000, 
135.813160, 0.000000, 
137.061247, 0.000000, 
137.872955, 0.000000, 
138.976138, 0.000000, 
140.068280, 0.000000, 
140.804018, 0.000000, 
141.966484, 0.000000, 
143.187950, 0.000000, 
144.029488, 0.000000, 
144.946910, 0.000000, 
146.177510, 0.000000, 
147.158401, 0.000000, 
147.809435, 0.000000, 
148.855849, 0.000000, 
149.977072, 0.000000, 
150.836482, 0.000000, 
151.951612, 0.000000, 
153.074167, 0.000000, 
153.975986, 0.000000, 
155.006228, 0.000000, 
156.176084, 0.000000, 
157.006724, 0.000000, 
158.024209, 0.000000, 
158.989432, 0.000000, 
160.175852, 0.000000, 
161.165437, 0.000000, 
162.115564, 0.000000, 
163.197135, 0.000000, 
164.124816, 0.000000, 
164.993758, 0.000000, 
165.906253, 0.000000, 
166.973869, 0.000000, 
167.961735, 0.000000, 
169.089148, 0.000000, 
170.098754, 0.000000, 
170.980212, 0.000000, 
171.925140, 0.000000, 
172.862206, 0.000000, 
174.040856, 0.000000, 
175.166095, 0.000000, 
175.992309, 0.000000, 
177.106385, 0.000000, 
177.958037, 0.000000, 
178.941048, 0.000000, 
179.854992, 0.000000, 
180.903641, 0.000000, 
181.926512, 0.000000, 
182.967884, 0.000000, 
184.168986, 0.000000, 
185.131578, 0.000000, 
185.986572, 0.000000, 
186.948686, 0.000000, 
188.198476, 0.000000, 
189.122174, 0.000000, 
190.049068, 0.000000, 
191.139202, 0.000000, 
191.807292, 0.000000, 
193.095028, 0.000000, 
193.823578, 0.000000, 
194.894194, 0.000000, 
195.921994, 0.000000, 
197.115577, 0.000000, 
197.803345, 0.000000, 
199.140444, 0.000000, 
