-0.419708, 0.000000, 
0.630989, 0.000000, 
2.485099, 0.000000, 
2.718181, 0.000000, 
4.298619, 0.000000, 
4.555565, 0.000000, 
6.306139, 0.000000, 
6.743672, 0.000000, 
8.371618, 0.000000, 
8.577506, 0.000000, 
10.339223, 0.000000, 
11.353167, 0.000000, 
12.399155, 0.000000, 
12.711721, 0.000000, 
14.171286, 0.000000, 
15.496392, 0.000000, 
16.313230, 0.000000, 
17.136305, 0.000000, 
18.451405, 0.000000, 
19.041132, 0.000000, 
20.435731, 0.000000, 
20.560993, 0.000000, 
22.080859, 0.000000, 
23.184964, 0.000000, 
23.900437, 0.000000, 
25.047206, 0.000000, 
26.225777, 0.000000, 
27.092976, 0.000000, 
28.311199, 0.000000, 
29.257494, 0.000000, 
29.699799, 0.000000, 
30.670922, 0.000000, 
31.801212, 0.000000, 
32.873461, 0.000000, 
33.526795, 0.000000, 
34.956660, 0.000000, 
35.896054, 0.000000, 
37.282690, 0.000000, 
37.860289, 0.000000, 
38.519870, 0.000000, 
39.666188, 0.000000, 
40.730208, 0.000000, 
41.528101, 0.000000, 
43.198634, 0.000000, 
44.294981, 0.000000, 
44.969674, 0.000000, 
45.878141, 0.000000, 
46.872955, 0.000000, 
48.346545, 0.000000, 
48.699113, 0.000000, 
50.380791, 0.000000, 
50.855855, 0.000000, 
52.438652, 0.000000, 
52.961890, 0.000000, 
54.167461, 0.000000, 
55.106937, 0.000000, 
55.754588, 0.000000, 
57.285562, 0.000000, 
58.216782, 0.000000, 
59.224381, 0.000000, 
59.504681, 0.000000, 
61.426960, 0.000000, 
62.152398, 0.000000, 
63.264583, 0.000000, 
63.649419, 0.000000, 
65.295612, 0.000000, 
66.171699, 0.000000, 
67.046789, 0.000000, 
68.025263, 0.000000, 
69.095729, 0.000000, 
70.193899, 0.000000, 
70.986618, 0.000000, 
72.124524, 0.000000, 
73.349704, 0.000000, 
73.785891, 0.000000, 
75.182442, 0.000000, 
75.851078, 0.000000, 
76.705056, 0.000000, 
78.222034, 0.000000, 
79.066048, 0.000000, 
79.545774, 0.000000, 
81.249362, 0.000000, 
81.583172, 0.000000, 
82.596822, 0.000000, 
83.702655, 0.000000, 
84.575345, 0.000000, 
85.766112, 0.000000, 
86.816779, 0.000000, 
87.919096, 0.000000, 
88.987635, 0.000000, 
90.140426, 0.000000, 
90.574091, 0.000000, 
92.192195, 0.000000, 
93.219090, 0.000000, 
93.951820, 0.000000, 
95.010830, 0.000000, 
96.312998, 0.000000, 
97.281204, 0.000000, 
97.858452, 0.000000, 
99.384917, 0.000000, 
100.198198, 0.000000, 
101.161126, 0.000000, 
101.917012, 0.000000, 
102.803894, 0.000000, 
104.171819, 0.000000, 
104.945156, 0.000000, 
105.653548, 0.000000, 
106.630152, 0.000000, 
107.558632, 0.000000, 
108.613438, 0.000000, 
110.452086, 0.000000, 
111.063492, 0.000000, 
112.101796, 0.000000, 
112.647503, 0.000000, 
113.599100, 0.000000, 
114.889908, 0.000000, 
115.551661, 0.000000, 
117.131033, 0.000000, 
117.613724, 0.000000, 
118.729482, 0.000000, 
119.985528, 0.000000, 
121.241415, 0.000000, 
122.009674, 0.000000, 
123.309786, 0.000000, 
124.273159, 0.000000, 
125.483534, 0.000000, 
125.816005, 0.000000, 
126.501566, 0.000000, 
128.254557, 0.000000, 
128.515298, 0.000000, 
130.440790, 0.000000, 
131.250146, 0.000000, 
132.076176, 0.000000, 
132.887497, 0.000000, 
133.982424, 0.000000, 
135.352169, 0.000000, 
135.524278, 0.000000, 
137.136857, 0.000000, 
137.718153, 0.000000, 
139.090750, 0.000000, 
140.049137, 0.000000, 
140.895048, 0.000000, 
141.818873, 0.000000, 
142.594881, 0.000000, 
143.975702, 0.000000, 
144.711561, 0.000000, 
145.720579, 0.000000, 
147.378309, 0.000000, 
148.353596, 0.000000, 
148.907886, 0.000000, 
149.597595, 0.000000, 
150.721363, 0.000000, 
151.520604, 0.000000, 
152.564333, 0.000000, 
153.537282, 0.000000, 
154.762681, 0.000000, 
156.330408, 0.000000, 
157.115901, 0.000000, 
157.731597, 0.000000, 
159.354153, 0.000000, 
160.363992, 0.000000, 
160.803285, 0.000000, 
161.938855, 0.000000, 
162.908339, 0.000000, 
163.540182, 0.000000, 
165.272976, 0.000000, 
166.154065, 0.000000, 
167.175283, 0.000000, 
167.558465, 0.000000, 
168.928492, 0.000000, 
170.382499, 0.000000, 
170.721709, 0.000000, 
172.284416, 0.000000, 
172.905404, 0.000000, 
174.003032, 0.000000, 
174.815438, 0.000000, 
175.713543, 0.000000, 
176.806792, 0.000000, 
178.390712, 0.000000, 
178.754572, 0.000000, 
180.038523, 0.000000, 
180.922822, 0.000000, 
181.858444, 0.000000, 
182.730740, 0.000000, 
183.635386, 0.000000, 
184.796529, 0.000000, 
185.982732, 0.000000, 
187.096306, 0.000000, 
188.057350, 0.000000, 
189.246315, 0.000000, 
190.471612, 0.000000, 
191.307704, 0.000000, 
192.233848, 0.000000, 
193.129901, 0.000000, 
193.580955, 0.000000, 
195.109577, 0.000000, 
195.673218, 0.000000, 
197.114306, 0.000000, 
198.482382, 0.000000, 
198.986945, 0.000000, 
