0.194600, 0.000000, 
0.860906, 0.000000, 
1.715933, 0.000000, 
2.823071, 0.000000, 
4.113848, 0.000000, 
4.804232, 0.000000, 
5.789848, 0.000000, 
6.850977, 0.000000, 
8.166982, 0.000000, 
8.999258, 0.000000, 
10.071480, 0.000000, 
11.218341, 0.000000, 
11.828821, 0.000000, 
12.941800, 0.000000, 
13.941243, 0.000000, 
15.050454, 0.000000, 
15.966264, 0.000000, 
17.131552, 0.000000, 
17.874536, 0.000000, 
19.259641, 0.000000, 
20.146450, 0.000000, 
21.025546, 0.000000, 
21.702893, 0.000000, 
23.208617, 0.000000, 
23.731886, 0.000000, 
25.220865, 0.000000, 
26.071001, 0.000000, 
27.258066, 0.000000, 
27.720138, 0.000000, 
29.235057, 0.000000, 
29.904456, 0.000000, 
30.890450, 0.000000, 
32.189873, 0.000000, 
32.918754, 0.000000, 
33.775933, 0.000000, 
35.033870, 0.000000, 
35.755235, 0.000000, 
36.949667, 0.000000, 
38.096110, 0.000000, 
38.754988, 0.000000, 
39.710422, 0.000000, 
40.780803, 0.000000, 
42.289855, 0.000000, 
42.721360, 0.000000, 
43.822280, 0.000000, 
44.891273, 0.000000, 
46.132643, 0.000000, 
47.200002, 0.000000, 
48.123146, 0.000000, 
48.749571, 0.000000, 
49.730506, 0.000000, 
51.004059, 0.000000, 
51.738723, 0.000000, 
53.298206, 0.000000, 
53.888460, 0.000000, 
54.813646, 0.000000, 
56.125691, 0.000000, 
56.736117, 0.000000, 
57.798341, 0.000000, 
59.171731, 0.000000, 
59.712289, 0.000000, 
61.163416, 0.000000, 
61.956056, 0.000000, 
63.282626, 0.000000, 
64.089919, 0.000000, 
64.789174, 0.000000, 
65.752017, 0.000000, 
67.220533, 0.000000, 
67.866205, 0.000000, 
68.883927, 0.000000, 
70.133184, 0.000000, 
70.767149, 0.000000, 
72.261127, 0.000000, 
73.097278, 0.000000, 
74.249432, 0.000000, 
74.868339, 0.000000, 
75.993840, 0.000000, 
76.832847, 0.000000, 
78.089023, 0.000000, 
78.919637, 0.000000, 
80.110997, 0.000000, 
80.938890, 0.000000, 
81.876240, 0.000000, 
82.941328, 0.000000, 
83.780256, 0.000000, 
85.112647, 0.000000, 
86.106144, 0.000000, 
86.878834, 0.000000, 
88.063909, 0.000000, 
88.775452, 0.000000, 
90.067588, 0.000000, 
91.272351, 0.000000, 
92.110692, 0.000000, 
92.819609, 0.000000, 
94.221894, 0.000000, 
94.900472, 0.000000, 
96.120694, 0.000000, 
97.056698, 0.000000, 
97.813543, 0.000000, 
98.833674, 0.000000, 
99.935023, 0.000000, 
101.017665, 0.000000, 
101.919363, 0.000000, 
102.954323, 0.000000, 
104.126544, 0.000000, 
105.101071, 0.000000, 
105.863983, 0.000000, 
107.222116, 0.000000, 
107.960533, 0.000000, 
109.168935, 0.000000, 
109.819419, 0.000000, 
111.029138, 0.000000, 
112.286786, 0.000000, 
113.098231, 0.000000, 
114.021492, 0.000000, 
115.193131, 0.000000, 
116.006720, 0.000000, 
116.753863, 0.000000, 
117.723633, 0.000000, 
118.798179, 0.000000, 
120.025376, 0.000000, 
121.142436, 0.000000, 
121.782197, 0.000000, 
123.121064, 0.000000, 
124.020232, 0.000000, 
124.869810, 0.000000, 
125.831839, 0.000000, 
126.787981, 0.000000, 
128.005505, 0.000000, 
129.125707, 0.000000, 
130.226682, 0.000000, 
131.278822, 0.000000, 
131.951348, 0.000000, 
133.194761, 0.000000, 
134.274192, 0.000000, 
134.876227, 0.000000, 
135.714699, 0.000000, 
136.843862, 0.000000, 
137.898038, 0.000000, 
139.275725, 0.000000, 
139.984012, 0.000000, 
140.769005, 0.000000, 
142.131184, 0.000000, 
142.957355, 0.000000, 
143.960516, 0.000000, 
145.077028, 0.000000, 
146.053726, 0.000000, 
147.114780, 0.000000, 
148.189088, 0.000000, 
148.930137, 0.000000, 
149.830020, 0.000000, 
151.278227, 0.000000, 
152.069230, 0.000000, 
153.246743, 0.000000, 
154.182139, 0.000000, 
154.740850, 0.000000, 
155.777429, 0.000000, 
156.771426, 0.000000, 
158.245501, 0.000000, 
158.705546, 0.000000, 
159.998066, 0.000000, 
160.964303, 0.000000, 
161.767306, 0.000000, 
163.174367, 0.000000, 
164.018941, 0.000000, 
165.040290, 0.000000, 
166.102904, 0.000000, 
167.063155, 0.000000, 
168.062725, 0.000000, 
168.711258, 0.000000, 
170.221548, 0.000000, 
170.783065, 0.000000, 
172.245631, 0.000000, 
172.700995, 0.000000, 
174.040595, 0.000000, 
175.256591, 0.000000, 
175.744739, 0.000000, 
177.116068, 0.000000, 
178.230143, 0.000000, 
179.100719, 0.000000, 
180.169954, 0.000000, 
181.117641, 0.000000, 
182.105013, 0.000000, 
182.912015, 0.000000, 
183.917260, 0.000000, 
185.164605, 0.000000, 
185.836541, 0.000000, 
186.936565, 0.000000, 
188.193343, 0.000000, 
188.766257, 0.000000, 
190.056717, 0.000000, 
190.736227, 0.000000, 
191.935530, 0.000000, 
193.129152, 0.000000, 
194.242665, 0.000000, 
195.219963, 0.000000, 
195.743650, 0.000000, 
196.814027, 0.000000, 
198.054755, 0.000000, 
199.104443, 0.000000, 
