0.044068, 0.000000, 
1.030769, 0.000000, 
2.017319, 0.000000, 
3.065231, 0.000000, 
3.931227, 0.000000, 
5.089250, 0.000000, 
6.068080, 0.000000, 
7.079727, 0.000000, 
7.971334, 0.000000, 
8.960020, 0.000000, 
9.905641, 0.000000, 
10.974331, 0.000000, 
12.043357, 0.000000, 
13.045037, 0.000000, 
13.999400, 0.000000, 
14.903828, 0.000000, 
15.921330, 0.000000, 
17.050720, 0.000000, 
17.963019, 0.000000, 
19.027412, 0.000000, 
19.996599, 0.000000, 
21.085137, 0.000000, 
22.010509, 0.000000, 
23.070865, 0.000000, 
24.063337, 0.000000, 
25.055866, 0.000000, 
25.982573, 0.000000, 
27.017302, 0.000000, 
27.915329, 0.000000, 
28.963081, 0.000000, 
29.931171, 0.000000, 
30.947849, 0.000000, 
31.988509, 0.000000, 
32.959444, 0.000000, 
34.007543, 0.000000, 
35.032667, 0.000000, 
36.024760, 0.000000, 
36.915150, 0.000000, 
37.976224, 0.000000, 
39.085319, 0.000000, 
40.089060, 0.000000, 
40.905919, 0.000000, 
42.030909, 0.000000, 
43.094136, 0.000000, 
44.075395, 0.000000, 
45.030041, 0.000000, 
45.920568, 0.000000, 
47.049531, 0.000000, 
47.944003, 0.000000, 
48.929036, 0.000000, 
49.931653, 0.000000, 
50.956350, 0.000000, 
51.969236, 0.000000, 
53.023069, 0.000000, 
54.074741, 0.000000, 
55.091472, 0.000000, 
56.034159, 0.000000, 
57.069775, 0.000000, 
57.964162, 0.000000, 
59.036265, 0.000000, 
60.053023, 0.000000, 
61.054703, 0.000000, 
62.060613, 0.000000, 
63.054932, 0.000000, 
63.954803, 0.000000, 
65.076448, 0.000000, 
66.056589, 0.000000, 
67.099068, 0.000000, 
67.937948, 0.000000, 
68.926804, 0.000000, 
69.970129, 0.000000, 
71.093831, 0.000000, 
72.062241, 0.000000, 
72.984296, 0.000000, 
74.072824, 0.000000, 
74.962256, 0.000000, 
75.992436, 0.000000, 
77.085435, 0.000000, 
77.994686, 0.000000, 
78.916353, 0.000000, 
80.030765, 0.000000, 
80.922909, 0.000000, 
82.083641, 0.000000, 
82.950465, 0.000000, 
83.942899, 0.000000, 
85.083313, 0.000000, 
85.969651, 0.000000, 
86.933967, 0.000000, 
88.055885, 0.000000, 
89.041439, 0.000000, 
89.913801, 0.000000, 
91.068011, 0.000000, 
91.902555, 0.000000, 
92.923252, 0.000000, 
93.907865, 0.000000, 
94.976350, 0.000000, 
96.066284, 0.000000, 
97.006027, 0.000000, 
98.001262, 0.000000, 
99.035400, 0.000000, 
100.068566, 0.000000, 
100.969684, 0.000000, 
102.039162, 0.000000, 
103.019922, 0.000000, 
104.075369, 0.000000, 
105.053623, 0.000000, 
105.980192, 0.000000, 
107.057188, 0.000000, 
108.022706, 0.000000, 
109.092454, 0.000000, 
109.982509, 0.000000, 
111.044377, 0.000000, 
112.090709, 0.000000, 
112.995366, 0.000000, 
113.921674, 0.000000, 
115.063275, 0.000000, 
116.096194, 0.000000, 
116.976536, 0.000000, 
117.954874, 0.000000, 
119.045482, 0.000000, 
120.048504, 0.000000, 
121.096238, 0.000000, 
122.064407, 0.000000, 
123.068190, 0.000000, 
123.943600, 0.000000, 
125.083752, 0.000000, 
126.086367, 0.000000, 
126.909907, 0.000000, 
127.997514, 0.000000, 
129.057061, 0.000000, 
129.959983, 0.000000, 
130.975656, 0.000000, 
131.964134, 0.000000, 
132.951770, 0.000000, 
134.021513, 0.000000, 
135.006475, 0.000000, 
136.085795, 0.000000, 
136.929263, 0.000000, 
138.059263, 0.000000, 
138.927420, 0.000000, 
139.994088, 0.000000, 
140.921459, 0.000000, 
142.092022, 0.000000, 
142.969033, 0.000000, 
144.020281, 0.000000, 
145.033923, 0.000000, 
146.001242, 0.000000, 
146.955897, 0.000000, 
148.083472, 0.000000, 
149.036294, 0.000000, 
150.055123, 0.000000, 
151.053025, 0.000000, 
151.992544, 0.000000, 
152.962828, 0.000000, 
154.041884, 0.000000, 
154.929029, 0.000000, 
156.062874, 0.000000, 
156.926542, 0.000000, 
158.015447, 0.000000, 
158.906982, 0.000000, 
159.913296, 0.000000, 
160.917588, 0.000000, 
161.900021, 0.000000, 
162.944049, 0.000000, 
163.922173, 0.000000, 
165.063750, 0.000000, 
165.968146, 0.000000, 
167.034096, 0.000000, 
168.053673, 0.000000, 
168.997347, 0.000000, 
169.951024, 0.000000, 
170.939739, 0.000000, 
171.994403, 0.000000, 
172.900102, 0.000000, 
174.078728, 0.000000, 
174.978945, 0.000000, 
176.098310, 0.000000, 
177.039034, 0.000000, 
178.068850, 0.000000, 
179.045981, 0.000000, 
179.905284, 0.000000, 
181.027037, 0.000000, 
182.072054, 0.000000, 
183.016969, 0.000000, 
183.907210, 0.000000, 
184.985163, 0.000000, 
186.081468, 0.000000, 
187.070680, 0.000000, 
188.086725, 0.000000, 
189.075315, 0.000000, 
189.985454, 0.000000, 
191.014790, 0.000000, 
191.957135, 0.000000, 
192.952306, 0.000000, 
194.017339, 0.000000, 
195.037390, 0.000000, 
195.924442, 0.000000, 
196.967512, 0.000000, 
198.058062, 0.000000, 
199.018902, 0.000000, 
