0.076081, 0.000000, 
0.939190, 0.000000, 
2.018046, 0.000000, 
2.925574, 0.000000, 
3.928289, 0.000000, 
5.019909, 0.000000, 
6.089068, 0.000000, 
7.001903, 0.000000, 
7.989238, 0.000000, 
8.919497, 0.000000, 
9.922608, 0.000000, 
10.997582, 0.000000, 
11.947976, 0.000000, 
12.992274, 0.000000, 
14.068939, 0.000000, 
15.008845, 0.000000, 
16.005060, 0.000000, 
17.073424, 0.000000, 
18.030691, 0.000000, 
18.918576, 0.000000, 
20.066771, 0.000000, 
20.921615, 0.000000, 
22.006805, 0.000000, 
23.059537, 0.000000, 
23.915977, 0.000000, 
24.961713, 0.000000, 
26.058068, 0.000000, 
27.089086, 0.000000, 
28.033564, 0.000000, 
28.957215, 0.000000, 
30.000608, 0.000000, 
30.930956, 0.000000, 
31.983566, 0.000000, 
33.054468, 0.000000, 
33.971510, 0.000000, 
34.976570, 0.000000, 
35.969509, 0.000000, 
37.072765, 0.000000, 
38.051867, 0.000000, 
38.943260, 0.000000, 
40.023469, 0.000000, 
41.086170, 0.000000, 
42.026113, 0.000000, 
42.940318, 0.000000, 
43.954675, 0.000000, 
45.049183, 0.000000, 
46.077279, 0.000000, 
46.993547, 0.000000, 
48.098409, 0.000000, 
49.048387, 0.000000, 
49.948697, 0.000000, 
51.054791, 0.000000, 
51.907700, 0.000000, 
52.957133, 0.000000, 
53.913488, 0.000000, 
55.079540, 0.000000, 
55.916076, 0.000000, 
56.964721, 0.000000, 
58.054451, 0.000000, 
59.093199, 0.000000, 
59.913288, 0.000000, 
60.976115, 0.000000, 
61.934868, 0.000000, 
62.949855, 0.000000, 
63.921091, 0.000000, 
65.007781, 0.000000, 
65.910004, 0.000000, 
66.955880, 0.000000, 
67.912741, 0.000000, 
69.045055, 0.000000, 
70.032666, 0.000000, 
71.084578, 0.000000, 
71.912273, 0.000000, 
73.072730, 0.000000, 
73.948210, 0.000000, 
74.973498, 0.000000, 
75.951164, 0.000000, 
76.902399, 0.000000, 
77.943464, 0.000000, 
79.050689, 0.000000, 
79.979687, 0.000000, 
80.991417, 0.000000, 
82.023189, 0.000000, 
82.962290, 0.000000, 
84.067733, 0.000000, 
84.987327, 0.000000, 
85.938397, 0.000000, 
87.067664, 0.000000, 
87.995672, 0.000000, 
88.950685, 0.000000, 
89.955827, 0.000000, 
90.940858, 0.000000, 
91.964781, 0.000000, 
92.947463, 0.000000, 
93.999559, 0.000000, 
94.989565, 0.000000, 
95.976307, 0.000000, 
96.986467, 0.000000, 
98.018045, 0.000000, 
98.974329, 0.000000, 
100.044092, 0.000000, 
100.932926, 0.000000, 
102.006109, 0.000000, 
103.053048, 0.000000, 
104.051259, 0.000000, 
105.095928, 0.000000, 
105.999820, 0.000000, 
107.099419, 0.000000, 
108.062522, 0.000000, 
109.075914, 0.000000, 
109.995563, 0.000000, 
110.992417, 0.000000, 
111.971451, 0.000000, 
113.000654, 0.000000, 
114.073103, 0.000000, 
114.902862, 0.000000, 
115.936576, 0.000000, 
117.001207, 0.000000, 
117.928958, 0.000000, 
118.918757, 0.000000, 
120.071354, 0.000000, 
120.954610, 0.000000, 
121.947439, 0.000000, 
123.055197, 0.000000, 
124.026631, 0.000000, 
124.993482, 0.000000, 
126.087260, 0.000000, 
126.959592, 0.000000, 
127.958058, 0.000000, 
128.940057, 0.000000, 
129.963518, 0.000000, 
131.011129, 0.000000, 
132.060825, 0.000000, 
132.977419, 0.000000, 
134.031095, 0.000000, 
135.095997, 0.000000, 
135.938733, 0.000000, 
137.086793, 0.000000, 
137.946043, 0.000000, 
139.002575, 0.000000, 
139.980176, 0.000000, 
141.069611, 0.000000, 
141.918342, 0.000000, 
142.977704, 0.000000, 
144.039784, 0.000000, 
144.967222, 0.000000, 
145.953247, 0.000000, 
146.975082, 0.000000, 
147.912353, 0.000000, 
148.970716, 0.000000, 
149.985948, 0.000000, 
151.060332, 0.000000, 
151.998519, 0.000000, 
152.991122, 0.000000, 
154.070477, 0.000000, 
155.006554, 0.000000, 
155.948695, 0.000000, 
156.935308, 0.000000, 
158.051419, 0.000000, 
158.902079, 0.000000, 
160.093964, 0.000000, 
161.061076, 0.000000, 
162.074535, 0.000000, 
163.032855, 0.000000, 
164.069388, 0.000000, 
165.004289, 0.000000, 
165.923878, 0.000000, 
166.984235, 0.000000, 
168.041485, 0.000000, 
169.069656, 0.000000, 
170.067949, 0.000000, 
170.948711, 0.000000, 
172.094686, 0.000000, 
172.986377, 0.000000, 
173.906671, 0.000000, 
175.095080, 0.000000, 
176.018293, 0.000000, 
176.983279, 0.000000, 
177.918627, 0.000000, 
178.973595, 0.000000, 
179.940419, 0.000000, 
181.072474, 0.000000, 
181.951391, 0.000000, 
183.016935, 0.000000, 
184.092681, 0.000000, 
184.961546, 0.000000, 
185.977974, 0.000000, 
187.068419, 0.000000, 
188.029727, 0.000000, 
189.030799, 0.000000, 
190.030540, 0.000000, 
191.014238, 0.000000, 
191.908428, 0.000000, 
192.926260, 0.000000, 
194.042173, 0.000000, 
195.013510, 0.000000, 
195.916760, 0.000000, 
196.958044, 0.000000, 
198.034122, 0.000000, 
198.906187, 0.000000, 
