0.274712, 0.000000, 
1.054979, 0.000000, 
1.732298, 0.000000, 
2.754999, 0.000000, 
3.808467, 0.000000, 
4.999898, 0.000000, 
6.021073, 0.000000, 
6.831741, 0.000000, 
8.234568, 0.000000, 
9.227845, 0.000000, 
9.735238, 0.000000, 
11.168222, 0.000000, 
12.274495, 0.000000, 
13.005353, 0.000000, 
14.067084, 0.000000, 
14.806192, 0.000000, 
16.081682, 0.000000, 
16.841629, 0.000000, 
18.115225, 0.000000, 
18.967555, 0.000000, 
20.073401, 0.000000, 
21.295337, 0.000000, 
21.936695, 0.000000, 
23.042056, 0.000000, 
24.289683, 0.000000, 
24.784290, 0.000000, 
26.101512, 0.000000, 
27.204323, 0.000000, 
28.169803, 0.000000, 
28.879106, 0.000000, 
29.845161, 0.000000, 
31.229330, 0.000000, 
32.169362, 0.000000, 
33.186215, 0.000000, 
34.124599, 0.000000, 
35.034743, 0.000000, 
36.092343, 0.000000, 
36.833957, 0.000000, 
37.881542, 0.000000, 
39.056040, 0.000000, 
40.097138, 0.000000, 
41.095071, 0.000000, 
42.073909, 0.000000, 
42.716674, 0.000000, 
44.225570, 0.000000, 
45.241016, 0.000000, 
45.891753, 0.000000, 
47.009885, 0.000000, 
48.042141, 0.000000, 
49.120323, 0.000000, 
50.140627, 0.000000, 
50.908101, 0.000000, 
51.989136, 0.000000, 
53.092793, 0.000000, 
53.961413, 0.000000, 
54.725104, 0.000000, 
56.212862, 0.000000, 
57.281991, 0.000000, 
58.289204, 0.000000, 
59.297840, 0.000000, 
59.994691, 0.000000, 
60.878938, 0.000000, 
61.833474, 0.000000, 
62.935379, 0.000000, 
64.169829, 0.000000, 
65.237853, 0.000000, 
66.093193, 0.000000, 
67.058395, 0.000000, 
67.823681, 0.000000, 
69.136418, 0.000000, 
70.215052, 0.000000, 
70.915487, 0.000000, 
72.001328, 0.000000, 
72.987925, 0.000000, 
73.870685, 0.000000, 
75.209762, 0.000000, 
75.826904, 0.000000, 
76.813115, 0.000000, 
77.929211, 0.000000, 
78.959511, 0.000000, 
80.130834, 0.000000, 
81.053396, 0.000000, 
82.027169, 0.000000, 
82.716233, 0.000000, 
84.113834, 0.000000, 
84.990494, 0.000000, 
86.104010, 0.000000, 
87.215858, 0.000000, 
88.259946, 0.000000, 
89.257022, 0.000000, 
89.822934, 0.000000, 
90.706441, 0.000000, 
92.296734, 0.000000, 
93.157613, 0.000000, 
94.129962, 0.000000, 
95.043404, 0.000000, 
95.873036, 0.000000, 
97.206726, 0.000000, 
98.124136, 0.000000, 
98.895016, 0.000000, 
99.950086, 0.000000, 
101.249482, 0.000000, 
101.798337, 0.000000, 
102.910966, 0.000000, 
104.022649, 0.000000, 
105.129149, 0.000000, 
106.296762, 0.000000, 
106.843280, 0.000000, 
108.199086, 0.000000, 
108.921511, 0.000000, 
110.097883, 0.000000, 
110.875952, 0.000000, 
111.981229, 0.000000, 
113.151804, 0.000000, 
114.249500, 0.000000, 
114.906872, 0.000000, 
116.207887, 0.000000, 
117.086347, 0.000000, 
117.974430, 0.000000, 
118.899633, 0.000000, 
120.296884, 0.000000, 
120.982012, 0.000000, 
121.908578, 0.000000, 
123.025300, 0.000000, 
124.252736, 0.000000, 
124.961322, 0.000000, 
126.015272, 0.000000, 
126.902454, 0.000000, 
127.761031, 0.000000, 
129.232783, 0.000000, 
130.197869, 0.000000, 
131.218549, 0.000000, 
131.895955, 0.000000, 
133.029031, 0.000000, 
134.160366, 0.000000, 
134.858533, 0.000000, 
136.034280, 0.000000, 
136.971197, 0.000000, 
138.094097, 0.000000, 
138.915132, 0.000000, 
140.291406, 0.000000, 
141.040110, 0.000000, 
141.872534, 0.000000, 
142.754480, 0.000000, 
144.219897, 0.000000, 
144.731658, 0.000000, 
145.847745, 0.000000, 
147.220275, 0.000000, 
148.148311, 0.000000, 
148.982009, 0.000000, 
150.139456, 0.000000, 
151.204630, 0.000000, 
152.151900, 0.000000, 
152.948792, 0.000000, 
153.802450, 0.000000, 
155.289589, 0.000000, 
156.104034, 0.000000, 
156.856322, 0.000000, 
158.136710, 0.000000, 
158.920193, 0.000000, 
159.730801, 0.000000, 
160.929606, 0.000000, 
162.137036, 0.000000, 
163.034597, 0.000000, 
164.243919, 0.000000, 
165.116332, 0.000000, 
165.782507, 0.000000, 
167.059738, 0.000000, 
168.118426, 0.000000, 
168.907337, 0.000000, 
169.738571, 0.000000, 
170.836951, 0.000000, 
171.992347, 0.000000, 
172.865589, 0.000000, 
174.031607, 0.000000, 
175.237686, 0.000000, 
176.008774, 0.000000, 
177.043931, 0.000000, 
177.832081, 0.000000, 
178.915912, 0.000000, 
179.956731, 0.000000, 
180.856005, 0.000000, 
181.911852, 0.000000, 
183.201976, 0.000000, 
183.894512, 0.000000, 
184.775419, 0.000000, 
186.140110, 0.000000, 
187.021778, 0.000000, 
188.034559, 0.000000, 
189.234410, 0.000000, 
190.003300, 0.000000, 
190.784560, 0.000000, 
192.066221, 0.000000, 
192.857805, 0.000000, 
194.106039, 0.000000, 
194.804278, 0.000000, 
195.936463, 0.000000, 
196.964266, 0.000000, 
197.882434, 0.000000, 
199.265200, 0.000000, 
