-0.027353, 0.000000, 
0.956767, 0.000000, 
2.022604, 0.000000, 
2.998885, 0.000000, 
4.063439, 0.000000, 
5.072435, 0.000000, 
6.070767, 0.000000, 
6.933932, 0.000000, 
7.904881, 0.000000, 
9.073651, 0.000000, 
10.074166, 0.000000, 
10.992620, 0.000000, 
11.906340, 0.000000, 
13.071613, 0.000000, 
13.936358, 0.000000, 
15.051247, 0.000000, 
16.036083, 0.000000, 
16.972069, 0.000000, 
18.075055, 0.000000, 
18.971506, 0.000000, 
19.933342, 0.000000, 
20.921150, 0.000000, 
22.042624, 0.000000, 
22.991747, 0.000000, 
23.940359, 0.000000, 
24.988028, 0.000000, 
25.901791, 0.000000, 
26.932385, 0.000000, 
27.921782, 0.000000, 
28.974280, 0.000000, 
30.013377, 0.000000, 
30.933211, 0.000000, 
31.913821, 0.000000, 
33.088689, 0.000000, 
33.931411, 0.000000, 
34.998721, 0.000000, 
36.039495, 0.000000, 
36.972650, 0.000000, 
38.079059, 0.000000, 
38.951239, 0.000000, 
39.996147, 0.000000, 
40.906874, 0.000000, 
41.939511, 0.000000, 
42.981597, 0.000000, 
43.972624, 0.000000, 
45.081798, 0.000000, 
46.064070, 0.000000, 
46.909785, 0.000000, 
47.925838, 0.000000, 
49.039941, 0.000000, 
50.039327, 0.000000, 
50.909281, 0.000000, 
52.044153, 0.000000, 
52.910184, 0.000000, 
53.987726, 0.000000, 
54.957692, 0.000000, 
55.981777, 0.000000, 
57.095297, 0.000000, 
57.965632, 0.000000, 
58.949664, 0.000000, 
60.000826, 0.000000, 
61.059878, 0.000000, 
62.020585, 0.000000, 
63.080253, 0.000000, 
63.967246, 0.000000, 
64.924470, 0.000000, 
65.996777, 0.000000, 
67.013808, 0.000000, 
67.933479, 0.000000, 
69.065000, 0.000000, 
70.072327, 0.000000, 
70.957626, 0.000000, 
71.974285, 0.000000, 
72.944976, 0.000000, 
73.966993, 0.000000, 
74.989995, 0.000000, 
76.095228, 0.000000, 
77.040141, 0.000000, 
78.042538, 0.000000, 
78.990193, 0.000000, 
79.990647, 0.000000, 
81.030314, 0.000000, 
82.024308, 0.000000, 
82.941109, 0.000000, 
84.069923, 0.000000, 
85.027159, 0.000000, 
85.984851, 0.000000, 
87.076017, 0.000000, 
87.920011, 0.000000, 
89.076748, 0.000000, 
89.979819, 0.000000, 
91.055484, 0.000000, 
92.011130, 0.000000, 
93.052669, 0.000000, 
94.022985, 0.000000, 
95.003255, 0.000000, 
95.944469, 0.000000, 
96.940158, 0.000000, 
98.069710, 0.000000, 
99.078626, 0.000000, 
100.093952, 0.000000, 
100.985133, 0.000000, 
101.945247, 0.000000, 
102.952549, 0.000000, 
103.964837, 0.000000, 
105.068696, 0.000000, 
105.962226, 0.000000, 
106.954806, 0.000000, 
107.956561, 0.000000, 
109.058480, 0.000000, 
109.960604, 0.000000, 
111.025252, 0.000000, 
112.089974, 0.000000, 
113.026264, 0.000000, 
114.068525, 0.000000, 
114.914062, 0.000000, 
116.023718, 0.000000, 
116.952255, 0.000000, 
117.913280, 0.000000, 
118.945274, 0.000000, 
119.968841, 0.000000, 
120.927828, 0.000000, 
122.025933, 0.000000, 
122.974164, 0.000000, 
124.029985, 0.000000, 
124.982047, 0.000000, 
126.049447, 0.000000, 
126.920087, 0.000000, 
127.936523, 0.000000, 
129.091150, 0.000000, 
130.011774, 0.000000, 
130.917353, 0.000000, 
132.066304, 0.000000, 
133.065348, 0.000000, 
133.945753, 0.000000, 
134.984106, 0.000000, 
136.057545, 0.000000, 
137.007305, 0.000000, 
138.068748, 0.000000, 
139.092286, 0.000000, 
139.915863, 0.000000, 
140.951357, 0.000000, 
142.019043, 0.000000, 
142.949425, 0.000000, 
144.093819, 0.000000, 
144.997643, 0.000000, 
145.962155, 0.000000, 
146.923955, 0.000000, 
147.950689, 0.000000, 
149.063940, 0.000000, 
150.028524, 0.000000, 
150.966377, 0.000000, 
152.098377, 0.000000, 
152.952472, 0.000000, 
154.042407, 0.000000, 
155.040489, 0.000000, 
155.907938, 0.000000, 
156.938737, 0.000000, 
158.062006, 0.000000, 
159.071747, 0.000000, 
160.019444, 0.000000, 
160.991310, 0.000000, 
161.967695, 0.000000, 
162.946700, 0.000000, 
163.992657, 0.000000, 
164.945876, 0.000000, 
165.923288, 0.000000, 
167.040462, 0.000000, 
167.963905, 0.000000, 
168.935932, 0.000000, 
170.065218, 0.000000, 
170.981170, 0.000000, 
171.983139, 0.000000, 
172.972042, 0.000000, 
174.053238, 0.000000, 
174.929705, 0.000000, 
176.099180, 0.000000, 
176.942048, 0.000000, 
177.987765, 0.000000, 
179.032108, 0.000000, 
180.006948, 0.000000, 
180.980768, 0.000000, 
181.935814, 0.000000, 
182.950188, 0.000000, 
184.011056, 0.000000, 
185.090929, 0.000000, 
186.009752, 0.000000, 
187.017229, 0.000000, 
187.979443, 0.000000, 
189.044026, 0.000000, 
189.995548, 0.000000, 
191.024376, 0.000000, 
191.925200, 0.000000, 
192.990893, 0.000000, 
194.072283, 0.000000, 
195.095204, 0.000000, 
196.027386, 0.000000, 
197.076588, 0.000000, 
198.032707, 0.000000, 
198.924909, 0.000000, 
