-0.047162, 0.000000, 
0.999225, 0.000000, 
2.096134, 0.000000, 
3.089183, 0.000000, 
3.978388, 0.000000, 
5.005282, 0.000000, 
6.083281, 0.000000, 
7.074252, 0.000000, 
7.933669, 0.000000, 
8.905339, 0.000000, 
9.964201, 0.000000, 
11.063228, 0.000000, 
12.076503, 0.000000, 
13.072974, 0.000000, 
14.094415, 0.000000, 
15.039825, 0.000000, 
16.029559, 0.000000, 
16.983381, 0.000000, 
17.922407, 0.000000, 
19.040331, 0.000000, 
20.034214, 0.000000, 
21.046229, 0.000000, 
22.053461, 0.000000, 
23.048730, 0.000000, 
23.929292, 0.000000, 
25.065055, 0.000000, 
26.060749, 0.000000, 
27.063729, 0.000000, 
28.081812, 0.000000, 
29.081513, 0.000000, 
30.054328, 0.000000, 
30.928310, 0.000000, 
32.010957, 0.000000, 
32.957907, 0.000000, 
33.905460, 0.000000, 
35.067969, 0.000000, 
36.068391, 0.000000, 
37.015124, 0.000000, 
38.011414, 0.000000, 
38.966936, 0.000000, 
39.974853, 0.000000, 
40.944628, 0.000000, 
41.922301, 0.000000, 
42.937179, 0.000000, 
43.958736, 0.000000, 
44.990642, 0.000000, 
46.060456, 0.000000, 
46.929818, 0.000000, 
48.096301, 0.000000, 
49.060756, 0.000000, 
49.994994, 0.000000, 
50.980899, 0.000000, 
52.028436, 0.000000, 
52.915063, 0.000000, 
54.056913, 0.000000, 
55.019464, 0.000000, 
55.915636, 0.000000, 
57.078858, 0.000000, 
57.996373, 0.000000, 
58.928713, 0.000000, 
59.909509, 0.000000, 
61.058657, 0.000000, 
61.930401, 0.000000, 
62.964717, 0.000000, 
63.919468, 0.000000, 
64.997638, 0.000000, 
65.906633, 0.000000, 
67.087297, 0.000000, 
68.045400, 0.000000, 
69.024677, 0.000000, 
69.995055, 0.000000, 
71.088181, 0.000000, 
72.067096, 0.000000, 
73.051282, 0.000000, 
74.093107, 0.000000, 
74.944792, 0.000000, 
76.007933, 0.000000, 
76.974424, 0.000000, 
77.931875, 0.000000, 
79.048326, 0.000000, 
79.994723, 0.000000, 
80.949727, 0.000000, 
81.970273, 0.000000, 
82.956822, 0.000000, 
84.050329, 0.000000, 
84.926813, 0.000000, 
85.953539, 0.000000, 
86.930999, 0.000000, 
87.933138, 0.000000, 
89.028943, 0.000000, 
90.080701, 0.000000, 
91.098331, 0.000000, 
92.059107, 0.000000, 
93.086315, 0.000000, 
93.930681, 0.000000, 
95.018326, 0.000000, 
95.985362, 0.000000, 
97.004615, 0.000000, 
98.069933, 0.000000, 
98.947036, 0.000000, 
100.017057, 0.000000, 
100.996627, 0.000000, 
101.963439, 0.000000, 
102.907887, 0.000000, 
104.046405, 0.000000, 
104.931965, 0.000000, 
105.952187, 0.000000, 
106.927462, 0.000000, 
108.084166, 0.000000, 
109.084373, 0.000000, 
109.947530, 0.000000, 
111.099359, 0.000000, 
112.089611, 0.000000, 
112.960926, 0.000000, 
113.994752, 0.000000, 
115.041860, 0.000000, 
116.050225, 0.000000, 
116.969136, 0.000000, 
118.054151, 0.000000, 
119.083234, 0.000000, 
120.006188, 0.000000, 
120.969231, 0.000000, 
122.036467, 0.000000, 
123.096224, 0.000000, 
123.911027, 0.000000, 
124.958300, 0.000000, 
125.984812, 0.000000, 
127.048003, 0.000000, 
127.986282, 0.000000, 
128.958110, 0.000000, 
129.952272, 0.000000, 
130.903033, 0.000000, 
132.063202, 0.000000, 
132.975746, 0.000000, 
134.052829, 0.000000, 
134.965857, 0.000000, 
136.070865, 0.000000, 
137.044502, 0.000000, 
138.075041, 0.000000, 
139.075845, 0.000000, 
139.974643, 0.000000, 
141.001349, 0.000000, 
142.019448, 0.000000, 
142.998963, 0.000000, 
143.925769, 0.000000, 
145.077690, 0.000000, 
146.080601, 0.000000, 
146.939977, 0.000000, 
147.941195, 0.000000, 
149.093622, 0.000000, 
150.037775, 0.000000, 
151.082402, 0.000000, 
151.993898, 0.000000, 
153.009788, 0.000000, 
154.048279, 0.000000, 
154.930624, 0.000000, 
155.996990, 0.000000, 
156.900631, 0.000000, 
158.014087, 0.000000, 
159.058384, 0.000000, 
160.086230, 0.000000, 
161.066400, 0.000000, 
161.944605, 0.000000, 
162.975492, 0.000000, 
164.069918, 0.000000, 
164.959499, 0.000000, 
166.083792, 0.000000, 
166.970802, 0.000000, 
168.055281, 0.000000, 
169.052536, 0.000000, 
170.053697, 0.000000, 
170.942199, 0.000000, 
171.972550, 0.000000, 
172.927037, 0.000000, 
173.993090, 0.000000, 
174.978509, 0.000000, 
175.925138, 0.000000, 
177.040848, 0.000000, 
177.982389, 0.000000, 
179.011296, 0.000000, 
180.054925, 0.000000, 
180.909857, 0.000000, 
182.051151, 0.000000, 
182.936269, 0.000000, 
183.995932, 0.000000, 
184.986384, 0.000000, 
186.094121, 0.000000, 
186.925649, 0.000000, 
187.985793, 0.000000, 
189.037711, 0.000000, 
190.082976, 0.000000, 
191.092611, 0.000000, 
191.911976, 0.000000, 
192.944075, 0.000000, 
193.953448, 0.000000, 
194.974096, 0.000000, 
196.075965, 0.000000, 
196.945386, 0.000000, 
197.942619, 0.000000, 
198.900617, 0.000000, 
