0.270643, 0.000000, 
0.868138, 0.000000, 
1.574098, 0.000000, 
3.475239, 0.000000, 
4.006631, 0.000000, 
5.022338, 0.000000, 
6.425746, 0.000000, 
7.190193, 0.000000, 
7.840888, 0.000000, 
9.231527, 0.000000, 
10.317646, 0.000000, 
10.815529, 0.000000, 
12.144275, 0.000000, 
12.840392, 0.000000, 
13.998840, 0.000000, 
14.530286, 0.000000, 
16.010492, 0.000000, 
16.517128, 0.000000, 
18.359987, 0.000000, 
19.314496, 0.000000, 
19.667731, 0.000000, 
20.857785, 0.000000, 
21.790814, 0.000000, 
22.554134, 0.000000, 
23.915128, 0.000000, 
24.728723, 0.000000, 
26.182869, 0.000000, 
27.046622, 0.000000, 
28.497881, 0.000000, 
29.146401, 0.000000, 
30.284513, 0.000000, 
30.551846, 0.000000, 
31.694607, 0.000000, 
32.968954, 0.000000, 
33.758316, 0.000000, 
34.785330, 0.000000, 
35.523155, 0.000000, 
36.855875, 0.000000, 
38.333133, 0.000000, 
38.519774, 0.000000, 
39.508219, 0.000000, 
41.053154, 0.000000, 
42.177273, 0.000000, 
43.207866, 0.000000, 
43.766360, 0.000000, 
44.580764, 0.000000, 
46.467365, 0.000000, 
47.466441, 0.000000, 
48.180566, 0.000000, 
48.830890, 0.000000, 
49.959872, 0.000000, 
51.186227, 0.000000, 
51.588666, 0.000000, 
52.827192, 0.000000, 
53.747815, 0.000000, 
54.511477, 0.000000, 
55.568281, 0.000000, 
57.338059, 0.000000, 
57.937061, 0.000000, 
59.368690, 0.000000, 
60.082787, 0.000000, 
61.384155, 0.000000, 
61.668346, 0.000000, 
63.068545, 0.000000, 
64.094657, 0.000000, 
64.797195, 0.000000, 
66.206304, 0.000000, 
66.601923, 0.000000, 
67.656826, 0.000000, 
69.196653, 0.000000, 
70.142239, 0.000000, 
71.320024, 0.000000, 
72.044214, 0.000000, 
73.050713, 0.000000, 
74.139709, 0.000000, 
74.706162, 0.000000, 
76.238787, 0.000000, 
77.374223, 0.000000, 
77.505580, 0.000000, 
79.374492, 0.000000, 
80.251109, 0.000000, 
81.177388, 0.000000, 
81.727675, 0.000000, 
83.192330, 0.000000, 
83.919499, 0.000000, 
84.525833, 0.000000, 
86.146829, 0.000000, 
87.197283, 0.000000, 
88.031122, 0.000000, 
89.141287, 0.000000, 
90.002950, 0.000000, 
91.365891, 0.000000, 
91.969248, 0.000000, 
92.739317, 0.000000, 
93.615871, 0.000000, 
95.079365, 0.000000, 
95.945566, 0.000000, 
97.410200, 0.000000, 
97.934317, 0.000000, 
99.058475, 0.000000, 
100.135142, 0.000000, 
100.749203, 0.000000, 
102.293340, 0.000000, 
103.066361, 0.000000, 
103.580133, 0.000000, 
105.395859, 0.000000, 
105.787995, 0.000000, 
107.007520, 0.000000, 
108.224036, 0.000000, 
108.968975, 0.000000, 
110.375329, 0.000000, 
111.326578, 0.000000, 
112.320197, 0.000000, 
112.958092, 0.000000, 
113.774893, 0.000000, 
114.929670, 0.000000, 
115.772032, 0.000000, 
117.451603, 0.000000, 
118.497669, 0.000000, 
118.855539, 0.000000, 
119.610504, 0.000000, 
120.661860, 0.000000, 
122.070919, 0.000000, 
123.103708, 0.000000, 
124.005055, 0.000000, 
125.049928, 0.000000, 
125.749510, 0.000000, 
127.020308, 0.000000, 
127.689381, 0.000000, 
129.160426, 0.000000, 
130.193340, 0.000000, 
131.412457, 0.000000, 
131.678596, 0.000000, 
133.395700, 0.000000, 
134.152748, 0.000000, 
134.757617, 0.000000, 
135.527078, 0.000000, 
137.175283, 0.000000, 
137.770718, 0.000000, 
138.945692, 0.000000, 
140.368722, 0.000000, 
140.866284, 0.000000, 
142.093180, 0.000000, 
143.403406, 0.000000, 
143.819417, 0.000000, 
144.993215, 0.000000, 
145.552174, 0.000000, 
147.302925, 0.000000, 
147.644571, 0.000000, 
148.640855, 0.000000, 
150.293079, 0.000000, 
151.265719, 0.000000, 
152.226134, 0.000000, 
153.446464, 0.000000, 
154.216634, 0.000000, 
154.758250, 0.000000, 
155.698179, 0.000000, 
157.418935, 0.000000, 
157.991724, 0.000000, 
158.535666, 0.000000, 
160.296546, 0.000000, 
161.101917, 0.000000, 
161.984937, 0.000000, 
162.769046, 0.000000, 
163.891095, 0.000000, 
164.863029, 0.000000, 
166.338868, 0.000000, 
166.959525, 0.000000, 
168.231208, 0.000000, 
169.435386, 0.000000, 
170.382550, 0.000000, 
171.425393, 0.000000, 
171.670738, 0.000000, 
172.842829, 0.000000, 
174.262345, 0.000000, 
175.445634, 0.000000, 
175.778219, 0.000000, 
177.013866, 0.000000, 
177.735333, 0.000000, 
179.186417, 0.000000, 
179.676432, 0.000000, 
181.273360, 0.000000, 
181.661333, 0.000000, 
183.327031, 0.000000, 
183.564042, 0.000000, 
185.371118, 0.000000, 
186.290663, 0.000000, 
186.673249, 0.000000, 
188.493651, 0.000000, 
189.233842, 0.000000, 
190.245055, 0.000000, 
191.071576, 0.000000, 
191.502342, 0.000000, 
192.703815, 0.000000, 
193.665690, 0.000000, 
195.089400, 0.000000, 
195.996907, 0.000000, 
196.574204, 0.000000, 
197.566280, 0.000000, 
199.265107, 0.000000, 
