0.094848, 0.000000, 
0.977434, 0.000000, 
2.075227, 0.000000, 
2.863070, 0.000000, 
3.949020, 0.000000, 
5.066411, 0.000000, 
5.702898, 0.000000, 
6.792303, 0.000000, 
8.034384, 0.000000, 
9.159232, 0.000000, 
9.878189, 0.000000, 
10.992353, 0.000000, 
11.993545, 0.000000, 
13.250615, 0.000000, 
13.951502, 0.000000, 
14.871770, 0.000000, 
15.988014, 0.000000, 
17.064549, 0.000000, 
17.802165, 0.000000, 
19.039229, 0.000000, 
20.262923, 0.000000, 
21.283410, 0.000000, 
21.940468, 0.000000, 
22.701843, 0.000000, 
24.091327, 0.000000, 
24.831267, 0.000000, 
25.904639, 0.000000, 
27.266098, 0.000000, 
27.765573, 0.000000, 
29.142521, 0.000000, 
30.080764, 0.000000, 
30.894657, 0.000000, 
32.113078, 0.000000, 
33.007545, 0.000000, 
34.189494, 0.000000, 
35.257131, 0.000000, 
36.140838, 0.000000, 
36.809611, 0.000000, 
38.067572, 0.000000, 
39.259170, 0.000000, 
40.116013, 0.000000, 
41.199907, 0.000000, 
42.224532, 0.000000, 
43.058448, 0.000000, 
43.930996, 0.000000, 
44.999747, 0.000000, 
45.822456, 0.000000, 
46.954238, 0.000000, 
48.211653, 0.000000, 
49.294911, 0.000000, 
50.285813, 0.000000, 
50.769802, 0.000000, 
51.731795, 0.000000, 
53.150701, 0.000000, 
53.939079, 0.000000, 
54.851426, 0.000000, 
55.891767, 0.000000, 
56.996097, 0.000000, 
57.788461, 0.000000, 
58.784263, 0.000000, 
59.782254, 0.000000, 
60.738047, 0.000000, 
61.863768, 0.000000, 
63.213291, 0.000000, 
63.926252, 0.000000, 
64.812665, 0.000000, 
65.783562, 0.000000, 
66.943047, 0.000000, 
67.803765, 0.000000, 
68.941865, 0.000000, 
70.020857, 0.000000, 
71.135330, 0.000000, 
72.022985, 0.000000, 
72.807602, 0.000000, 
74.011098, 0.000000, 
75.043991, 0.000000, 
76.249671, 0.000000, 
77.156770, 0.000000, 
77.828245, 0.000000, 
79.016425, 0.000000, 
80.263924, 0.000000, 
81.206126, 0.000000, 
81.957882, 0.000000, 
83.264040, 0.000000, 
84.135487, 0.000000, 
84.718295, 0.000000, 
86.283924, 0.000000, 
87.206799, 0.000000, 
87.750314, 0.000000, 
88.848697, 0.000000, 
90.197970, 0.000000, 
90.730145, 0.000000, 
91.714897, 0.000000, 
93.009571, 0.000000, 
94.278962, 0.000000, 
94.976364, 0.000000, 
95.736604, 0.000000, 
96.801973, 0.000000, 
97.991202, 0.000000, 
99.002374, 0.000000, 
100.238371, 0.000000, 
100.700331, 0.000000, 
102.205331, 0.000000, 
102.785431, 0.000000, 
104.254934, 0.000000, 
104.915420, 0.000000, 
105.898357, 0.000000, 
106.833430, 0.000000, 
107.955325, 0.000000, 
109.208718, 0.000000, 
109.826480, 0.000000, 
110.802785, 0.000000, 
112.284027, 0.000000, 
113.048709, 0.000000, 
114.001260, 0.000000, 
114.895187, 0.000000, 
116.043724, 0.000000, 
117.263693, 0.000000, 
118.141834, 0.000000, 
119.198512, 0.000000, 
120.252473, 0.000000, 
120.701377, 0.000000, 
121.784209, 0.000000, 
122.983046, 0.000000, 
123.801886, 0.000000, 
125.177483, 0.000000, 
125.740862, 0.000000, 
127.021448, 0.000000, 
128.174337, 0.000000, 
129.275442, 0.000000, 
130.255811, 0.000000, 
131.005464, 0.000000, 
132.196381, 0.000000, 
133.136742, 0.000000, 
134.159309, 0.000000, 
134.945085, 0.000000, 
135.846134, 0.000000, 
136.850165, 0.000000, 
138.263317, 0.000000, 
138.828067, 0.000000, 
140.211268, 0.000000, 
141.241503, 0.000000, 
141.877219, 0.000000, 
143.103853, 0.000000, 
143.821261, 0.000000, 
144.891646, 0.000000, 
145.820591, 0.000000, 
147.103669, 0.000000, 
147.892161, 0.000000, 
148.982152, 0.000000, 
149.752451, 0.000000, 
151.020802, 0.000000, 
151.803316, 0.000000, 
153.204827, 0.000000, 
154.206818, 0.000000, 
155.032126, 0.000000, 
155.912487, 0.000000, 
157.045405, 0.000000, 
157.716848, 0.000000, 
158.705081, 0.000000, 
160.109057, 0.000000, 
160.958151, 0.000000, 
161.851000, 0.000000, 
163.253540, 0.000000, 
164.294236, 0.000000, 
165.094254, 0.000000, 
166.298665, 0.000000, 
167.178387, 0.000000, 
167.893051, 0.000000, 
168.845948, 0.000000, 
169.735467, 0.000000, 
170.951255, 0.000000, 
171.841760, 0.000000, 
172.784790, 0.000000, 
173.986906, 0.000000, 
174.981421, 0.000000, 
176.194708, 0.000000, 
176.784432, 0.000000, 
177.752445, 0.000000, 
179.084275, 0.000000, 
179.752981, 0.000000, 
180.756071, 0.000000, 
181.777355, 0.000000, 
183.065733, 0.000000, 
184.138120, 0.000000, 
184.837730, 0.000000, 
185.821758, 0.000000, 
186.896004, 0.000000, 
187.762047, 0.000000, 
188.782610, 0.000000, 
189.847069, 0.000000, 
190.850663, 0.000000, 
192.043084, 0.000000, 
192.804291, 0.000000, 
193.733961, 0.000000, 
194.948370, 0.000000, 
196.016031, 0.000000, 
197.216547, 0.000000, 
198.261337, 0.000000, 
199.271659, 0.000000, 
