-0.063075, 0.000000, 
1.028023, 0.000000, 
1.831232, 0.000000, 
2.978659, 0.000000, 
4.038702, 0.000000, 
4.962141, 0.000000, 
5.878807, 0.000000, 
7.269898, 0.000000, 
8.098997, 0.000000, 
8.952553, 0.000000, 
10.105791, 0.000000, 
10.941926, 0.000000, 
11.755401, 0.000000, 
13.185945, 0.000000, 
13.755293, 0.000000, 
14.910769, 0.000000, 
15.906825, 0.000000, 
17.141909, 0.000000, 
17.844142, 0.000000, 
18.933435, 0.000000, 
20.270450, 0.000000, 
21.247886, 0.000000, 
22.256930, 0.000000, 
22.746830, 0.000000, 
23.818816, 0.000000, 
25.106070, 0.000000, 
25.747139, 0.000000, 
26.887585, 0.000000, 
27.868440, 0.000000, 
28.770400, 0.000000, 
29.847361, 0.000000, 
31.281606, 0.000000, 
32.150743, 0.000000, 
33.133036, 0.000000, 
34.202244, 0.000000, 
35.094072, 0.000000, 
36.169066, 0.000000, 
36.861167, 0.000000, 
38.134011, 0.000000, 
38.989252, 0.000000, 
40.110712, 0.000000, 
41.267180, 0.000000, 
42.131477, 0.000000, 
42.897068, 0.000000, 
44.276099, 0.000000, 
45.179443, 0.000000, 
46.290183, 0.000000, 
47.057694, 0.000000, 
48.188973, 0.000000, 
48.818096, 0.000000, 
50.128990, 0.000000, 
50.919516, 0.000000, 
52.170398, 0.000000, 
53.089062, 0.000000, 
54.287525, 0.000000, 
55.174375, 0.000000, 
55.753791, 0.000000, 
57.270718, 0.000000, 
58.287668, 0.000000, 
58.731587, 0.000000, 
59.791674, 0.000000, 
60.779016, 0.000000, 
62.153422, 0.000000, 
63.250010, 0.000000, 
64.233601, 0.000000, 
65.017473, 0.000000, 
65.871710, 0.000000, 
66.999568, 0.000000, 
68.299681, 0.000000, 
68.841306, 0.000000, 
70.169403, 0.000000, 
71.296282, 0.000000, 
72.207687, 0.000000, 
73.254001, 0.000000, 
73.766661, 0.000000, 
75.128911, 0.000000, 
75.960508, 0.000000, 
77.075955, 0.000000, 
78.073346, 0.000000, 
79.167032, 0.000000, 
79.951810, 0.000000, 
80.751838, 0.000000, 
81.911866, 0.000000, 
82.787109, 0.000000, 
83.883183, 0.000000, 
84.879709, 0.000000, 
86.164947, 0.000000, 
86.736297, 0.000000, 
88.006183, 0.000000, 
88.964574, 0.000000, 
89.710678, 0.000000, 
90.847898, 0.000000, 
91.913470, 0.000000, 
92.869069, 0.000000, 
93.753286, 0.000000, 
94.736522, 0.000000, 
96.063169, 0.000000, 
96.824265, 0.000000, 
97.950148, 0.000000, 
99.151391, 0.000000, 
99.707517, 0.000000, 
100.902268, 0.000000, 
101.908181, 0.000000, 
103.156644, 0.000000, 
104.211429, 0.000000, 
104.957911, 0.000000, 
105.864695, 0.000000, 
107.219500, 0.000000, 
108.158828, 0.000000, 
109.069006, 0.000000, 
110.092477, 0.000000, 
110.996437, 0.000000, 
111.847942, 0.000000, 
112.878073, 0.000000, 
113.911132, 0.000000, 
114.988412, 0.000000, 
116.066550, 0.000000, 
116.904294, 0.000000, 
117.736965, 0.000000, 
118.728436, 0.000000, 
119.950778, 0.000000, 
120.760113, 0.000000, 
121.792589, 0.000000, 
123.161378, 0.000000, 
123.874559, 0.000000, 
124.774666, 0.000000, 
126.112963, 0.000000, 
127.276784, 0.000000, 
128.060437, 0.000000, 
128.777988, 0.000000, 
129.718454, 0.000000, 
130.955972, 0.000000, 
132.079400, 0.000000, 
133.094868, 0.000000, 
133.710682, 0.000000, 
135.250677, 0.000000, 
135.749790, 0.000000, 
137.146043, 0.000000, 
138.064396, 0.000000, 
139.168700, 0.000000, 
140.210195, 0.000000, 
141.261137, 0.000000, 
141.853172, 0.000000, 
143.296216, 0.000000, 
144.054484, 0.000000, 
144.847426, 0.000000, 
146.044391, 0.000000, 
146.927795, 0.000000, 
147.801689, 0.000000, 
148.729004, 0.000000, 
149.820956, 0.000000, 
150.986336, 0.000000, 
152.174451, 0.000000, 
153.201954, 0.000000, 
153.772772, 0.000000, 
155.194215, 0.000000, 
156.009215, 0.000000, 
157.098345, 0.000000, 
157.910038, 0.000000, 
158.798912, 0.000000, 
160.004426, 0.000000, 
160.722723, 0.000000, 
161.809539, 0.000000, 
162.825207, 0.000000, 
164.298554, 0.000000, 
165.285172, 0.000000, 
166.009645, 0.000000, 
167.044800, 0.000000, 
168.052363, 0.000000, 
169.281012, 0.000000, 
169.760046, 0.000000, 
171.297524, 0.000000, 
172.157454, 0.000000, 
173.241590, 0.000000, 
174.138236, 0.000000, 
175.043159, 0.000000, 
176.030162, 0.000000, 
177.200345, 0.000000, 
177.726286, 0.000000, 
178.773934, 0.000000, 
179.700849, 0.000000, 
180.954469, 0.000000, 
182.155348, 0.000000, 
183.029750, 0.000000, 
184.274229, 0.000000, 
184.717623, 0.000000, 
185.957576, 0.000000, 
186.746463, 0.000000, 
188.148447, 0.000000, 
189.200714, 0.000000, 
189.808437, 0.000000, 
191.136164, 0.000000, 
191.994158, 0.000000, 
193.099683, 0.000000, 
194.050354, 0.000000, 
194.921554, 0.000000, 
195.743317, 0.000000, 
197.109528, 0.000000, 
197.711744, 0.000000, 
198.969661, 0.000000, 
