-0.046210, 0.000000, 
1.206092, 0.000000, 
1.801357, 0.000000, 
2.792009, 0.000000, 
3.962142, 0.000000, 
5.012915, 0.000000, 
6.266007, 0.000000, 
7.059313, 0.000000, 
8.239755, 0.000000, 
9.168003, 0.000000, 
9.834411, 0.000000, 
10.939518, 0.000000, 
11.975735, 0.000000, 
12.970484, 0.000000, 
13.869672, 0.000000, 
15.261345, 0.000000, 
16.281414, 0.000000, 
17.063949, 0.000000, 
18.254920, 0.000000, 
19.211243, 0.000000, 
20.203130, 0.000000, 
20.897255, 0.000000, 
21.811773, 0.000000, 
23.089363, 0.000000, 
23.929662, 0.000000, 
24.811716, 0.000000, 
25.756491, 0.000000, 
27.110319, 0.000000, 
27.937449, 0.000000, 
29.124599, 0.000000, 
30.183472, 0.000000, 
30.853714, 0.000000, 
31.956322, 0.000000, 
33.099247, 0.000000, 
34.004022, 0.000000, 
35.202263, 0.000000, 
35.728047, 0.000000, 
36.776238, 0.000000, 
37.936799, 0.000000, 
39.129614, 0.000000, 
40.245916, 0.000000, 
40.818049, 0.000000, 
42.191984, 0.000000, 
43.224103, 0.000000, 
44.060611, 0.000000, 
44.971810, 0.000000, 
45.996928, 0.000000, 
46.702606, 0.000000, 
48.067376, 0.000000, 
48.957093, 0.000000, 
49.780515, 0.000000, 
51.000259, 0.000000, 
51.890990, 0.000000, 
53.077740, 0.000000, 
54.183198, 0.000000, 
55.219517, 0.000000, 
56.232542, 0.000000, 
57.261796, 0.000000, 
57.836588, 0.000000, 
59.167458, 0.000000, 
60.203855, 0.000000, 
61.112573, 0.000000, 
62.013204, 0.000000, 
62.996378, 0.000000, 
64.273216, 0.000000, 
64.917547, 0.000000, 
65.943963, 0.000000, 
67.071845, 0.000000, 
68.299968, 0.000000, 
69.124560, 0.000000, 
70.090877, 0.000000, 
70.779339, 0.000000, 
71.730244, 0.000000, 
73.013909, 0.000000, 
74.265253, 0.000000, 
75.149979, 0.000000, 
75.894337, 0.000000, 
77.134108, 0.000000, 
77.863413, 0.000000, 
78.862234, 0.000000, 
79.812810, 0.000000, 
81.092727, 0.000000, 
82.291546, 0.000000, 
83.083734, 0.000000, 
84.264173, 0.000000, 
84.759610, 0.000000, 
86.276488, 0.000000, 
86.855250, 0.000000, 
87.724042, 0.000000, 
89.289406, 0.000000, 
89.711410, 0.000000, 
90.890998, 0.000000, 
91.804711, 0.000000, 
93.110454, 0.000000, 
93.781174, 0.000000, 
94.759405, 0.000000, 
95.807995, 0.000000, 
96.770473, 0.000000, 
97.734585, 0.000000, 
99.164822, 0.000000, 
100.043578, 0.000000, 
100.972708, 0.000000, 
102.042538, 0.000000, 
103.259148, 0.000000, 
104.045321, 0.000000, 
104.900869, 0.000000, 
106.085105, 0.000000, 
106.953441, 0.000000, 
108.138408, 0.000000, 
109.035584, 0.000000, 
110.128626, 0.000000, 
110.893672, 0.000000, 
112.252946, 0.000000, 
113.083103, 0.000000, 
114.239709, 0.000000, 
114.780529, 0.000000, 
116.206756, 0.000000, 
116.707012, 0.000000, 
117.883019, 0.000000, 
118.927472, 0.000000, 
120.122825, 0.000000, 
120.895572, 0.000000, 
121.724933, 0.000000, 
123.063066, 0.000000, 
124.183697, 0.000000, 
125.184413, 0.000000, 
126.239642, 0.000000, 
127.076991, 0.000000, 
128.026037, 0.000000, 
128.752545, 0.000000, 
129.850535, 0.000000, 
130.821464, 0.000000, 
132.231155, 0.000000, 
133.034875, 0.000000, 
133.732277, 0.000000, 
135.093292, 0.000000, 
136.017649, 0.000000, 
136.702512, 0.000000, 
137.897470, 0.000000, 
139.085201, 0.000000, 
139.937122, 0.000000, 
141.109441, 0.000000, 
141.791234, 0.000000, 
142.818793, 0.000000, 
144.289226, 0.000000, 
145.067556, 0.000000, 
146.058144, 0.000000, 
147.284002, 0.000000, 
147.952987, 0.000000, 
149.001332, 0.000000, 
150.039081, 0.000000, 
150.742448, 0.000000, 
152.038363, 0.000000, 
152.937509, 0.000000, 
153.736527, 0.000000, 
155.119890, 0.000000, 
155.745937, 0.000000, 
156.944598, 0.000000, 
158.263727, 0.000000, 
158.832413, 0.000000, 
159.771854, 0.000000, 
160.867569, 0.000000, 
161.847870, 0.000000, 
162.768599, 0.000000, 
164.163346, 0.000000, 
165.055871, 0.000000, 
165.741720, 0.000000, 
167.063435, 0.000000, 
168.078752, 0.000000, 
169.120899, 0.000000, 
169.742083, 0.000000, 
170.957110, 0.000000, 
171.947563, 0.000000, 
172.805625, 0.000000, 
174.262164, 0.000000, 
174.868078, 0.000000, 
176.277015, 0.000000, 
176.953512, 0.000000, 
178.231254, 0.000000, 
178.852143, 0.000000, 
179.911827, 0.000000, 
180.870920, 0.000000, 
182.059028, 0.000000, 
183.079184, 0.000000, 
183.979225, 0.000000, 
184.939646, 0.000000, 
186.189462, 0.000000, 
186.916748, 0.000000, 
187.716009, 0.000000, 
188.924346, 0.000000, 
190.147467, 0.000000, 
191.014056, 0.000000, 
191.838826, 0.000000, 
192.802893, 0.000000, 
193.770931, 0.000000, 
195.059252, 0.000000, 
196.206160, 0.000000, 
196.905573, 0.000000, 
198.177183, 0.000000, 
199.198801, 0.000000, 
