-0.498308, 0.000000, 
0.536744, 0.000000, 
1.897145, 0.000000, 
2.672733, 0.000000, 
3.889872, 0.000000, 
5.487217, 0.000000, 
5.891765, 0.000000, 
7.059714, 0.000000, 
8.324256, 0.000000, 
9.118350, 0.000000, 
9.742363, 0.000000, 
10.826959, 0.000000, 
12.315191, 0.000000, 
13.314125, 0.000000, 
13.781152, 0.000000, 
14.686728, 0.000000, 
15.615823, 0.000000, 
16.959825, 0.000000, 
18.098369, 0.000000, 
19.413118, 0.000000, 
20.421453, 0.000000, 
21.476670, 0.000000, 
21.905869, 0.000000, 
23.491819, 0.000000, 
24.265126, 0.000000, 
25.343682, 0.000000, 
25.563750, 0.000000, 
26.995331, 0.000000, 
28.077068, 0.000000, 
28.780782, 0.000000, 
29.711190, 0.000000, 
31.346219, 0.000000, 
32.320886, 0.000000, 
32.887749, 0.000000, 
34.284469, 0.000000, 
35.370482, 0.000000, 
35.870251, 0.000000, 
36.825337, 0.000000, 
37.612900, 0.000000, 
38.859493, 0.000000, 
39.745024, 0.000000, 
40.861621, 0.000000, 
41.675033, 0.000000, 
42.899191, 0.000000, 
44.323264, 0.000000, 
45.299035, 0.000000, 
46.175257, 0.000000, 
47.168040, 0.000000, 
48.183378, 0.000000, 
48.905305, 0.000000, 
49.562845, 0.000000, 
50.715995, 0.000000, 
52.100446, 0.000000, 
52.541229, 0.000000, 
53.763805, 0.000000, 
55.163184, 0.000000, 
56.113075, 0.000000, 
56.855809, 0.000000, 
58.060774, 0.000000, 
59.028412, 0.000000, 
60.110980, 0.000000, 
61.351388, 0.000000, 
61.953575, 0.000000, 
62.723950, 0.000000, 
63.922074, 0.000000, 
65.031709, 0.000000, 
66.274004, 0.000000, 
67.162412, 0.000000, 
67.665290, 0.000000, 
69.453058, 0.000000, 
70.300107, 0.000000, 
71.074926, 0.000000, 
71.851639, 0.000000, 
72.854778, 0.000000, 
74.252060, 0.000000, 
75.195813, 0.000000, 
75.947377, 0.000000, 
77.426333, 0.000000, 
78.485757, 0.000000, 
78.544690, 0.000000, 
80.181224, 0.000000, 
80.838662, 0.000000, 
82.316183, 0.000000, 
83.376038, 0.000000, 
83.526462, 0.000000, 
85.331686, 0.000000, 
86.455878, 0.000000, 
86.654266, 0.000000, 
87.934494, 0.000000, 
88.905244, 0.000000, 
90.458083, 0.000000, 
91.174727, 0.000000, 
92.072060, 0.000000, 
93.307464, 0.000000, 
93.597330, 0.000000, 
95.142047, 0.000000, 
96.411492, 0.000000, 
97.432953, 0.000000, 
97.940548, 0.000000, 
98.548959, 0.000000, 
100.043630, 0.000000, 
100.517925, 0.000000, 
102.173115, 0.000000, 
102.852604, 0.000000, 
104.407609, 0.000000, 
105.375195, 0.000000, 
105.979508, 0.000000, 
107.101746, 0.000000, 
108.223382, 0.000000, 
109.486711, 0.000000, 
109.747767, 0.000000, 
110.896909, 0.000000, 
112.390335, 0.000000, 
112.877066, 0.000000, 
114.095153, 0.000000, 
114.579623, 0.000000, 
116.094185, 0.000000, 
117.140766, 0.000000, 
118.060857, 0.000000, 
119.170793, 0.000000, 
120.060126, 0.000000, 
120.955027, 0.000000, 
121.973904, 0.000000, 
123.401153, 0.000000, 
124.207775, 0.000000, 
125.276322, 0.000000, 
126.481466, 0.000000, 
126.883272, 0.000000, 
127.613187, 0.000000, 
129.334003, 0.000000, 
130.413008, 0.000000, 
130.561660, 0.000000, 
131.928752, 0.000000, 
133.365050, 0.000000, 
133.931903, 0.000000, 
135.220219, 0.000000, 
136.057673, 0.000000, 
136.584208, 0.000000, 
137.719481, 0.000000, 
139.374958, 0.000000, 
140.024700, 0.000000, 
140.579424, 0.000000, 
141.938861, 0.000000, 
142.836706, 0.000000, 
144.461517, 0.000000, 
145.350678, 0.000000, 
146.294825, 0.000000, 
146.985124, 0.000000, 
147.677443, 0.000000, 
149.265360, 0.000000, 
149.676778, 0.000000, 
150.814395, 0.000000, 
151.882709, 0.000000, 
152.802892, 0.000000, 
153.534767, 0.000000, 
155.269910, 0.000000, 
155.751832, 0.000000, 
156.816087, 0.000000, 
157.672908, 0.000000, 
159.108397, 0.000000, 
160.095086, 0.000000, 
160.974993, 0.000000, 
162.325084, 0.000000, 
163.065639, 0.000000, 
164.323769, 0.000000, 
164.520130, 0.000000, 
165.823470, 0.000000, 
166.970715, 0.000000, 
168.425465, 0.000000, 
168.689487, 0.000000, 
169.780831, 0.000000, 
170.602670, 0.000000, 
171.649641, 0.000000, 
173.110177, 0.000000, 
173.663984, 0.000000, 
174.754248, 0.000000, 
175.812642, 0.000000, 
176.744457, 0.000000, 
177.649760, 0.000000, 
179.448190, 0.000000, 
179.597921, 0.000000, 
180.686922, 0.000000, 
181.719553, 0.000000, 
183.042396, 0.000000, 
184.245940, 0.000000, 
184.621819, 0.000000, 
186.249714, 0.000000, 
187.139548, 0.000000, 
187.944945, 0.000000, 
189.048943, 0.000000, 
189.971934, 0.000000, 
190.827518, 0.000000, 
192.274330, 0.000000, 
193.041598, 0.000000, 
194.295650, 0.000000, 
194.785952, 0.000000, 
196.005076, 0.000000, 
197.461287, 0.000000, 
198.335450, 0.000000, 
198.924487, 0.000000, 
