0.005051, 0.000000, 
0.992079, 0.000000, 
1.935889, 0.000000, 
3.028119, 0.000000, 
4.098757, 0.000000, 
5.071756, 0.000000, 
5.945260, 0.000000, 
6.979218, 0.000000, 
8.072330, 0.000000, 
8.972231, 0.000000, 
10.027212, 0.000000, 
11.071431, 0.000000, 
11.996218, 0.000000, 
12.933266, 0.000000, 
13.900522, 0.000000, 
15.029221, 0.000000, 
15.942808, 0.000000, 
17.002487, 0.000000, 
17.909603, 0.000000, 
19.021295, 0.000000, 
20.085079, 0.000000, 
20.918987, 0.000000, 
22.024480, 0.000000, 
22.910596, 0.000000, 
23.950229, 0.000000, 
24.912161, 0.000000, 
25.938630, 0.000000, 
26.903039, 0.000000, 
27.996013, 0.000000, 
29.018241, 0.000000, 
30.047805, 0.000000, 
31.056991, 0.000000, 
31.944958, 0.000000, 
32.994626, 0.000000, 
33.964017, 0.000000, 
34.960440, 0.000000, 
36.097812, 0.000000, 
37.057213, 0.000000, 
37.992360, 0.000000, 
39.097908, 0.000000, 
39.919842, 0.000000, 
41.090870, 0.000000, 
42.034381, 0.000000, 
43.074214, 0.000000, 
43.932579, 0.000000, 
45.074304, 0.000000, 
45.969188, 0.000000, 
47.019675, 0.000000, 
47.956346, 0.000000, 
49.057053, 0.000000, 
49.920036, 0.000000, 
50.974045, 0.000000, 
51.970555, 0.000000, 
53.018926, 0.000000, 
53.965850, 0.000000, 
54.971358, 0.000000, 
55.998763, 0.000000, 
57.016833, 0.000000, 
57.941372, 0.000000, 
59.018453, 0.000000, 
60.050975, 0.000000, 
60.950032, 0.000000, 
62.071102, 0.000000, 
63.085269, 0.000000, 
64.089059, 0.000000, 
64.998436, 0.000000, 
66.013398, 0.000000, 
66.936642, 0.000000, 
68.076358, 0.000000, 
68.994408, 0.000000, 
70.085348, 0.000000, 
71.048335, 0.000000, 
71.995007, 0.000000, 
72.947419, 0.000000, 
73.992746, 0.000000, 
74.998791, 0.000000, 
76.002960, 0.000000, 
76.940089, 0.000000, 
77.967166, 0.000000, 
78.938792, 0.000000, 
79.978071, 0.000000, 
80.963132, 0.000000, 
81.953080, 0.000000, 
83.036074, 0.000000, 
84.030048, 0.000000, 
84.981945, 0.000000, 
85.911060, 0.000000, 
87.049516, 0.000000, 
87.991511, 0.000000, 
89.056365, 0.000000, 
89.911582, 0.000000, 
91.086322, 0.000000, 
92.080928, 0.000000, 
93.073003, 0.000000, 
94.027808, 0.000000, 
94.987336, 0.000000, 
96.036384, 0.000000, 
97.017394, 0.000000, 
98.065110, 0.000000, 
99.077803, 0.000000, 
99.914398, 0.000000, 
100.979452, 0.000000, 
101.923294, 0.000000, 
102.917250, 0.000000, 
103.973382, 0.000000, 
104.928768, 0.000000, 
106.053505, 0.000000, 
107.017320, 0.000000, 
108.055890, 0.000000, 
109.015479, 0.000000, 
110.001890, 0.000000, 
111.055002, 0.000000, 
112.063661, 0.000000, 
113.077779, 0.000000, 
113.974670, 0.000000, 
115.083543, 0.000000, 
115.935463, 0.000000, 
117.082312, 0.000000, 
117.924854, 0.000000, 
119.006613, 0.000000, 
120.090214, 0.000000, 
120.953610, 0.000000, 
122.095262, 0.000000, 
123.032397, 0.000000, 
123.928752, 0.000000, 
124.937912, 0.000000, 
126.021880, 0.000000, 
127.096856, 0.000000, 
127.984158, 0.000000, 
128.947786, 0.000000, 
130.040547, 0.000000, 
131.017216, 0.000000, 
132.008299, 0.000000, 
132.961826, 0.000000, 
134.003254, 0.000000, 
135.088408, 0.000000, 
135.910608, 0.000000, 
136.921859, 0.000000, 
138.078387, 0.000000, 
138.992183, 0.000000, 
140.001312, 0.000000, 
141.072581, 0.000000, 
142.079108, 0.000000, 
142.996179, 0.000000, 
143.982496, 0.000000, 
145.026965, 0.000000, 
145.968131, 0.000000, 
146.995391, 0.000000, 
147.910877, 0.000000, 
149.050542, 0.000000, 
149.968158, 0.000000, 
150.976457, 0.000000, 
152.041977, 0.000000, 
153.067520, 0.000000, 
153.965246, 0.000000, 
155.096899, 0.000000, 
156.000156, 0.000000, 
156.930410, 0.000000, 
158.026032, 0.000000, 
158.922997, 0.000000, 
160.035419, 0.000000, 
161.096089, 0.000000, 
162.089727, 0.000000, 
163.010228, 0.000000, 
164.048073, 0.000000, 
164.918774, 0.000000, 
166.080322, 0.000000, 
166.933725, 0.000000, 
168.022460, 0.000000, 
168.940403, 0.000000, 
170.040444, 0.000000, 
171.052186, 0.000000, 
172.060863, 0.000000, 
173.041137, 0.000000, 
173.931608, 0.000000, 
174.929725, 0.000000, 
176.069087, 0.000000, 
176.939999, 0.000000, 
178.076499, 0.000000, 
178.955271, 0.000000, 
180.087138, 0.000000, 
181.005418, 0.000000, 
182.078652, 0.000000, 
182.946447, 0.000000, 
183.922634, 0.000000, 
184.908474, 0.000000, 
186.041122, 0.000000, 
187.076681, 0.000000, 
187.983461, 0.000000, 
188.993615, 0.000000, 
189.950141, 0.000000, 
190.986219, 0.000000, 
191.988918, 0.000000, 
193.033758, 0.000000, 
193.961953, 0.000000, 
194.940729, 0.000000, 
196.015385, 0.000000, 
196.937982, 0.000000, 
197.915211, 0.000000, 
198.997440, 0.000000, 
