-0.070316, 0.000000, 
0.920451, 0.000000, 
2.128658, 0.000000, 
3.078402, 0.000000, 
3.863268, 0.000000, 
4.912796, 0.000000, 
5.868751, 0.000000, 
7.110643, 0.000000, 
8.167479, 0.000000, 
8.880279, 0.000000, 
9.928867, 0.000000, 
10.883105, 0.000000, 
12.176018, 0.000000, 
13.057352, 0.000000, 
13.978272, 0.000000, 
15.107239, 0.000000, 
16.032173, 0.000000, 
16.916940, 0.000000, 
18.042932, 0.000000, 
18.997823, 0.000000, 
20.195002, 0.000000, 
20.964605, 0.000000, 
22.009450, 0.000000, 
22.966524, 0.000000, 
24.105093, 0.000000, 
25.109361, 0.000000, 
26.034359, 0.000000, 
26.986566, 0.000000, 
28.136502, 0.000000, 
28.802477, 0.000000, 
30.152846, 0.000000, 
30.804442, 0.000000, 
31.879262, 0.000000, 
33.030427, 0.000000, 
34.025333, 0.000000, 
35.007836, 0.000000, 
36.011627, 0.000000, 
37.073051, 0.000000, 
38.078596, 0.000000, 
39.043740, 0.000000, 
39.873247, 0.000000, 
41.039756, 0.000000, 
41.888473, 0.000000, 
43.162693, 0.000000, 
44.086969, 0.000000, 
44.823689, 0.000000, 
46.110529, 0.000000, 
47.101888, 0.000000, 
47.990923, 0.000000, 
49.112342, 0.000000, 
49.835822, 0.000000, 
51.004172, 0.000000, 
51.846405, 0.000000, 
53.003224, 0.000000, 
53.916673, 0.000000, 
54.965873, 0.000000, 
56.165575, 0.000000, 
56.927733, 0.000000, 
58.048155, 0.000000, 
58.967984, 0.000000, 
60.109673, 0.000000, 
60.931712, 0.000000, 
61.959201, 0.000000, 
63.111786, 0.000000, 
63.805999, 0.000000, 
64.893252, 0.000000, 
65.816057, 0.000000, 
66.883501, 0.000000, 
68.071318, 0.000000, 
69.175524, 0.000000, 
70.157360, 0.000000, 
70.894677, 0.000000, 
72.173619, 0.000000, 
73.129633, 0.000000, 
74.003192, 0.000000, 
74.912757, 0.000000, 
75.936081, 0.000000, 
77.130023, 0.000000, 
78.006409, 0.000000, 
79.026302, 0.000000, 
80.021308, 0.000000, 
81.122470, 0.000000, 
81.818288, 0.000000, 
83.098802, 0.000000, 
83.946158, 0.000000, 
85.038346, 0.000000, 
85.969335, 0.000000, 
87.033529, 0.000000, 
88.153952, 0.000000, 
88.922189, 0.000000, 
90.121288, 0.000000, 
90.897451, 0.000000, 
91.884654, 0.000000, 
92.834321, 0.000000, 
93.840327, 0.000000, 
94.900870, 0.000000, 
96.179725, 0.000000, 
96.962112, 0.000000, 
98.178671, 0.000000, 
98.979160, 0.000000, 
100.193826, 0.000000, 
100.858583, 0.000000, 
101.866924, 0.000000, 
102.974930, 0.000000, 
104.136064, 0.000000, 
105.119731, 0.000000, 
106.040350, 0.000000, 
106.989394, 0.000000, 
107.869571, 0.000000, 
109.083253, 0.000000, 
110.041508, 0.000000, 
110.855931, 0.000000, 
112.049815, 0.000000, 
113.151932, 0.000000, 
114.059291, 0.000000, 
114.883151, 0.000000, 
115.917252, 0.000000, 
116.892029, 0.000000, 
118.062379, 0.000000, 
119.148170, 0.000000, 
120.024916, 0.000000, 
121.034621, 0.000000, 
122.022868, 0.000000, 
123.097551, 0.000000, 
124.172086, 0.000000, 
125.102691, 0.000000, 
125.864099, 0.000000, 
127.150467, 0.000000, 
128.176113, 0.000000, 
129.180353, 0.000000, 
130.176429, 0.000000, 
130.949686, 0.000000, 
131.869354, 0.000000, 
133.074735, 0.000000, 
134.094522, 0.000000, 
134.969628, 0.000000, 
136.136718, 0.000000, 
137.098098, 0.000000, 
137.981743, 0.000000, 
139.099410, 0.000000, 
139.808093, 0.000000, 
141.128990, 0.000000, 
141.945278, 0.000000, 
142.978927, 0.000000, 
144.072212, 0.000000, 
145.140717, 0.000000, 
145.813351, 0.000000, 
146.947069, 0.000000, 
148.197087, 0.000000, 
148.907359, 0.000000, 
149.987193, 0.000000, 
150.862466, 0.000000, 
152.086334, 0.000000, 
152.969862, 0.000000, 
153.887629, 0.000000, 
154.841285, 0.000000, 
156.077979, 0.000000, 
157.034366, 0.000000, 
157.814348, 0.000000, 
159.026312, 0.000000, 
160.136846, 0.000000, 
160.837179, 0.000000, 
162.121493, 0.000000, 
163.036617, 0.000000, 
163.815109, 0.000000, 
164.847250, 0.000000, 
165.821306, 0.000000, 
166.840284, 0.000000, 
168.017864, 0.000000, 
168.839030, 0.000000, 
169.831582, 0.000000, 
170.845908, 0.000000, 
171.834998, 0.000000, 
172.942593, 0.000000, 
173.938764, 0.000000, 
174.939935, 0.000000, 
176.057648, 0.000000, 
176.979784, 0.000000, 
177.924445, 0.000000, 
179.096366, 0.000000, 
179.857740, 0.000000, 
180.960838, 0.000000, 
181.808489, 0.000000, 
183.107050, 0.000000, 
184.053299, 0.000000, 
185.006061, 0.000000, 
186.032595, 0.000000, 
186.806726, 0.000000, 
188.172452, 0.000000, 
188.866777, 0.000000, 
190.036958, 0.000000, 
191.020836, 0.000000, 
191.801571, 0.000000, 
192.910427, 0.000000, 
193.803317, 0.000000, 
195.073602, 0.000000, 
195.870444, 0.000000, 
197.108415, 0.000000, 
198.088860, 0.000000, 
199.193738, 0.000000, 
