0.217249, 0.000000, 
1.446246, 0.000000, 
1.913062, 0.000000, 
3.233117, 0.000000, 
3.688682, 0.000000, 
5.353749, 0.000000, 
6.382759, 0.000000, 
7.468953, 0.000000, 
7.506454, 0.000000, 
9.460361, 0.000000, 
10.118736, 0.000000, 
11.487682, 0.000000, 
11.606651, 0.000000, 
13.032876, 0.000000, 
14.207033, 0.000000, 
14.966600, 0.000000, 
16.289783, 0.000000, 
17.270135, 0.000000, 
18.255375, 0.000000, 
19.091117, 0.000000, 
20.154434, 0.000000, 
20.908201, 0.000000, 
21.777032, 0.000000, 
22.865323, 0.000000, 
24.199005, 0.000000, 
24.774845, 0.000000, 
25.526040, 0.000000, 
26.973474, 0.000000, 
28.101376, 0.000000, 
28.808154, 0.000000, 
30.165788, 0.000000, 
31.278439, 0.000000, 
31.772369, 0.000000, 
33.010784, 0.000000, 
34.174418, 0.000000, 
34.994983, 0.000000, 
36.241330, 0.000000, 
37.014220, 0.000000, 
38.014242, 0.000000, 
38.517905, 0.000000, 
40.479004, 0.000000, 
40.825948, 0.000000, 
41.741813, 0.000000, 
43.272175, 0.000000, 
44.400777, 0.000000, 
44.721199, 0.000000, 
46.293900, 0.000000, 
46.712426, 0.000000, 
47.578719, 0.000000, 
48.864992, 0.000000, 
49.510824, 0.000000, 
51.101200, 0.000000, 
51.727415, 0.000000, 
53.365335, 0.000000, 
54.063597, 0.000000, 
54.635136, 0.000000, 
56.360088, 0.000000, 
57.179281, 0.000000, 
58.292904, 0.000000, 
59.307606, 0.000000, 
60.089011, 0.000000, 
60.958134, 0.000000, 
62.268640, 0.000000, 
63.354758, 0.000000, 
64.449180, 0.000000, 
64.948517, 0.000000, 
65.679518, 0.000000, 
67.423725, 0.000000, 
67.688804, 0.000000, 
68.636447, 0.000000, 
69.910099, 0.000000, 
71.484174, 0.000000, 
71.684112, 0.000000, 
72.591831, 0.000000, 
73.798793, 0.000000, 
75.186011, 0.000000, 
76.397865, 0.000000, 
77.118217, 0.000000, 
78.256928, 0.000000, 
79.037100, 0.000000, 
79.780609, 0.000000, 
81.302262, 0.000000, 
82.418458, 0.000000, 
83.350945, 0.000000, 
83.806964, 0.000000, 
85.074499, 0.000000, 
86.296177, 0.000000, 
86.517332, 0.000000, 
87.549113, 0.000000, 
89.420336, 0.000000, 
89.826051, 0.000000, 
91.366051, 0.000000, 
92.230776, 0.000000, 
92.683989, 0.000000, 
93.699973, 0.000000, 
94.741070, 0.000000, 
95.880672, 0.000000, 
96.936430, 0.000000, 
97.668961, 0.000000, 
98.562102, 0.000000, 
99.584882, 0.000000, 
101.234012, 0.000000, 
102.367820, 0.000000, 
102.663512, 0.000000, 
103.583639, 0.000000, 
104.533259, 0.000000, 
105.649031, 0.000000, 
107.436831, 0.000000, 
108.447694, 0.000000, 
109.298660, 0.000000, 
109.516649, 0.000000, 
111.049427, 0.000000, 
112.351902, 0.000000, 
113.304143, 0.000000, 
113.698546, 0.000000, 
115.421383, 0.000000, 
115.654390, 0.000000, 
117.331324, 0.000000, 
117.632220, 0.000000, 
119.299512, 0.000000, 
120.307118, 0.000000, 
121.314054, 0.000000, 
122.242961, 0.000000, 
123.063543, 0.000000, 
124.109369, 0.000000, 
125.170861, 0.000000, 
126.169751, 0.000000, 
127.266213, 0.000000, 
128.301190, 0.000000, 
129.495066, 0.000000, 
130.441067, 0.000000, 
130.945179, 0.000000, 
132.496728, 0.000000, 
133.313372, 0.000000, 
133.756520, 0.000000, 
134.864559, 0.000000, 
136.206319, 0.000000, 
137.168658, 0.000000, 
137.614397, 0.000000, 
139.417383, 0.000000, 
139.625225, 0.000000, 
140.534191, 0.000000, 
141.988551, 0.000000, 
142.519627, 0.000000, 
143.589912, 0.000000, 
145.072538, 0.000000, 
146.380041, 0.000000, 
146.550478, 0.000000, 
147.941735, 0.000000, 
149.178060, 0.000000, 
149.894775, 0.000000, 
150.763367, 0.000000, 
151.738549, 0.000000, 
152.555829, 0.000000, 
154.470779, 0.000000, 
154.792725, 0.000000, 
156.022383, 0.000000, 
156.797648, 0.000000, 
157.571436, 0.000000, 
159.167635, 0.000000, 
160.307581, 0.000000, 
161.451417, 0.000000, 
161.611723, 0.000000, 
162.815407, 0.000000, 
163.543821, 0.000000, 
164.796908, 0.000000, 
166.367908, 0.000000, 
166.603050, 0.000000, 
167.835763, 0.000000, 
168.723505, 0.000000, 
169.642893, 0.000000, 
171.380424, 0.000000, 
171.849417, 0.000000, 
173.116886, 0.000000, 
174.107719, 0.000000, 
175.483501, 0.000000, 
176.201218, 0.000000, 
176.524953, 0.000000, 
178.319185, 0.000000, 
179.051774, 0.000000, 
180.199881, 0.000000, 
181.075643, 0.000000, 
182.432156, 0.000000, 
183.453047, 0.000000, 
184.481032, 0.000000, 
185.456142, 0.000000, 
186.017314, 0.000000, 
187.494473, 0.000000, 
188.275818, 0.000000, 
188.876084, 0.000000, 
190.081669, 0.000000, 
190.761851, 0.000000, 
191.650733, 0.000000, 
192.703957, 0.000000, 
194.374239, 0.000000, 
195.091444, 0.000000, 
196.262417, 0.000000, 
196.956156, 0.000000, 
198.261689, 0.000000, 
198.703559, 0.000000, 
