0.259807, 0.000000, 
1.215141, 0.000000, 
2.269700, 0.000000, 
2.713512, 0.000000, 
3.658785, 0.000000, 
4.841140, 0.000000, 
5.534864, 0.000000, 
7.100937, 0.000000, 
8.320891, 0.000000, 
9.139066, 0.000000, 
9.654695, 0.000000, 
11.417518, 0.000000, 
11.671706, 0.000000, 
13.146552, 0.000000, 
13.636715, 0.000000, 
15.014208, 0.000000, 
16.321047, 0.000000, 
17.347731, 0.000000, 
18.485733, 0.000000, 
18.606531, 0.000000, 
20.101556, 0.000000, 
21.014953, 0.000000, 
22.397515, 0.000000, 
23.062889, 0.000000, 
23.537454, 0.000000, 
25.316597, 0.000000, 
25.764301, 0.000000, 
26.695144, 0.000000, 
27.868713, 0.000000, 
28.871934, 0.000000, 
30.489341, 0.000000, 
31.250137, 0.000000, 
31.553789, 0.000000, 
32.707032, 0.000000, 
34.040409, 0.000000, 
35.180661, 0.000000, 
36.450244, 0.000000, 
37.275723, 0.000000, 
38.454470, 0.000000, 
39.021421, 0.000000, 
40.417654, 0.000000, 
41.076811, 0.000000, 
41.538555, 0.000000, 
42.904070, 0.000000, 
43.759490, 0.000000, 
45.247879, 0.000000, 
45.588026, 0.000000, 
47.015092, 0.000000, 
48.192302, 0.000000, 
49.396526, 0.000000, 
49.651718, 0.000000, 
50.587014, 0.000000, 
52.193140, 0.000000, 
53.419913, 0.000000, 
54.300378, 0.000000, 
55.298451, 0.000000, 
56.312227, 0.000000, 
56.562506, 0.000000, 
57.755293, 0.000000, 
58.741755, 0.000000, 
59.675752, 0.000000, 
60.678205, 0.000000, 
61.923790, 0.000000, 
63.112092, 0.000000, 
64.376927, 0.000000, 
65.072271, 0.000000, 
65.892962, 0.000000, 
67.198027, 0.000000, 
68.104914, 0.000000, 
68.835156, 0.000000, 
69.871617, 0.000000, 
70.719852, 0.000000, 
71.633315, 0.000000, 
73.353517, 0.000000, 
74.128188, 0.000000, 
74.705691, 0.000000, 
75.943636, 0.000000, 
77.156874, 0.000000, 
78.160626, 0.000000, 
78.698727, 0.000000, 
80.413966, 0.000000, 
80.848615, 0.000000, 
82.174398, 0.000000, 
82.607392, 0.000000, 
83.627334, 0.000000, 
84.732566, 0.000000, 
86.012577, 0.000000, 
87.477400, 0.000000, 
88.080744, 0.000000, 
89.441709, 0.000000, 
90.099450, 0.000000, 
90.922818, 0.000000, 
91.746252, 0.000000, 
92.678574, 0.000000, 
94.048262, 0.000000, 
94.801264, 0.000000, 
96.251542, 0.000000, 
97.315768, 0.000000, 
98.457764, 0.000000, 
98.824438, 0.000000, 
100.192725, 0.000000, 
101.145668, 0.000000, 
101.967168, 0.000000, 
103.007285, 0.000000, 
104.421551, 0.000000, 
104.888497, 0.000000, 
105.737442, 0.000000, 
106.776323, 0.000000, 
108.298230, 0.000000, 
109.452848, 0.000000, 
109.893286, 0.000000, 
111.417977, 0.000000, 
112.476708, 0.000000, 
112.746244, 0.000000, 
113.846413, 0.000000, 
114.669857, 0.000000, 
116.360565, 0.000000, 
117.027029, 0.000000, 
117.614725, 0.000000, 
119.297975, 0.000000, 
120.384728, 0.000000, 
120.606821, 0.000000, 
122.429184, 0.000000, 
122.775001, 0.000000, 
123.681307, 0.000000, 
124.672551, 0.000000, 
125.895950, 0.000000, 
126.782347, 0.000000, 
128.457164, 0.000000, 
129.406490, 0.000000, 
130.497094, 0.000000, 
130.659907, 0.000000, 
131.564399, 0.000000, 
132.501161, 0.000000, 
133.821081, 0.000000, 
135.388352, 0.000000, 
136.070974, 0.000000, 
137.247842, 0.000000, 
138.189348, 0.000000, 
139.477783, 0.000000, 
140.005251, 0.000000, 
141.310642, 0.000000, 
142.188350, 0.000000, 
142.668789, 0.000000, 
143.685146, 0.000000, 
145.210766, 0.000000, 
145.821158, 0.000000, 
146.826526, 0.000000, 
148.474791, 0.000000, 
148.787335, 0.000000, 
150.200742, 0.000000, 
150.908610, 0.000000, 
151.817751, 0.000000, 
153.248015, 0.000000, 
154.335925, 0.000000, 
154.787329, 0.000000, 
156.141211, 0.000000, 
157.114584, 0.000000, 
157.681094, 0.000000, 
159.311769, 0.000000, 
159.562417, 0.000000, 
161.048453, 0.000000, 
162.074998, 0.000000, 
162.831505, 0.000000, 
164.422415, 0.000000, 
165.260126, 0.000000, 
166.229904, 0.000000, 
167.086015, 0.000000, 
168.082877, 0.000000, 
169.301978, 0.000000, 
170.460157, 0.000000, 
171.455696, 0.000000, 
171.874582, 0.000000, 
173.139959, 0.000000, 
174.128088, 0.000000, 
175.280642, 0.000000, 
176.115446, 0.000000, 
176.969581, 0.000000, 
178.148091, 0.000000, 
179.125412, 0.000000, 
180.095191, 0.000000, 
180.750239, 0.000000, 
182.087719, 0.000000, 
183.120026, 0.000000, 
184.410111, 0.000000, 
184.522136, 0.000000, 
186.191238, 0.000000, 
187.079843, 0.000000, 
187.979260, 0.000000, 
188.992983, 0.000000, 
190.401745, 0.000000, 
190.655129, 0.000000, 
192.403643, 0.000000, 
192.578448, 0.000000, 
194.280235, 0.000000, 
194.867803, 0.000000, 
195.739434, 0.000000, 
196.674989, 0.000000, 
197.994692, 0.000000, 
198.878720, 0.000000, 
