0.053626, 0.000000, 
1.054521, 0.000000, 
2.027273, 0.000000, 
2.975440, 0.000000, 
3.951331, 0.000000, 
4.982088, 0.000000, 
6.036371, 0.000000, 
7.033853, 0.000000, 
7.965513, 0.000000, 
9.053705, 0.000000, 
10.091702, 0.000000, 
10.990205, 0.000000, 
12.076346, 0.000000, 
12.952243, 0.000000, 
14.099074, 0.000000, 
15.073676, 0.000000, 
16.045319, 0.000000, 
17.007183, 0.000000, 
18.053636, 0.000000, 
19.087009, 0.000000, 
19.977172, 0.000000, 
20.996225, 0.000000, 
22.094719, 0.000000, 
23.036716, 0.000000, 
23.900737, 0.000000, 
25.013534, 0.000000, 
25.968122, 0.000000, 
27.043097, 0.000000, 
27.919134, 0.000000, 
28.931880, 0.000000, 
29.933790, 0.000000, 
31.039192, 0.000000, 
31.977373, 0.000000, 
32.969787, 0.000000, 
33.917347, 0.000000, 
35.038442, 0.000000, 
36.019272, 0.000000, 
36.970797, 0.000000, 
38.078057, 0.000000, 
38.986300, 0.000000, 
39.906323, 0.000000, 
40.976812, 0.000000, 
41.967479, 0.000000, 
43.010880, 0.000000, 
43.955584, 0.000000, 
45.043191, 0.000000, 
46.032361, 0.000000, 
47.039131, 0.000000, 
48.008921, 0.000000, 
49.099660, 0.000000, 
50.063452, 0.000000, 
51.049782, 0.000000, 
52.036233, 0.000000, 
53.085342, 0.000000, 
54.021386, 0.000000, 
55.033549, 0.000000, 
55.970463, 0.000000, 
57.075463, 0.000000, 
58.087191, 0.000000, 
58.933544, 0.000000, 
60.066807, 0.000000, 
61.045374, 0.000000, 
62.060904, 0.000000, 
63.075939, 0.000000, 
64.073092, 0.000000, 
65.019442, 0.000000, 
66.057309, 0.000000, 
66.975251, 0.000000, 
68.086254, 0.000000, 
68.950216, 0.000000, 
69.985728, 0.000000, 
71.004266, 0.000000, 
71.983945, 0.000000, 
73.030128, 0.000000, 
73.940342, 0.000000, 
75.019545, 0.000000, 
75.931248, 0.000000, 
76.956241, 0.000000, 
78.082979, 0.000000, 
78.995015, 0.000000, 
79.949535, 0.000000, 
80.934241, 0.000000, 
81.960477, 0.000000, 
82.959635, 0.000000, 
83.969990, 0.000000, 
85.081880, 0.000000, 
85.993118, 0.000000, 
87.084082, 0.000000, 
87.983604, 0.000000, 
89.098905, 0.000000, 
89.992338, 0.000000, 
90.993973, 0.000000, 
92.082047, 0.000000, 
93.082406, 0.000000, 
94.045732, 0.000000, 
95.086006, 0.000000, 
95.959071, 0.000000, 
97.054603, 0.000000, 
98.086028, 0.000000, 
98.984419, 0.000000, 
99.947014, 0.000000, 
100.902202, 0.000000, 
102.077711, 0.000000, 
103.017065, 0.000000, 
103.915541, 0.000000, 
104.990794, 0.000000, 
106.055145, 0.000000, 
106.992152, 0.000000, 
108.065697, 0.000000, 
108.965840, 0.000000, 
109.947990, 0.000000, 
111.008148, 0.000000, 
111.997241, 0.000000, 
113.047194, 0.000000, 
114.059805, 0.000000, 
115.056624, 0.000000, 
116.093723, 0.000000, 
116.994190, 0.000000, 
118.052845, 0.000000, 
118.947508, 0.000000, 
119.943226, 0.000000, 
121.004869, 0.000000, 
122.047185, 0.000000, 
123.023519, 0.000000, 
123.968053, 0.000000, 
125.035358, 0.000000, 
125.953585, 0.000000, 
126.993743, 0.000000, 
128.076964, 0.000000, 
128.934203, 0.000000, 
129.996687, 0.000000, 
130.959024, 0.000000, 
131.913471, 0.000000, 
133.080449, 0.000000, 
134.056967, 0.000000, 
135.013670, 0.000000, 
136.053545, 0.000000, 
137.095187, 0.000000, 
137.961337, 0.000000, 
138.979639, 0.000000, 
139.911964, 0.000000, 
141.005937, 0.000000, 
141.929842, 0.000000, 
142.935031, 0.000000, 
144.048248, 0.000000, 
144.932394, 0.000000, 
145.944472, 0.000000, 
146.960439, 0.000000, 
147.950777, 0.000000, 
149.014014, 0.000000, 
149.906842, 0.000000, 
150.989930, 0.000000, 
152.041218, 0.000000, 
153.045579, 0.000000, 
154.090769, 0.000000, 
154.968780, 0.000000, 
156.018954, 0.000000, 
157.098200, 0.000000, 
157.957753, 0.000000, 
158.991650, 0.000000, 
159.931448, 0.000000, 
161.032474, 0.000000, 
162.059364, 0.000000, 
162.967951, 0.000000, 
163.963291, 0.000000, 
165.087497, 0.000000, 
166.025156, 0.000000, 
166.981438, 0.000000, 
168.069470, 0.000000, 
168.912905, 0.000000, 
170.053709, 0.000000, 
170.911867, 0.000000, 
171.918475, 0.000000, 
173.025437, 0.000000, 
174.046025, 0.000000, 
175.085850, 0.000000, 
175.919572, 0.000000, 
177.003969, 0.000000, 
178.092727, 0.000000, 
179.091422, 0.000000, 
179.981803, 0.000000, 
180.991448, 0.000000, 
181.966153, 0.000000, 
182.942511, 0.000000, 
183.928562, 0.000000, 
184.982880, 0.000000, 
186.064645, 0.000000, 
187.006416, 0.000000, 
188.080360, 0.000000, 
189.051073, 0.000000, 
189.960531, 0.000000, 
190.941163, 0.000000, 
192.064673, 0.000000, 
192.918459, 0.000000, 
193.924220, 0.000000, 
194.986550, 0.000000, 
196.086629, 0.000000, 
196.969013, 0.000000, 
197.925657, 0.000000, 
199.075842, 0.000000, 
