0.198794, 0.000000, 
0.875809, 0.000000, 
2.199331, 0.000000, 
3.082792, 0.000000, 
3.977464, 0.000000, 
4.912420, 0.000000, 
6.242219, 0.000000, 
6.862057, 0.000000, 
7.721351, 0.000000, 
8.894782, 0.000000, 
9.708892, 0.000000, 
11.020803, 0.000000, 
12.076267, 0.000000, 
13.093168, 0.000000, 
14.279100, 0.000000, 
14.978384, 0.000000, 
16.190923, 0.000000, 
16.859650, 0.000000, 
17.950033, 0.000000, 
18.754184, 0.000000, 
20.072045, 0.000000, 
20.773976, 0.000000, 
22.153082, 0.000000, 
23.133568, 0.000000, 
23.749321, 0.000000, 
24.772385, 0.000000, 
26.043862, 0.000000, 
26.809306, 0.000000, 
27.708208, 0.000000, 
28.749446, 0.000000, 
30.253737, 0.000000, 
31.297357, 0.000000, 
32.283835, 0.000000, 
32.980883, 0.000000, 
34.155035, 0.000000, 
35.170067, 0.000000, 
36.263246, 0.000000, 
36.755795, 0.000000, 
37.839373, 0.000000, 
39.234016, 0.000000, 
40.224099, 0.000000, 
41.060891, 0.000000, 
42.211706, 0.000000, 
43.207612, 0.000000, 
43.802320, 0.000000, 
45.151764, 0.000000, 
46.132731, 0.000000, 
47.132793, 0.000000, 
47.938613, 0.000000, 
49.057663, 0.000000, 
50.198261, 0.000000, 
51.086655, 0.000000, 
52.023373, 0.000000, 
53.228927, 0.000000, 
53.780781, 0.000000, 
55.178402, 0.000000, 
56.162488, 0.000000, 
57.179242, 0.000000, 
58.129904, 0.000000, 
58.889682, 0.000000, 
59.957767, 0.000000, 
61.152012, 0.000000, 
61.758157, 0.000000, 
62.789225, 0.000000, 
64.196614, 0.000000, 
64.923053, 0.000000, 
65.970618, 0.000000, 
67.292395, 0.000000, 
67.850894, 0.000000, 
68.993481, 0.000000, 
69.830120, 0.000000, 
70.772392, 0.000000, 
72.250557, 0.000000, 
72.723027, 0.000000, 
74.146322, 0.000000, 
75.124300, 0.000000, 
75.797824, 0.000000, 
77.046516, 0.000000, 
78.038214, 0.000000, 
79.286346, 0.000000, 
79.953681, 0.000000, 
80.832806, 0.000000, 
82.073092, 0.000000, 
82.755512, 0.000000, 
84.273719, 0.000000, 
85.290720, 0.000000, 
86.218793, 0.000000, 
86.981654, 0.000000, 
87.944646, 0.000000, 
88.773635, 0.000000, 
90.188901, 0.000000, 
91.047202, 0.000000, 
92.145873, 0.000000, 
93.123849, 0.000000, 
94.106188, 0.000000, 
94.922537, 0.000000, 
96.182780, 0.000000, 
96.923409, 0.000000, 
97.878324, 0.000000, 
99.241478, 0.000000, 
99.805229, 0.000000, 
100.879337, 0.000000, 
102.041969, 0.000000, 
102.895735, 0.000000, 
103.861055, 0.000000, 
104.905386, 0.000000, 
105.995625, 0.000000, 
106.703431, 0.000000, 
108.116216, 0.000000, 
108.963508, 0.000000, 
109.996322, 0.000000, 
111.152403, 0.000000, 
112.006340, 0.000000, 
113.229036, 0.000000, 
114.043704, 0.000000, 
115.209670, 0.000000, 
116.145124, 0.000000, 
117.297349, 0.000000, 
117.929614, 0.000000, 
119.165372, 0.000000, 
119.826931, 0.000000, 
121.187755, 0.000000, 
122.020582, 0.000000, 
122.931206, 0.000000, 
123.983514, 0.000000, 
124.708448, 0.000000, 
125.734546, 0.000000, 
126.828197, 0.000000, 
128.200390, 0.000000, 
129.298836, 0.000000, 
129.737667, 0.000000, 
130.707290, 0.000000, 
132.083679, 0.000000, 
133.148898, 0.000000, 
134.050912, 0.000000, 
134.868127, 0.000000, 
136.205795, 0.000000, 
137.087359, 0.000000, 
137.759041, 0.000000, 
139.070499, 0.000000, 
139.965612, 0.000000, 
141.058590, 0.000000, 
142.177554, 0.000000, 
142.765671, 0.000000, 
144.242518, 0.000000, 
145.028196, 0.000000, 
145.917834, 0.000000, 
146.767184, 0.000000, 
148.202933, 0.000000, 
148.949516, 0.000000, 
149.847288, 0.000000, 
151.072804, 0.000000, 
152.139879, 0.000000, 
152.870842, 0.000000, 
153.829905, 0.000000, 
154.816154, 0.000000, 
155.892718, 0.000000, 
156.719850, 0.000000, 
157.884942, 0.000000, 
158.799675, 0.000000, 
159.851143, 0.000000, 
161.119661, 0.000000, 
161.965673, 0.000000, 
162.878589, 0.000000, 
164.137573, 0.000000, 
165.101934, 0.000000, 
165.823433, 0.000000, 
167.079078, 0.000000, 
167.981374, 0.000000, 
169.093548, 0.000000, 
170.256001, 0.000000, 
171.203329, 0.000000, 
172.011983, 0.000000, 
172.929030, 0.000000, 
174.146741, 0.000000, 
175.121439, 0.000000, 
176.082425, 0.000000, 
176.719763, 0.000000, 
177.901157, 0.000000, 
178.796840, 0.000000, 
180.070149, 0.000000, 
181.279570, 0.000000, 
182.246883, 0.000000, 
183.182274, 0.000000, 
183.942499, 0.000000, 
185.114588, 0.000000, 
186.016879, 0.000000, 
186.913717, 0.000000, 
187.923988, 0.000000, 
188.744104, 0.000000, 
189.864069, 0.000000, 
190.976479, 0.000000, 
192.036115, 0.000000, 
193.234541, 0.000000, 
194.158957, 0.000000, 
195.146672, 0.000000, 
196.171464, 0.000000, 
196.813732, 0.000000, 
197.852752, 0.000000, 
199.228645, 0.000000, 
