-0.155752, 0.000000, 
0.754283, 0.000000, 
2.198389, 0.000000, 
3.054428, 0.000000, 
4.171371, 0.000000, 
4.621002, 0.000000, 
6.321182, 0.000000, 
7.160249, 0.000000, 
8.389465, 0.000000, 
9.211566, 0.000000, 
9.819676, 0.000000, 
10.928756, 0.000000, 
12.079287, 0.000000, 
13.340886, 0.000000, 
14.343320, 0.000000, 
14.812288, 0.000000, 
15.762514, 0.000000, 
17.202172, 0.000000, 
17.745637, 0.000000, 
19.288966, 0.000000, 
20.158756, 0.000000, 
21.062428, 0.000000, 
21.635160, 0.000000, 
22.661511, 0.000000, 
23.674499, 0.000000, 
25.276988, 0.000000, 
25.923296, 0.000000, 
26.600041, 0.000000, 
28.190880, 0.000000, 
29.376335, 0.000000, 
30.341792, 0.000000, 
31.213449, 0.000000, 
32.324227, 0.000000, 
32.873860, 0.000000, 
33.604283, 0.000000, 
35.162539, 0.000000, 
35.606522, 0.000000, 
36.953290, 0.000000, 
37.673161, 0.000000, 
39.286052, 0.000000, 
40.319080, 0.000000, 
40.806423, 0.000000, 
41.612108, 0.000000, 
43.239868, 0.000000, 
44.365737, 0.000000, 
44.919326, 0.000000, 
46.020969, 0.000000, 
46.972585, 0.000000, 
48.111621, 0.000000, 
48.814579, 0.000000, 
50.156670, 0.000000, 
50.722270, 0.000000, 
51.936508, 0.000000, 
52.970774, 0.000000, 
53.780229, 0.000000, 
55.171555, 0.000000, 
56.246508, 0.000000, 
56.843168, 0.000000, 
58.372751, 0.000000, 
58.713997, 0.000000, 
60.228816, 0.000000, 
60.934078, 0.000000, 
61.970354, 0.000000, 
62.968281, 0.000000, 
64.375830, 0.000000, 
64.733494, 0.000000, 
66.135827, 0.000000, 
67.030814, 0.000000, 
67.721918, 0.000000, 
69.344557, 0.000000, 
69.932365, 0.000000, 
70.934790, 0.000000, 
71.602791, 0.000000, 
72.976303, 0.000000, 
73.768083, 0.000000, 
75.119030, 0.000000, 
76.186124, 0.000000, 
76.711224, 0.000000, 
78.051376, 0.000000, 
79.294073, 0.000000, 
79.772993, 0.000000, 
80.882019, 0.000000, 
81.784554, 0.000000, 
83.172223, 0.000000, 
84.172860, 0.000000, 
84.692138, 0.000000, 
86.380569, 0.000000, 
86.851735, 0.000000, 
87.686914, 0.000000, 
89.220485, 0.000000, 
90.140701, 0.000000, 
90.613876, 0.000000, 
92.033033, 0.000000, 
92.741434, 0.000000, 
94.051733, 0.000000, 
95.071293, 0.000000, 
95.653841, 0.000000, 
96.659589, 0.000000, 
98.288299, 0.000000, 
99.186031, 0.000000, 
99.769415, 0.000000, 
101.119792, 0.000000, 
102.004182, 0.000000, 
102.916197, 0.000000, 
104.158114, 0.000000, 
105.219167, 0.000000, 
106.288556, 0.000000, 
106.962187, 0.000000, 
108.175915, 0.000000, 
108.675546, 0.000000, 
109.924844, 0.000000, 
111.248417, 0.000000, 
111.733618, 0.000000, 
112.799610, 0.000000, 
114.021063, 0.000000, 
114.989825, 0.000000, 
116.257840, 0.000000, 
117.195661, 0.000000, 
117.727586, 0.000000, 
118.861659, 0.000000, 
120.042548, 0.000000, 
120.651091, 0.000000, 
122.322966, 0.000000, 
123.158020, 0.000000, 
124.153947, 0.000000, 
124.885521, 0.000000, 
125.763722, 0.000000, 
127.271746, 0.000000, 
128.236747, 0.000000, 
128.946744, 0.000000, 
130.058988, 0.000000, 
131.215361, 0.000000, 
131.869364, 0.000000, 
133.009024, 0.000000, 
134.259225, 0.000000, 
134.795760, 0.000000, 
136.358302, 0.000000, 
136.968856, 0.000000, 
137.752346, 0.000000, 
139.372945, 0.000000, 
140.041851, 0.000000, 
141.090861, 0.000000, 
142.149492, 0.000000, 
143.213487, 0.000000, 
143.896181, 0.000000, 
145.378038, 0.000000, 
146.175070, 0.000000, 
146.989846, 0.000000, 
147.857204, 0.000000, 
149.117397, 0.000000, 
149.677418, 0.000000, 
151.182767, 0.000000, 
151.787819, 0.000000, 
153.393826, 0.000000, 
153.772504, 0.000000, 
155.047863, 0.000000, 
155.607349, 0.000000, 
156.891032, 0.000000, 
158.294690, 0.000000, 
158.641290, 0.000000, 
159.951689, 0.000000, 
161.069361, 0.000000, 
161.946671, 0.000000, 
163.055078, 0.000000, 
163.824517, 0.000000, 
164.834041, 0.000000, 
166.162216, 0.000000, 
167.375143, 0.000000, 
168.143515, 0.000000, 
169.046835, 0.000000, 
169.859382, 0.000000, 
170.849806, 0.000000, 
171.992498, 0.000000, 
172.626832, 0.000000, 
174.091305, 0.000000, 
174.827709, 0.000000, 
175.659922, 0.000000, 
177.347416, 0.000000, 
177.925883, 0.000000, 
179.035234, 0.000000, 
179.906472, 0.000000, 
180.700139, 0.000000, 
181.650297, 0.000000, 
182.647947, 0.000000, 
183.624255, 0.000000, 
185.319326, 0.000000, 
186.077948, 0.000000, 
187.261321, 0.000000, 
188.000686, 0.000000, 
189.140759, 0.000000, 
189.776062, 0.000000, 
191.175964, 0.000000, 
191.631219, 0.000000, 
192.939417, 0.000000, 
193.897331, 0.000000, 
195.175750, 0.000000, 
195.979841, 0.000000, 
197.272598, 0.000000, 
197.787159, 0.000000, 
198.603391, 0.000000, 
