-0.360612, 0.000000, 
0.677026, 0.000000, 
1.868108, 0.000000, 
3.019629, 0.000000, 
3.895089, 0.000000, 
5.192953, 0.000000, 
6.398073, 0.000000, 
6.860316, 0.000000, 
8.367352, 0.000000, 
9.061987, 0.000000, 
10.334077, 0.000000, 
10.789982, 0.000000, 
11.906360, 0.000000, 
13.351047, 0.000000, 
13.908637, 0.000000, 
14.833453, 0.000000, 
16.117633, 0.000000, 
16.735009, 0.000000, 
17.837078, 0.000000, 
18.886634, 0.000000, 
19.920988, 0.000000, 
20.714790, 0.000000, 
22.360608, 0.000000, 
23.112449, 0.000000, 
24.043465, 0.000000, 
25.039443, 0.000000, 
26.320037, 0.000000, 
27.042053, 0.000000, 
27.924327, 0.000000, 
28.886009, 0.000000, 
30.232783, 0.000000, 
30.683915, 0.000000, 
31.621326, 0.000000, 
32.658063, 0.000000, 
33.868967, 0.000000, 
35.245277, 0.000000, 
36.243238, 0.000000, 
37.123445, 0.000000, 
37.758244, 0.000000, 
38.666944, 0.000000, 
39.654531, 0.000000, 
41.175691, 0.000000, 
42.066563, 0.000000, 
42.794802, 0.000000, 
43.742399, 0.000000, 
45.049249, 0.000000, 
46.294865, 0.000000, 
46.851453, 0.000000, 
48.160996, 0.000000, 
49.074173, 0.000000, 
50.397922, 0.000000, 
50.620301, 0.000000, 
51.996658, 0.000000, 
53.142193, 0.000000, 
54.365973, 0.000000, 
54.946363, 0.000000, 
56.281512, 0.000000, 
57.215059, 0.000000, 
58.322768, 0.000000, 
58.633857, 0.000000, 
59.840977, 0.000000, 
60.870554, 0.000000, 
61.925628, 0.000000, 
63.156840, 0.000000, 
63.721374, 0.000000, 
64.853130, 0.000000, 
66.198048, 0.000000, 
67.175385, 0.000000, 
67.772048, 0.000000, 
68.927852, 0.000000, 
70.105868, 0.000000, 
71.340100, 0.000000, 
72.040354, 0.000000, 
73.084843, 0.000000, 
73.637711, 0.000000, 
74.934740, 0.000000, 
76.370082, 0.000000, 
76.934322, 0.000000, 
77.718146, 0.000000, 
78.949115, 0.000000, 
79.791203, 0.000000, 
80.679443, 0.000000, 
82.282062, 0.000000, 
82.706827, 0.000000, 
83.938211, 0.000000, 
84.740251, 0.000000, 
85.849535, 0.000000, 
87.235940, 0.000000, 
87.953216, 0.000000, 
88.639696, 0.000000, 
89.716891, 0.000000, 
91.209216, 0.000000, 
91.791257, 0.000000, 
92.876837, 0.000000, 
94.172686, 0.000000, 
95.026753, 0.000000, 
95.844630, 0.000000, 
96.799699, 0.000000, 
97.739648, 0.000000, 
98.716924, 0.000000, 
100.310983, 0.000000, 
100.747851, 0.000000, 
101.948148, 0.000000, 
102.858486, 0.000000, 
103.978414, 0.000000, 
105.134842, 0.000000, 
105.689906, 0.000000, 
106.900762, 0.000000, 
107.617949, 0.000000, 
109.014025, 0.000000, 
109.835261, 0.000000, 
111.011746, 0.000000, 
111.634510, 0.000000, 
113.387551, 0.000000, 
114.362066, 0.000000, 
115.001216, 0.000000, 
116.071708, 0.000000, 
116.730872, 0.000000, 
117.792320, 0.000000, 
119.005604, 0.000000, 
120.014747, 0.000000, 
120.702143, 0.000000, 
121.815402, 0.000000, 
123.059486, 0.000000, 
123.824638, 0.000000, 
125.278240, 0.000000, 
126.174119, 0.000000, 
126.962708, 0.000000, 
127.805978, 0.000000, 
128.702874, 0.000000, 
130.202540, 0.000000, 
130.975709, 0.000000, 
131.931613, 0.000000, 
133.276300, 0.000000, 
133.881341, 0.000000, 
134.620565, 0.000000, 
136.000338, 0.000000, 
136.885508, 0.000000, 
138.224219, 0.000000, 
138.690095, 0.000000, 
139.946871, 0.000000, 
140.617930, 0.000000, 
141.798787, 0.000000, 
142.754383, 0.000000, 
143.629400, 0.000000, 
144.711153, 0.000000, 
145.858758, 0.000000, 
147.101511, 0.000000, 
148.287804, 0.000000, 
149.329524, 0.000000, 
149.901243, 0.000000, 
151.310927, 0.000000, 
151.775606, 0.000000, 
152.899848, 0.000000, 
154.247488, 0.000000, 
154.677127, 0.000000, 
155.994722, 0.000000, 
156.982459, 0.000000, 
158.171922, 0.000000, 
159.308293, 0.000000, 
159.793498, 0.000000, 
161.346871, 0.000000, 
161.887430, 0.000000, 
163.206852, 0.000000, 
163.947977, 0.000000, 
164.635766, 0.000000, 
165.639178, 0.000000, 
166.617053, 0.000000, 
167.908494, 0.000000, 
169.052496, 0.000000, 
169.980638, 0.000000, 
171.120256, 0.000000, 
171.854437, 0.000000, 
172.628482, 0.000000, 
174.158100, 0.000000, 
174.900711, 0.000000, 
176.311896, 0.000000, 
177.079642, 0.000000, 
177.722011, 0.000000, 
179.366505, 0.000000, 
180.127307, 0.000000, 
181.208238, 0.000000, 
181.922517, 0.000000, 
182.721833, 0.000000, 
183.873561, 0.000000, 
185.243954, 0.000000, 
185.645262, 0.000000, 
186.702205, 0.000000, 
187.910720, 0.000000, 
189.055908, 0.000000, 
190.209008, 0.000000, 
190.991340, 0.000000, 
192.380442, 0.000000, 
193.155132, 0.000000, 
194.198003, 0.000000, 
194.939806, 0.000000, 
195.985645, 0.000000, 
196.605239, 0.000000, 
198.086441, 0.000000, 
198.863699, 0.000000, 
