-0.402548, 0.000000, 
1.418169, 0.000000, 
1.749773, 0.000000, 
3.070884, 0.000000, 
4.157296, 0.000000, 
5.133192, 0.000000, 
5.516362, 0.000000, 
6.903821, 0.000000, 
7.812213, 0.000000, 
8.587105, 0.000000, 
10.099146, 0.000000, 
11.344249, 0.000000, 
11.524474, 0.000000, 
12.834609, 0.000000, 
14.059855, 0.000000, 
15.102634, 0.000000, 
16.288587, 0.000000, 
16.987503, 0.000000, 
18.223907, 0.000000, 
18.560773, 0.000000, 
20.307875, 0.000000, 
20.957166, 0.000000, 
22.424360, 0.000000, 
23.471718, 0.000000, 
23.558939, 0.000000, 
24.888208, 0.000000, 
26.028158, 0.000000, 
27.138508, 0.000000, 
27.716693, 0.000000, 
29.386366, 0.000000, 
30.028816, 0.000000, 
30.665722, 0.000000, 
31.758187, 0.000000, 
32.742306, 0.000000, 
33.551570, 0.000000, 
34.766876, 0.000000, 
35.963037, 0.000000, 
36.986442, 0.000000, 
38.273162, 0.000000, 
38.730838, 0.000000, 
39.654298, 0.000000, 
40.774020, 0.000000, 
42.021854, 0.000000, 
43.338496, 0.000000, 
44.365620, 0.000000, 
44.966538, 0.000000, 
46.378122, 0.000000, 
46.942880, 0.000000, 
48.012826, 0.000000, 
48.714742, 0.000000, 
50.245114, 0.000000, 
51.013469, 0.000000, 
51.626438, 0.000000, 
53.365833, 0.000000, 
54.176379, 0.000000, 
54.526120, 0.000000, 
56.053806, 0.000000, 
57.345036, 0.000000, 
58.104565, 0.000000, 
58.694861, 0.000000, 
59.712696, 0.000000, 
60.593914, 0.000000, 
62.348983, 0.000000, 
63.142634, 0.000000, 
63.750532, 0.000000, 
64.803045, 0.000000, 
65.928573, 0.000000, 
66.869591, 0.000000, 
68.325725, 0.000000, 
69.092624, 0.000000, 
70.172106, 0.000000, 
71.372221, 0.000000, 
71.868973, 0.000000, 
72.949419, 0.000000, 
74.350318, 0.000000, 
75.379622, 0.000000, 
76.001864, 0.000000, 
77.267341, 0.000000, 
78.445235, 0.000000, 
79.310654, 0.000000, 
79.667975, 0.000000, 
81.183950, 0.000000, 
81.816735, 0.000000, 
83.293426, 0.000000, 
83.943203, 0.000000, 
84.744281, 0.000000, 
86.199183, 0.000000, 
86.637444, 0.000000, 
88.248389, 0.000000, 
89.336635, 0.000000, 
90.158020, 0.000000, 
91.142409, 0.000000, 
91.663626, 0.000000, 
92.608376, 0.000000, 
93.882815, 0.000000, 
95.091717, 0.000000, 
95.794513, 0.000000, 
97.341037, 0.000000, 
98.172988, 0.000000, 
98.696967, 0.000000, 
99.729695, 0.000000, 
100.780070, 0.000000, 
101.819697, 0.000000, 
103.276361, 0.000000, 
104.298118, 0.000000, 
105.011587, 0.000000, 
105.827532, 0.000000, 
107.119870, 0.000000, 
107.526449, 0.000000, 
108.651623, 0.000000, 
109.790990, 0.000000, 
110.699508, 0.000000, 
111.951025, 0.000000, 
112.569571, 0.000000, 
114.423982, 0.000000, 
114.779376, 0.000000, 
116.257045, 0.000000, 
116.645959, 0.000000, 
117.796457, 0.000000, 
118.969222, 0.000000, 
119.836718, 0.000000, 
120.502789, 0.000000, 
122.325166, 0.000000, 
123.187552, 0.000000, 
123.831916, 0.000000, 
125.047925, 0.000000, 
125.564432, 0.000000, 
127.386861, 0.000000, 
128.498103, 0.000000, 
129.206218, 0.000000, 
130.103458, 0.000000, 
130.712331, 0.000000, 
131.860462, 0.000000, 
133.112090, 0.000000, 
133.706455, 0.000000, 
134.710223, 0.000000, 
136.239588, 0.000000, 
136.819631, 0.000000, 
138.163526, 0.000000, 
138.947317, 0.000000, 
140.001897, 0.000000, 
141.153710, 0.000000, 
142.377579, 0.000000, 
142.924284, 0.000000, 
144.039485, 0.000000, 
144.898108, 0.000000, 
145.504347, 0.000000, 
146.667454, 0.000000, 
147.690086, 0.000000, 
148.882316, 0.000000, 
149.547137, 0.000000, 
150.679081, 0.000000, 
152.069679, 0.000000, 
153.046405, 0.000000, 
153.891089, 0.000000, 
154.739554, 0.000000, 
156.437554, 0.000000, 
156.708695, 0.000000, 
158.215979, 0.000000, 
158.619381, 0.000000, 
160.087675, 0.000000, 
161.318377, 0.000000, 
162.316053, 0.000000, 
163.437179, 0.000000, 
163.543175, 0.000000, 
165.280646, 0.000000, 
166.012732, 0.000000, 
166.856091, 0.000000, 
168.282005, 0.000000, 
169.305867, 0.000000, 
169.808830, 0.000000, 
171.158315, 0.000000, 
171.928993, 0.000000, 
172.642343, 0.000000, 
173.503290, 0.000000, 
175.122935, 0.000000, 
176.202181, 0.000000, 
177.241187, 0.000000, 
177.877819, 0.000000, 
178.701186, 0.000000, 
180.301129, 0.000000, 
181.112769, 0.000000, 
182.264665, 0.000000, 
183.224869, 0.000000, 
184.361351, 0.000000, 
184.796298, 0.000000, 
185.648387, 0.000000, 
186.826347, 0.000000, 
188.442722, 0.000000, 
188.585921, 0.000000, 
190.377853, 0.000000, 
191.482109, 0.000000, 
192.416612, 0.000000, 
193.387085, 0.000000, 
193.745849, 0.000000, 
195.179260, 0.000000, 
196.412224, 0.000000, 
196.510331, 0.000000, 
197.582529, 0.000000, 
198.586892, 0.000000, 
