0.118489, 0.000000, 
1.229321, 0.000000, 
1.884690, 0.000000, 
2.913068, 0.000000, 
3.828179, 0.000000, 
5.120294, 0.000000, 
5.826050, 0.000000, 
7.243149, 0.000000, 
7.916184, 0.000000, 
8.952744, 0.000000, 
10.100776, 0.000000, 
11.078041, 0.000000, 
12.251322, 0.000000, 
13.002100, 0.000000, 
13.844797, 0.000000, 
14.810755, 0.000000, 
15.969126, 0.000000, 
17.269380, 0.000000, 
17.862589, 0.000000, 
18.827695, 0.000000, 
20.160660, 0.000000, 
20.739359, 0.000000, 
21.935624, 0.000000, 
23.147961, 0.000000, 
23.805125, 0.000000, 
25.165167, 0.000000, 
26.030836, 0.000000, 
26.888796, 0.000000, 
27.893940, 0.000000, 
29.132963, 0.000000, 
29.762469, 0.000000, 
30.837981, 0.000000, 
32.000217, 0.000000, 
33.220702, 0.000000, 
33.751370, 0.000000, 
34.721343, 0.000000, 
36.155183, 0.000000, 
37.258641, 0.000000, 
37.854748, 0.000000, 
39.024458, 0.000000, 
39.736274, 0.000000, 
41.067150, 0.000000, 
42.171386, 0.000000, 
43.177894, 0.000000, 
43.975031, 0.000000, 
45.262480, 0.000000, 
45.993248, 0.000000, 
46.950061, 0.000000, 
48.271614, 0.000000, 
49.169084, 0.000000, 
50.084012, 0.000000, 
51.241365, 0.000000, 
51.733186, 0.000000, 
53.102853, 0.000000, 
54.120877, 0.000000, 
54.881000, 0.000000, 
56.075949, 0.000000, 
57.013802, 0.000000, 
57.849307, 0.000000, 
58.785511, 0.000000, 
60.204069, 0.000000, 
61.064423, 0.000000, 
61.733316, 0.000000, 
62.806797, 0.000000, 
63.720067, 0.000000, 
65.142225, 0.000000, 
66.011597, 0.000000, 
66.936890, 0.000000, 
68.024147, 0.000000, 
68.986607, 0.000000, 
69.894770, 0.000000, 
70.704527, 0.000000, 
71.872679, 0.000000, 
72.731005, 0.000000, 
73.959430, 0.000000, 
75.258778, 0.000000, 
75.891535, 0.000000, 
77.288110, 0.000000, 
78.194972, 0.000000, 
78.854151, 0.000000, 
80.274414, 0.000000, 
80.770999, 0.000000, 
82.288840, 0.000000, 
83.283086, 0.000000, 
83.805958, 0.000000, 
85.115752, 0.000000, 
85.754554, 0.000000, 
86.722696, 0.000000, 
88.235854, 0.000000, 
88.989553, 0.000000, 
89.813783, 0.000000, 
91.255825, 0.000000, 
92.136044, 0.000000, 
93.113743, 0.000000, 
93.989572, 0.000000, 
95.027157, 0.000000, 
95.970934, 0.000000, 
97.176679, 0.000000, 
98.162174, 0.000000, 
99.135246, 0.000000, 
99.718131, 0.000000, 
100.819911, 0.000000, 
102.175335, 0.000000, 
103.166827, 0.000000, 
103.834538, 0.000000, 
105.078424, 0.000000, 
105.893322, 0.000000, 
107.259614, 0.000000, 
107.974316, 0.000000, 
108.907867, 0.000000, 
110.009389, 0.000000, 
110.946844, 0.000000, 
111.761753, 0.000000, 
112.869731, 0.000000, 
113.942848, 0.000000, 
115.207595, 0.000000, 
116.247139, 0.000000, 
116.934105, 0.000000, 
118.099963, 0.000000, 
118.895138, 0.000000, 
119.977692, 0.000000, 
120.726689, 0.000000, 
122.182273, 0.000000, 
123.123240, 0.000000, 
124.107736, 0.000000, 
125.116623, 0.000000, 
126.181771, 0.000000, 
126.870316, 0.000000, 
127.999042, 0.000000, 
129.271074, 0.000000, 
130.066056, 0.000000, 
130.875482, 0.000000, 
131.855907, 0.000000, 
132.795615, 0.000000, 
133.952808, 0.000000, 
134.769813, 0.000000, 
136.165625, 0.000000, 
137.185812, 0.000000, 
137.894605, 0.000000, 
138.810040, 0.000000, 
140.003712, 0.000000, 
140.931764, 0.000000, 
141.850973, 0.000000, 
143.170419, 0.000000, 
143.969903, 0.000000, 
144.983264, 0.000000, 
146.299292, 0.000000, 
146.815883, 0.000000, 
147.736953, 0.000000, 
149.203489, 0.000000, 
149.701823, 0.000000, 
150.821340, 0.000000, 
152.184084, 0.000000, 
152.706687, 0.000000, 
153.797510, 0.000000, 
155.286481, 0.000000, 
155.701304, 0.000000, 
156.753781, 0.000000, 
158.017268, 0.000000, 
158.863611, 0.000000, 
160.087271, 0.000000, 
160.932265, 0.000000, 
162.285401, 0.000000, 
163.207549, 0.000000, 
164.181188, 0.000000, 
165.139298, 0.000000, 
165.718251, 0.000000, 
166.888999, 0.000000, 
168.276565, 0.000000, 
169.231443, 0.000000, 
170.040871, 0.000000, 
170.869879, 0.000000, 
172.089159, 0.000000, 
173.048554, 0.000000, 
174.127645, 0.000000, 
175.192276, 0.000000, 
175.872310, 0.000000, 
176.932855, 0.000000, 
178.043161, 0.000000, 
179.191600, 0.000000, 
180.226908, 0.000000, 
181.030899, 0.000000, 
181.985719, 0.000000, 
182.703136, 0.000000, 
183.827166, 0.000000, 
185.089232, 0.000000, 
186.243510, 0.000000, 
187.232235, 0.000000, 
187.788056, 0.000000, 
188.897933, 0.000000, 
190.276738, 0.000000, 
190.896832, 0.000000, 
191.951376, 0.000000, 
193.065129, 0.000000, 
193.773599, 0.000000, 
194.910094, 0.000000, 
195.995668, 0.000000, 
197.261693, 0.000000, 
198.249382, 0.000000, 
198.937151, 0.000000, 
