-0.178813, 0.000000, 
1.052902, 0.000000, 
2.401916, 0.000000, 
3.319118, 0.000000, 
3.759571, 0.000000, 
4.777177, 0.000000, 
5.966185, 0.000000, 
7.418308, 0.000000, 
7.638180, 0.000000, 
9.417492, 0.000000, 
9.589784, 0.000000, 
10.707233, 0.000000, 
12.214885, 0.000000, 
13.287908, 0.000000, 
14.249970, 0.000000, 
15.383023, 0.000000, 
15.771379, 0.000000, 
17.362923, 0.000000, 
17.979511, 0.000000, 
19.467015, 0.000000, 
19.810582, 0.000000, 
20.631401, 0.000000, 
22.016990, 0.000000, 
23.009517, 0.000000, 
24.137352, 0.000000, 
24.664030, 0.000000, 
26.159795, 0.000000, 
26.885835, 0.000000, 
27.617699, 0.000000, 
28.612871, 0.000000, 
29.727383, 0.000000, 
31.213359, 0.000000, 
31.727757, 0.000000, 
33.072983, 0.000000, 
33.760086, 0.000000, 
34.659116, 0.000000, 
35.857601, 0.000000, 
36.827147, 0.000000, 
37.518938, 0.000000, 
38.616065, 0.000000, 
39.895684, 0.000000, 
40.672999, 0.000000, 
41.941876, 0.000000, 
42.957108, 0.000000, 
44.320335, 0.000000, 
44.804271, 0.000000, 
46.474524, 0.000000, 
47.051081, 0.000000, 
48.481027, 0.000000, 
48.708459, 0.000000, 
49.805695, 0.000000, 
51.391998, 0.000000, 
52.467267, 0.000000, 
52.848268, 0.000000, 
54.265531, 0.000000, 
55.141690, 0.000000, 
56.404075, 0.000000, 
56.565865, 0.000000, 
57.951957, 0.000000, 
59.160875, 0.000000, 
60.276833, 0.000000, 
61.319771, 0.000000, 
61.998569, 0.000000, 
62.971213, 0.000000, 
63.614051, 0.000000, 
65.300900, 0.000000, 
66.183914, 0.000000, 
67.462916, 0.000000, 
67.678717, 0.000000, 
68.818147, 0.000000, 
69.507806, 0.000000, 
70.596377, 0.000000, 
72.478211, 0.000000, 
72.566666, 0.000000, 
74.327490, 0.000000, 
74.904962, 0.000000, 
76.437890, 0.000000, 
76.683822, 0.000000, 
77.844935, 0.000000, 
78.682760, 0.000000, 
79.715535, 0.000000, 
80.781910, 0.000000, 
82.190092, 0.000000, 
82.969504, 0.000000, 
83.544461, 0.000000, 
84.774465, 0.000000, 
85.870552, 0.000000, 
87.403146, 0.000000, 
88.088025, 0.000000, 
89.043418, 0.000000, 
89.650923, 0.000000, 
91.151016, 0.000000, 
91.855371, 0.000000, 
93.419917, 0.000000, 
93.667698, 0.000000, 
95.397283, 0.000000, 
96.276347, 0.000000, 
97.220548, 0.000000, 
98.196692, 0.000000, 
98.921323, 0.000000, 
99.715786, 0.000000, 
100.801759, 0.000000, 
101.658847, 0.000000, 
102.769277, 0.000000, 
103.644016, 0.000000, 
105.360817, 0.000000, 
105.628346, 0.000000, 
106.601316, 0.000000, 
107.855035, 0.000000, 
108.874627, 0.000000, 
110.242888, 0.000000, 
110.956392, 0.000000, 
111.963978, 0.000000, 
112.582007, 0.000000, 
114.259107, 0.000000, 
114.922577, 0.000000, 
115.974555, 0.000000, 
117.286096, 0.000000, 
118.045261, 0.000000, 
119.294997, 0.000000, 
120.057188, 0.000000, 
121.031539, 0.000000, 
121.851343, 0.000000, 
123.092541, 0.000000, 
124.009280, 0.000000, 
124.854910, 0.000000, 
125.905559, 0.000000, 
127.335593, 0.000000, 
128.201952, 0.000000, 
129.072388, 0.000000, 
130.046322, 0.000000, 
130.635981, 0.000000, 
131.719917, 0.000000, 
132.747443, 0.000000, 
134.469297, 0.000000, 
135.297266, 0.000000, 
135.685824, 0.000000, 
136.605482, 0.000000, 
138.408975, 0.000000, 
139.218296, 0.000000, 
139.761096, 0.000000, 
140.872555, 0.000000, 
142.482097, 0.000000, 
142.712872, 0.000000, 
144.241584, 0.000000, 
145.032843, 0.000000, 
146.336516, 0.000000, 
147.306496, 0.000000, 
148.329859, 0.000000, 
148.862419, 0.000000, 
150.424261, 0.000000, 
151.075676, 0.000000, 
152.381108, 0.000000, 
153.109203, 0.000000, 
153.901237, 0.000000, 
154.542712, 0.000000, 
156.484739, 0.000000, 
156.513559, 0.000000, 
158.194254, 0.000000, 
159.142277, 0.000000, 
160.283025, 0.000000, 
161.062138, 0.000000, 
162.181956, 0.000000, 
163.345831, 0.000000, 
164.416644, 0.000000, 
164.604320, 0.000000, 
165.826790, 0.000000, 
166.731043, 0.000000, 
168.083391, 0.000000, 
168.782440, 0.000000, 
170.415297, 0.000000, 
170.570641, 0.000000, 
171.672309, 0.000000, 
173.031281, 0.000000, 
173.759388, 0.000000, 
175.215633, 0.000000, 
176.249754, 0.000000, 
177.492833, 0.000000, 
177.541328, 0.000000, 
178.674651, 0.000000, 
179.984606, 0.000000, 
180.920002, 0.000000, 
181.566245, 0.000000, 
183.085327, 0.000000, 
184.024731, 0.000000, 
184.941000, 0.000000, 
186.143445, 0.000000, 
186.918096, 0.000000, 
187.535860, 0.000000, 
189.470820, 0.000000, 
190.353670, 0.000000, 
191.340040, 0.000000, 
191.703511, 0.000000, 
193.098982, 0.000000, 
194.480762, 0.000000, 
194.748135, 0.000000, 
196.201305, 0.000000, 
197.042569, 0.000000, 
198.066867, 0.000000, 
198.588351, 0.000000, 
