0.008602, 0.000000, 
1.003379, 0.000000, 
2.102036, 0.000000, 
3.016408, 0.000000, 
4.417490, 0.000000, 
4.723557, 0.000000, 
5.982715, 0.000000, 
7.308688, 0.000000, 
8.381887, 0.000000, 
8.842640, 0.000000, 
10.494320, 0.000000, 
11.408744, 0.000000, 
12.151633, 0.000000, 
13.279098, 0.000000, 
13.741948, 0.000000, 
15.124885, 0.000000, 
15.543802, 0.000000, 
16.787762, 0.000000, 
17.592064, 0.000000, 
18.936736, 0.000000, 
19.711010, 0.000000, 
20.679975, 0.000000, 
21.597831, 0.000000, 
23.424967, 0.000000, 
24.036863, 0.000000, 
25.382163, 0.000000, 
25.815186, 0.000000, 
26.677173, 0.000000, 
27.810474, 0.000000, 
29.141469, 0.000000, 
30.352196, 0.000000, 
31.319456, 0.000000, 
32.476360, 0.000000, 
33.319852, 0.000000, 
33.970165, 0.000000, 
34.803482, 0.000000, 
35.882504, 0.000000, 
36.959191, 0.000000, 
38.084786, 0.000000, 
38.544060, 0.000000, 
40.200706, 0.000000, 
40.897563, 0.000000, 
41.710444, 0.000000, 
43.088444, 0.000000, 
44.386356, 0.000000, 
45.497176, 0.000000, 
46.274909, 0.000000, 
47.255825, 0.000000, 
48.253782, 0.000000, 
48.931620, 0.000000, 
49.632426, 0.000000, 
51.428038, 0.000000, 
51.582280, 0.000000, 
53.337020, 0.000000, 
54.367376, 0.000000, 
54.709356, 0.000000, 
55.765712, 0.000000, 
56.613506, 0.000000, 
58.338889, 0.000000, 
58.509317, 0.000000, 
60.007054, 0.000000, 
61.287644, 0.000000, 
61.768265, 0.000000, 
62.945983, 0.000000, 
64.016738, 0.000000, 
65.418099, 0.000000, 
65.743599, 0.000000, 
66.747009, 0.000000, 
67.640067, 0.000000, 
69.255461, 0.000000, 
70.188774, 0.000000, 
71.417976, 0.000000, 
71.746261, 0.000000, 
73.063175, 0.000000, 
74.421310, 0.000000, 
74.874894, 0.000000, 
76.294914, 0.000000, 
77.299116, 0.000000, 
78.108617, 0.000000, 
79.012434, 0.000000, 
80.199266, 0.000000, 
81.046837, 0.000000, 
81.730173, 0.000000, 
82.628532, 0.000000, 
84.142505, 0.000000, 
85.494631, 0.000000, 
86.304603, 0.000000, 
87.489726, 0.000000, 
88.387633, 0.000000, 
89.313742, 0.000000, 
89.726127, 0.000000, 
91.327593, 0.000000, 
91.547661, 0.000000, 
93.071524, 0.000000, 
93.655587, 0.000000, 
95.085997, 0.000000, 
95.641977, 0.000000, 
97.047352, 0.000000, 
97.648342, 0.000000, 
98.741857, 0.000000, 
100.416618, 0.000000, 
100.875069, 0.000000, 
102.487710, 0.000000, 
102.914739, 0.000000, 
103.614167, 0.000000, 
105.029709, 0.000000, 
105.841804, 0.000000, 
106.673334, 0.000000, 
107.930112, 0.000000, 
109.218517, 0.000000, 
109.706157, 0.000000, 
110.982209, 0.000000, 
112.452749, 0.000000, 
112.956710, 0.000000, 
113.604309, 0.000000, 
115.092104, 0.000000, 
115.787713, 0.000000, 
116.723014, 0.000000, 
118.094614, 0.000000, 
118.952716, 0.000000, 
119.828446, 0.000000, 
120.558332, 0.000000, 
121.862303, 0.000000, 
123.075792, 0.000000, 
123.657741, 0.000000, 
124.592977, 0.000000, 
126.322447, 0.000000, 
127.297393, 0.000000, 
127.789401, 0.000000, 
128.662080, 0.000000, 
130.201189, 0.000000, 
130.600504, 0.000000, 
131.508795, 0.000000, 
133.198064, 0.000000, 
134.112706, 0.000000, 
135.157182, 0.000000, 
135.916647, 0.000000, 
136.717772, 0.000000, 
137.834686, 0.000000, 
138.903452, 0.000000, 
140.356162, 0.000000, 
140.748349, 0.000000, 
142.058475, 0.000000, 
143.090328, 0.000000, 
143.572268, 0.000000, 
144.663484, 0.000000, 
145.588692, 0.000000, 
147.299353, 0.000000, 
148.019927, 0.000000, 
148.995633, 0.000000, 
149.729390, 0.000000, 
151.211356, 0.000000, 
152.445092, 0.000000, 
152.640297, 0.000000, 
153.908141, 0.000000, 
154.738867, 0.000000, 
155.579800, 0.000000, 
156.751777, 0.000000, 
158.290297, 0.000000, 
158.610849, 0.000000, 
160.382798, 0.000000, 
161.382524, 0.000000, 
162.178686, 0.000000, 
162.539610, 0.000000, 
163.531617, 0.000000, 
164.539373, 0.000000, 
166.055360, 0.000000, 
166.565901, 0.000000, 
168.217418, 0.000000, 
169.313860, 0.000000, 
169.585498, 0.000000, 
171.221349, 0.000000, 
172.169479, 0.000000, 
172.836989, 0.000000, 
174.139629, 0.000000, 
175.462337, 0.000000, 
176.068298, 0.000000, 
177.347818, 0.000000, 
178.286146, 0.000000, 
178.540593, 0.000000, 
179.831889, 0.000000, 
181.202626, 0.000000, 
181.751082, 0.000000, 
183.221336, 0.000000, 
183.800550, 0.000000, 
184.753520, 0.000000, 
185.991151, 0.000000, 
186.895795, 0.000000, 
187.648863, 0.000000, 
188.836898, 0.000000, 
189.563218, 0.000000, 
190.794450, 0.000000, 
192.339035, 0.000000, 
193.490876, 0.000000, 
193.966805, 0.000000, 
194.687216, 0.000000, 
196.479739, 0.000000, 
196.773544, 0.000000, 
197.767413, 0.000000, 
199.274818, 0.000000, 
