0.070253, 0.000000, 
0.664560, 0.000000, 
2.078459, 0.000000, 
3.201479, 0.000000, 
3.645335, 0.000000, 
5.082462, 0.000000, 
6.288101, 0.000000, 
6.852028, 0.000000, 
8.327289, 0.000000, 
8.929541, 0.000000, 
10.224059, 0.000000, 
10.683599, 0.000000, 
11.588649, 0.000000, 
12.500357, 0.000000, 
14.074326, 0.000000, 
15.377662, 0.000000, 
15.751562, 0.000000, 
16.620944, 0.000000, 
18.353023, 0.000000, 
19.445332, 0.000000, 
19.510183, 0.000000, 
20.736682, 0.000000, 
22.050092, 0.000000, 
23.333522, 0.000000, 
24.014045, 0.000000, 
25.391677, 0.000000, 
26.316634, 0.000000, 
27.499173, 0.000000, 
27.550794, 0.000000, 
28.643958, 0.000000, 
30.283814, 0.000000, 
30.718124, 0.000000, 
32.253967, 0.000000, 
32.572314, 0.000000, 
34.345897, 0.000000, 
35.041697, 0.000000, 
36.068754, 0.000000, 
36.545623, 0.000000, 
38.375756, 0.000000, 
39.415327, 0.000000, 
39.849099, 0.000000, 
41.093584, 0.000000, 
42.082043, 0.000000, 
42.781692, 0.000000, 
43.951778, 0.000000, 
45.189472, 0.000000, 
45.524595, 0.000000, 
46.780443, 0.000000, 
48.013531, 0.000000, 
48.733898, 0.000000, 
49.801223, 0.000000, 
51.103889, 0.000000, 
51.801861, 0.000000, 
53.008850, 0.000000, 
53.623691, 0.000000, 
54.781985, 0.000000, 
55.761370, 0.000000, 
57.393481, 0.000000, 
58.381993, 0.000000, 
58.540812, 0.000000, 
59.644380, 0.000000, 
61.310446, 0.000000, 
61.923042, 0.000000, 
62.934023, 0.000000, 
64.330596, 0.000000, 
64.585299, 0.000000, 
66.182698, 0.000000, 
66.849346, 0.000000, 
67.950496, 0.000000, 
68.515128, 0.000000, 
70.066889, 0.000000, 
71.270646, 0.000000, 
71.676397, 0.000000, 
72.743563, 0.000000, 
73.996999, 0.000000, 
74.513163, 0.000000, 
76.054412, 0.000000, 
76.523866, 0.000000, 
78.135600, 0.000000, 
79.469817, 0.000000, 
80.217577, 0.000000, 
80.802112, 0.000000, 
81.563302, 0.000000, 
82.921715, 0.000000, 
83.889760, 0.000000, 
85.384781, 0.000000, 
86.419977, 0.000000, 
87.100717, 0.000000, 
87.684356, 0.000000, 
89.208039, 0.000000, 
90.455477, 0.000000, 
91.292114, 0.000000, 
91.596215, 0.000000, 
93.119071, 0.000000, 
93.949922, 0.000000, 
94.866651, 0.000000, 
95.591347, 0.000000, 
96.524975, 0.000000, 
97.590819, 0.000000, 
98.682830, 0.000000, 
99.996591, 0.000000, 
100.592461, 0.000000, 
101.932259, 0.000000, 
103.078612, 0.000000, 
104.013862, 0.000000, 
105.472846, 0.000000, 
106.331205, 0.000000, 
106.546035, 0.000000, 
107.881294, 0.000000, 
109.204760, 0.000000, 
109.746529, 0.000000, 
110.986668, 0.000000, 
112.166967, 0.000000, 
112.711494, 0.000000, 
113.914219, 0.000000, 
114.694503, 0.000000, 
116.295911, 0.000000, 
116.963679, 0.000000, 
117.813749, 0.000000, 
118.718426, 0.000000, 
120.419800, 0.000000, 
120.881501, 0.000000, 
121.948332, 0.000000, 
122.612979, 0.000000, 
124.165210, 0.000000, 
124.511171, 0.000000, 
126.182769, 0.000000, 
126.584629, 0.000000, 
128.446795, 0.000000, 
128.865932, 0.000000, 
130.061530, 0.000000, 
131.164545, 0.000000, 
131.857160, 0.000000, 
132.836182, 0.000000, 
133.715110, 0.000000, 
134.899551, 0.000000, 
136.490318, 0.000000, 
136.670848, 0.000000, 
138.131744, 0.000000, 
139.013422, 0.000000, 
140.381039, 0.000000, 
140.942858, 0.000000, 
142.054312, 0.000000, 
142.558239, 0.000000, 
143.925907, 0.000000, 
145.244786, 0.000000, 
146.001690, 0.000000, 
147.121411, 0.000000, 
147.518179, 0.000000, 
149.254389, 0.000000, 
149.517188, 0.000000, 
151.150984, 0.000000, 
151.998722, 0.000000, 
153.138920, 0.000000, 
153.690259, 0.000000, 
154.622155, 0.000000, 
156.369160, 0.000000, 
157.019314, 0.000000, 
157.821862, 0.000000, 
159.394108, 0.000000, 
160.493609, 0.000000, 
160.736104, 0.000000, 
162.160867, 0.000000, 
163.335914, 0.000000, 
163.657142, 0.000000, 
164.813841, 0.000000, 
166.190048, 0.000000, 
166.589731, 0.000000, 
168.209179, 0.000000, 
168.911038, 0.000000, 
169.527277, 0.000000, 
170.802582, 0.000000, 
172.434570, 0.000000, 
172.614321, 0.000000, 
173.625891, 0.000000, 
174.738679, 0.000000, 
176.309479, 0.000000, 
177.066925, 0.000000, 
178.310676, 0.000000, 
178.561230, 0.000000, 
179.595353, 0.000000, 
181.146311, 0.000000, 
181.990943, 0.000000, 
182.816006, 0.000000, 
183.591239, 0.000000, 
185.354092, 0.000000, 
186.207147, 0.000000, 
186.767868, 0.000000, 
188.391489, 0.000000, 
189.211099, 0.000000, 
189.506129, 0.000000, 
191.460556, 0.000000, 
191.591012, 0.000000, 
192.815567, 0.000000, 
193.729522, 0.000000, 
195.148320, 0.000000, 
196.026575, 0.000000, 
196.884392, 0.000000, 
197.763561, 0.000000, 
198.737491, 0.000000, 
