-0.212698, 0.000000, 
0.694434, 0.000000, 
1.970641, 0.000000, 
2.818699, 0.000000, 
4.286307, 0.000000, 
4.768186, 0.000000, 
6.315333, 0.000000, 
6.702882, 0.000000, 
8.059370, 0.000000, 
8.686978, 0.000000, 
9.763195, 0.000000, 
11.280814, 0.000000, 
11.997715, 0.000000, 
12.609494, 0.000000, 
14.041106, 0.000000, 
14.789226, 0.000000, 
16.093745, 0.000000, 
17.079983, 0.000000, 
18.232286, 0.000000, 
18.764052, 0.000000, 
19.958990, 0.000000, 
20.752940, 0.000000, 
21.831300, 0.000000, 
23.192491, 0.000000, 
23.703602, 0.000000, 
24.619286, 0.000000, 
25.979115, 0.000000, 
27.094433, 0.000000, 
27.841389, 0.000000, 
29.046077, 0.000000, 
30.007151, 0.000000, 
30.709123, 0.000000, 
32.383130, 0.000000, 
32.928052, 0.000000, 
34.077976, 0.000000, 
35.099286, 0.000000, 
35.664256, 0.000000, 
36.806216, 0.000000, 
37.877615, 0.000000, 
39.161604, 0.000000, 
39.899463, 0.000000, 
41.389764, 0.000000, 
42.023870, 0.000000, 
43.227437, 0.000000, 
43.852182, 0.000000, 
44.940571, 0.000000, 
45.723653, 0.000000, 
46.838185, 0.000000, 
47.873899, 0.000000, 
48.669344, 0.000000, 
49.948263, 0.000000, 
50.974991, 0.000000, 
51.698871, 0.000000, 
53.183684, 0.000000, 
53.687809, 0.000000, 
55.154608, 0.000000, 
56.096932, 0.000000, 
57.146172, 0.000000, 
58.217963, 0.000000, 
58.828330, 0.000000, 
60.347322, 0.000000, 
60.885973, 0.000000, 
62.372985, 0.000000, 
62.835370, 0.000000, 
63.691952, 0.000000, 
64.728628, 0.000000, 
66.285648, 0.000000, 
67.355260, 0.000000, 
67.611439, 0.000000, 
68.911109, 0.000000, 
69.997606, 0.000000, 
71.246758, 0.000000, 
71.862736, 0.000000, 
73.015678, 0.000000, 
74.165822, 0.000000, 
74.781238, 0.000000, 
76.346628, 0.000000, 
77.206631, 0.000000, 
77.660390, 0.000000, 
79.048007, 0.000000, 
79.705277, 0.000000, 
81.336049, 0.000000, 
81.743092, 0.000000, 
82.715374, 0.000000, 
83.785410, 0.000000, 
85.079241, 0.000000, 
85.905414, 0.000000, 
87.160582, 0.000000, 
88.389544, 0.000000, 
88.987848, 0.000000, 
89.827835, 0.000000, 
90.973505, 0.000000, 
92.200517, 0.000000, 
92.858007, 0.000000, 
93.832373, 0.000000, 
94.961928, 0.000000, 
96.297395, 0.000000, 
97.202585, 0.000000, 
98.067847, 0.000000, 
99.155293, 0.000000, 
99.837664, 0.000000, 
100.674836, 0.000000, 
102.334644, 0.000000, 
102.836504, 0.000000, 
104.138870, 0.000000, 
105.353468, 0.000000, 
105.728390, 0.000000, 
106.662088, 0.000000, 
107.636461, 0.000000, 
109.169675, 0.000000, 
109.615480, 0.000000, 
110.787195, 0.000000, 
112.102358, 0.000000, 
113.207215, 0.000000, 
114.307612, 0.000000, 
114.726966, 0.000000, 
116.311795, 0.000000, 
117.107544, 0.000000, 
117.726924, 0.000000, 
119.264053, 0.000000, 
120.195272, 0.000000, 
120.882364, 0.000000, 
121.843533, 0.000000, 
122.869673, 0.000000, 
123.604887, 0.000000, 
125.078919, 0.000000, 
126.178878, 0.000000, 
126.743561, 0.000000, 
127.683369, 0.000000, 
128.701503, 0.000000, 
129.859344, 0.000000, 
131.035258, 0.000000, 
131.684682, 0.000000, 
133.213220, 0.000000, 
133.892929, 0.000000, 
134.849384, 0.000000, 
135.916303, 0.000000, 
136.625156, 0.000000, 
137.800102, 0.000000, 
138.808381, 0.000000, 
139.911794, 0.000000, 
141.286292, 0.000000, 
142.077805, 0.000000, 
143.206147, 0.000000, 
144.257770, 0.000000, 
144.753618, 0.000000, 
146.363897, 0.000000, 
146.667690, 0.000000, 
147.633986, 0.000000, 
149.266967, 0.000000, 
150.183152, 0.000000, 
151.244615, 0.000000, 
151.838765, 0.000000, 
153.312148, 0.000000, 
154.177851, 0.000000, 
155.005120, 0.000000, 
155.929187, 0.000000, 
157.221176, 0.000000, 
157.834685, 0.000000, 
158.978634, 0.000000, 
160.361251, 0.000000, 
161.097065, 0.000000, 
162.230559, 0.000000, 
162.672139, 0.000000, 
163.805759, 0.000000, 
164.902614, 0.000000, 
166.239088, 0.000000, 
167.273902, 0.000000, 
168.077630, 0.000000, 
169.365126, 0.000000, 
170.356034, 0.000000, 
171.028448, 0.000000, 
171.763628, 0.000000, 
172.815765, 0.000000, 
173.720360, 0.000000, 
174.678984, 0.000000, 
175.860311, 0.000000, 
177.248542, 0.000000, 
178.249662, 0.000000, 
179.080738, 0.000000, 
180.399240, 0.000000, 
181.006129, 0.000000, 
181.818431, 0.000000, 
182.966100, 0.000000, 
183.629776, 0.000000, 
184.995772, 0.000000, 
185.795445, 0.000000, 
187.258612, 0.000000, 
188.084194, 0.000000, 
188.866471, 0.000000, 
189.896296, 0.000000, 
191.240873, 0.000000, 
191.686871, 0.000000, 
193.182731, 0.000000, 
194.326665, 0.000000, 
194.736371, 0.000000, 
196.078747, 0.000000, 
197.091679, 0.000000, 
198.092778, 0.000000, 
199.214796, 0.000000, 
