0.031633, 0.000000, 
1.039941, 0.000000, 
1.945061, 0.000000, 
2.913821, 0.000000, 
4.046234, 0.000000, 
4.953404, 0.000000, 
6.058263, 0.000000, 
7.073406, 0.000000, 
8.052919, 0.000000, 
8.941153, 0.000000, 
9.984571, 0.000000, 
11.068404, 0.000000, 
12.017799, 0.000000, 
13.015933, 0.000000, 
14.018565, 0.000000, 
14.936038, 0.000000, 
16.053570, 0.000000, 
16.987623, 0.000000, 
17.954019, 0.000000, 
18.918706, 0.000000, 
19.901372, 0.000000, 
21.036638, 0.000000, 
21.949658, 0.000000, 
22.942495, 0.000000, 
23.950867, 0.000000, 
24.973088, 0.000000, 
26.017080, 0.000000, 
27.085165, 0.000000, 
27.976985, 0.000000, 
29.058669, 0.000000, 
29.920764, 0.000000, 
31.082670, 0.000000, 
31.923094, 0.000000, 
33.030984, 0.000000, 
33.953094, 0.000000, 
34.956639, 0.000000, 
36.001774, 0.000000, 
37.008437, 0.000000, 
38.089629, 0.000000, 
39.051651, 0.000000, 
39.973697, 0.000000, 
41.039914, 0.000000, 
42.023547, 0.000000, 
43.077715, 0.000000, 
44.007457, 0.000000, 
45.083596, 0.000000, 
45.922391, 0.000000, 
46.953873, 0.000000, 
47.965632, 0.000000, 
48.911422, 0.000000, 
50.038385, 0.000000, 
51.064100, 0.000000, 
51.966652, 0.000000, 
52.988732, 0.000000, 
53.960334, 0.000000, 
55.041151, 0.000000, 
55.978575, 0.000000, 
57.030620, 0.000000, 
57.943602, 0.000000, 
58.919154, 0.000000, 
59.940421, 0.000000, 
61.098244, 0.000000, 
61.914736, 0.000000, 
63.083537, 0.000000, 
63.975343, 0.000000, 
65.082196, 0.000000, 
65.901651, 0.000000, 
67.076766, 0.000000, 
68.065939, 0.000000, 
69.014805, 0.000000, 
70.073473, 0.000000, 
70.984767, 0.000000, 
72.069509, 0.000000, 
73.092280, 0.000000, 
74.024432, 0.000000, 
74.903786, 0.000000, 
75.948090, 0.000000, 
76.944764, 0.000000, 
77.982008, 0.000000, 
78.920723, 0.000000, 
80.052903, 0.000000, 
81.001828, 0.000000, 
82.013719, 0.000000, 
83.032557, 0.000000, 
84.081113, 0.000000, 
85.096034, 0.000000, 
85.998068, 0.000000, 
86.924144, 0.000000, 
87.930228, 0.000000, 
89.055575, 0.000000, 
90.091411, 0.000000, 
90.959326, 0.000000, 
92.012618, 0.000000, 
93.028492, 0.000000, 
93.951229, 0.000000, 
94.939670, 0.000000, 
96.028566, 0.000000, 
97.010035, 0.000000, 
98.071583, 0.000000, 
99.068290, 0.000000, 
100.081402, 0.000000, 
101.029833, 0.000000, 
102.019415, 0.000000, 
102.964556, 0.000000, 
103.960209, 0.000000, 
105.053529, 0.000000, 
105.916283, 0.000000, 
106.917398, 0.000000, 
107.956485, 0.000000, 
109.043292, 0.000000, 
110.095179, 0.000000, 
111.069437, 0.000000, 
111.960376, 0.000000, 
113.015345, 0.000000, 
113.940249, 0.000000, 
115.098555, 0.000000, 
116.073624, 0.000000, 
117.044300, 0.000000, 
118.000051, 0.000000, 
118.944207, 0.000000, 
119.985744, 0.000000, 
120.984990, 0.000000, 
122.047987, 0.000000, 
122.962854, 0.000000, 
123.912198, 0.000000, 
124.933638, 0.000000, 
125.978174, 0.000000, 
126.961423, 0.000000, 
127.937538, 0.000000, 
128.998655, 0.000000, 
129.934031, 0.000000, 
130.968162, 0.000000, 
131.915149, 0.000000, 
132.970810, 0.000000, 
133.984741, 0.000000, 
135.055219, 0.000000, 
135.920689, 0.000000, 
136.911272, 0.000000, 
137.971753, 0.000000, 
139.063941, 0.000000, 
139.930464, 0.000000, 
141.006812, 0.000000, 
142.006092, 0.000000, 
143.035648, 0.000000, 
144.066449, 0.000000, 
144.988332, 0.000000, 
145.953128, 0.000000, 
147.071207, 0.000000, 
147.903524, 0.000000, 
148.932224, 0.000000, 
150.002748, 0.000000, 
151.085747, 0.000000, 
152.090027, 0.000000, 
152.948454, 0.000000, 
154.075544, 0.000000, 
154.972179, 0.000000, 
155.917061, 0.000000, 
157.074282, 0.000000, 
157.924586, 0.000000, 
159.094977, 0.000000, 
159.983130, 0.000000, 
160.968989, 0.000000, 
161.954291, 0.000000, 
163.053950, 0.000000, 
164.067868, 0.000000, 
164.962609, 0.000000, 
166.049954, 0.000000, 
166.942173, 0.000000, 
168.036986, 0.000000, 
168.926460, 0.000000, 
169.974586, 0.000000, 
170.946811, 0.000000, 
171.967058, 0.000000, 
173.028322, 0.000000, 
174.065146, 0.000000, 
175.043068, 0.000000, 
176.065353, 0.000000, 
176.992602, 0.000000, 
177.960339, 0.000000, 
179.071238, 0.000000, 
179.972515, 0.000000, 
180.935820, 0.000000, 
182.093425, 0.000000, 
182.901515, 0.000000, 
184.076129, 0.000000, 
185.067930, 0.000000, 
185.980794, 0.000000, 
186.964435, 0.000000, 
187.912078, 0.000000, 
189.051890, 0.000000, 
189.931985, 0.000000, 
191.089912, 0.000000, 
192.046039, 0.000000, 
193.090657, 0.000000, 
193.991989, 0.000000, 
194.915614, 0.000000, 
196.064448, 0.000000, 
197.083350, 0.000000, 
198.023305, 0.000000, 
198.968611, 0.000000, 
