-0.181912, 0.000000, 
1.139358, 0.000000, 
2.106499, 0.000000, 
2.964554, 0.000000, 
4.070302, 0.000000, 
4.868148, 0.000000, 
5.911600, 0.000000, 
7.059806, 0.000000, 
8.055405, 0.000000, 
9.116126, 0.000000, 
9.929198, 0.000000, 
10.986197, 0.000000, 
12.189886, 0.000000, 
13.052400, 0.000000, 
13.938395, 0.000000, 
14.920547, 0.000000, 
16.015959, 0.000000, 
16.884343, 0.000000, 
17.933838, 0.000000, 
19.184344, 0.000000, 
19.883769, 0.000000, 
20.818011, 0.000000, 
21.866901, 0.000000, 
22.977376, 0.000000, 
24.085299, 0.000000, 
24.993043, 0.000000, 
25.948077, 0.000000, 
26.931501, 0.000000, 
27.836746, 0.000000, 
28.857459, 0.000000, 
30.188947, 0.000000, 
30.971328, 0.000000, 
32.134180, 0.000000, 
33.143548, 0.000000, 
34.019283, 0.000000, 
35.010787, 0.000000, 
36.031016, 0.000000, 
37.009041, 0.000000, 
38.166030, 0.000000, 
39.177977, 0.000000, 
39.839442, 0.000000, 
40.807016, 0.000000, 
41.822033, 0.000000, 
42.860266, 0.000000, 
44.108285, 0.000000, 
45.143535, 0.000000, 
45.999624, 0.000000, 
47.067513, 0.000000, 
47.984728, 0.000000, 
48.868599, 0.000000, 
50.052292, 0.000000, 
50.823685, 0.000000, 
52.144658, 0.000000, 
52.891932, 0.000000, 
54.061415, 0.000000, 
55.114286, 0.000000, 
56.153804, 0.000000, 
57.069369, 0.000000, 
57.816802, 0.000000, 
59.119230, 0.000000, 
60.199475, 0.000000, 
60.839703, 0.000000, 
62.096934, 0.000000, 
62.896940, 0.000000, 
63.967266, 0.000000, 
64.940482, 0.000000, 
66.142325, 0.000000, 
66.888811, 0.000000, 
67.995744, 0.000000, 
68.911245, 0.000000, 
70.176630, 0.000000, 
71.013554, 0.000000, 
72.050307, 0.000000, 
73.018364, 0.000000, 
73.981768, 0.000000, 
75.054077, 0.000000, 
75.891625, 0.000000, 
76.972527, 0.000000, 
78.155245, 0.000000, 
79.150854, 0.000000, 
80.034970, 0.000000, 
80.886057, 0.000000, 
82.021931, 0.000000, 
83.142842, 0.000000, 
83.911872, 0.000000, 
85.022054, 0.000000, 
86.080860, 0.000000, 
86.806308, 0.000000, 
88.035204, 0.000000, 
88.972364, 0.000000, 
90.151639, 0.000000, 
90.815569, 0.000000, 
92.103167, 0.000000, 
92.852099, 0.000000, 
94.082297, 0.000000, 
94.824134, 0.000000, 
96.160547, 0.000000, 
97.178916, 0.000000, 
98.132001, 0.000000, 
98.918578, 0.000000, 
100.176049, 0.000000, 
101.092079, 0.000000, 
101.954827, 0.000000, 
103.031010, 0.000000, 
103.930773, 0.000000, 
104.845711, 0.000000, 
106.148033, 0.000000, 
106.830949, 0.000000, 
107.905637, 0.000000, 
108.836376, 0.000000, 
110.182662, 0.000000, 
110.874764, 0.000000, 
111.950943, 0.000000, 
112.933663, 0.000000, 
113.947514, 0.000000, 
115.124765, 0.000000, 
115.921452, 0.000000, 
116.892919, 0.000000, 
118.163771, 0.000000, 
118.911138, 0.000000, 
120.071453, 0.000000, 
121.073842, 0.000000, 
121.834573, 0.000000, 
123.059584, 0.000000, 
123.881934, 0.000000, 
124.818370, 0.000000, 
125.854600, 0.000000, 
126.800985, 0.000000, 
127.971659, 0.000000, 
129.109920, 0.000000, 
130.147096, 0.000000, 
131.022597, 0.000000, 
132.084166, 0.000000, 
132.959065, 0.000000, 
134.094026, 0.000000, 
134.843603, 0.000000, 
135.962216, 0.000000, 
136.922784, 0.000000, 
137.998104, 0.000000, 
138.923123, 0.000000, 
139.985949, 0.000000, 
141.166403, 0.000000, 
141.918003, 0.000000, 
142.862692, 0.000000, 
144.151797, 0.000000, 
144.980914, 0.000000, 
145.991812, 0.000000, 
146.878006, 0.000000, 
147.866207, 0.000000, 
149.150919, 0.000000, 
149.973239, 0.000000, 
151.079576, 0.000000, 
152.031709, 0.000000, 
152.906103, 0.000000, 
153.905271, 0.000000, 
155.166708, 0.000000, 
155.954594, 0.000000, 
157.134322, 0.000000, 
158.098767, 0.000000, 
159.014899, 0.000000, 
160.161436, 0.000000, 
161.091214, 0.000000, 
161.852391, 0.000000, 
163.073384, 0.000000, 
164.007445, 0.000000, 
165.097253, 0.000000, 
165.905255, 0.000000, 
167.071020, 0.000000, 
167.948495, 0.000000, 
169.155238, 0.000000, 
170.052546, 0.000000, 
170.874245, 0.000000, 
171.917010, 0.000000, 
172.960531, 0.000000, 
173.878078, 0.000000, 
174.952887, 0.000000, 
176.080745, 0.000000, 
177.143035, 0.000000, 
177.973678, 0.000000, 
179.156311, 0.000000, 
180.181369, 0.000000, 
181.182968, 0.000000, 
181.985492, 0.000000, 
183.072228, 0.000000, 
183.812433, 0.000000, 
184.989307, 0.000000, 
186.190317, 0.000000, 
186.825378, 0.000000, 
187.830220, 0.000000, 
189.048813, 0.000000, 
190.152158, 0.000000, 
191.141636, 0.000000, 
191.803861, 0.000000, 
192.859438, 0.000000, 
194.000420, 0.000000, 
195.111319, 0.000000, 
195.818536, 0.000000, 
197.137544, 0.000000, 
197.879173, 0.000000, 
198.869365, 0.000000, 
