0.250129, 0.000000, 
0.932057, 0.000000, 
1.751157, 0.000000, 
2.733147, 0.000000, 
3.860365, 0.000000, 
5.196651, 0.000000, 
5.989108, 0.000000, 
6.797226, 0.000000, 
8.099451, 0.000000, 
9.006957, 0.000000, 
10.217844, 0.000000, 
10.807072, 0.000000, 
12.133828, 0.000000, 
12.846971, 0.000000, 
13.975700, 0.000000, 
14.985176, 0.000000, 
15.903745, 0.000000, 
16.965879, 0.000000, 
17.854288, 0.000000, 
19.188599, 0.000000, 
19.844153, 0.000000, 
21.137095, 0.000000, 
21.766720, 0.000000, 
23.051674, 0.000000, 
24.154249, 0.000000, 
25.053657, 0.000000, 
25.782721, 0.000000, 
27.042035, 0.000000, 
27.828640, 0.000000, 
29.274228, 0.000000, 
30.256676, 0.000000, 
31.282572, 0.000000, 
31.914954, 0.000000, 
32.959851, 0.000000, 
34.263087, 0.000000, 
35.238818, 0.000000, 
36.237039, 0.000000, 
37.273309, 0.000000, 
38.165336, 0.000000, 
39.109383, 0.000000, 
39.766054, 0.000000, 
40.849724, 0.000000, 
42.028979, 0.000000, 
42.987048, 0.000000, 
43.813082, 0.000000, 
45.144108, 0.000000, 
46.237713, 0.000000, 
47.085942, 0.000000, 
48.088862, 0.000000, 
48.729405, 0.000000, 
50.121661, 0.000000, 
50.841885, 0.000000, 
51.838215, 0.000000, 
53.147690, 0.000000, 
54.007312, 0.000000, 
54.998559, 0.000000, 
56.127930, 0.000000, 
56.884962, 0.000000, 
57.814931, 0.000000, 
59.230287, 0.000000, 
60.074862, 0.000000, 
61.037726, 0.000000, 
61.839294, 0.000000, 
62.751353, 0.000000, 
64.028910, 0.000000, 
65.134366, 0.000000, 
65.794099, 0.000000, 
66.760176, 0.000000, 
67.972586, 0.000000, 
69.008216, 0.000000, 
69.967251, 0.000000, 
70.781727, 0.000000, 
72.122706, 0.000000, 
73.044868, 0.000000, 
74.117036, 0.000000, 
74.989632, 0.000000, 
75.955110, 0.000000, 
76.908790, 0.000000, 
78.102054, 0.000000, 
78.892909, 0.000000, 
79.809801, 0.000000, 
81.093806, 0.000000, 
82.091775, 0.000000, 
82.723322, 0.000000, 
84.294147, 0.000000, 
85.234583, 0.000000, 
85.833204, 0.000000, 
86.910178, 0.000000, 
88.089334, 0.000000, 
89.266134, 0.000000, 
90.028930, 0.000000, 
91.275007, 0.000000, 
91.788695, 0.000000, 
92.808745, 0.000000, 
93.748873, 0.000000, 
94.926977, 0.000000, 
96.175093, 0.000000, 
96.809890, 0.000000, 
98.032952, 0.000000, 
98.739838, 0.000000, 
100.122538, 0.000000, 
101.158941, 0.000000, 
101.744331, 0.000000, 
102.701641, 0.000000, 
104.291353, 0.000000, 
105.237371, 0.000000, 
105.899831, 0.000000, 
107.148921, 0.000000, 
107.785860, 0.000000, 
109.122248, 0.000000, 
110.209838, 0.000000, 
110.778701, 0.000000, 
112.073776, 0.000000, 
113.180320, 0.000000, 
113.830043, 0.000000, 
114.930905, 0.000000, 
115.992095, 0.000000, 
117.207213, 0.000000, 
118.000015, 0.000000, 
119.150974, 0.000000, 
119.770979, 0.000000, 
121.034277, 0.000000, 
122.107551, 0.000000, 
123.124971, 0.000000, 
123.984499, 0.000000, 
124.860834, 0.000000, 
126.113915, 0.000000, 
127.245396, 0.000000, 
128.079518, 0.000000, 
128.855394, 0.000000, 
130.036753, 0.000000, 
130.998148, 0.000000, 
131.740296, 0.000000, 
132.986436, 0.000000, 
133.722005, 0.000000, 
134.766109, 0.000000, 
135.957066, 0.000000, 
136.739706, 0.000000, 
137.853735, 0.000000, 
139.074878, 0.000000, 
140.102303, 0.000000, 
141.174534, 0.000000, 
141.921415, 0.000000, 
143.202025, 0.000000, 
143.762385, 0.000000, 
145.005360, 0.000000, 
145.925313, 0.000000, 
147.086105, 0.000000, 
147.772522, 0.000000, 
148.997215, 0.000000, 
150.253220, 0.000000, 
150.979883, 0.000000, 
152.287300, 0.000000, 
153.224555, 0.000000, 
154.089250, 0.000000, 
155.295085, 0.000000, 
156.138686, 0.000000, 
156.735545, 0.000000, 
158.165730, 0.000000, 
158.892130, 0.000000, 
160.049966, 0.000000, 
161.053155, 0.000000, 
162.052302, 0.000000, 
162.869307, 0.000000, 
164.180092, 0.000000, 
165.291468, 0.000000, 
166.133047, 0.000000, 
166.797195, 0.000000, 
167.733384, 0.000000, 
168.935547, 0.000000, 
170.187041, 0.000000, 
171.210614, 0.000000, 
172.169651, 0.000000, 
172.973921, 0.000000, 
173.834766, 0.000000, 
175.046920, 0.000000, 
176.026158, 0.000000, 
176.860802, 0.000000, 
177.722525, 0.000000, 
178.709500, 0.000000, 
180.291710, 0.000000, 
181.151431, 0.000000, 
182.281510, 0.000000, 
183.194379, 0.000000, 
184.268757, 0.000000, 
184.761249, 0.000000, 
185.916967, 0.000000, 
186.839652, 0.000000, 
187.911851, 0.000000, 
188.898564, 0.000000, 
190.092368, 0.000000, 
190.917024, 0.000000, 
191.911077, 0.000000, 
193.248464, 0.000000, 
194.250422, 0.000000, 
194.761836, 0.000000, 
195.770335, 0.000000, 
196.918443, 0.000000, 
197.752967, 0.000000, 
199.114753, 0.000000, 
