-0.361527, 0.000000, 
1.015499, 0.000000, 
2.031915, 0.000000, 
3.374171, 0.000000, 
4.169704, 0.000000, 
5.359662, 0.000000, 
6.345013, 0.000000, 
7.428179, 0.000000, 
8.469416, 0.000000, 
8.791481, 0.000000, 
10.356544, 0.000000, 
10.662956, 0.000000, 
12.334570, 0.000000, 
12.539187, 0.000000, 
14.348069, 0.000000, 
14.596684, 0.000000, 
16.022601, 0.000000, 
17.078167, 0.000000, 
18.125612, 0.000000, 
18.782509, 0.000000, 
20.480777, 0.000000, 
20.960215, 0.000000, 
22.165503, 0.000000, 
22.986552, 0.000000, 
23.961569, 0.000000, 
24.525055, 0.000000, 
26.212375, 0.000000, 
26.690483, 0.000000, 
28.410434, 0.000000, 
28.978040, 0.000000, 
29.933679, 0.000000, 
31.451472, 0.000000, 
31.643778, 0.000000, 
33.311698, 0.000000, 
33.964898, 0.000000, 
35.486738, 0.000000, 
35.876510, 0.000000, 
37.279130, 0.000000, 
37.829312, 0.000000, 
39.098114, 0.000000, 
40.196019, 0.000000, 
40.969754, 0.000000, 
41.820062, 0.000000, 
42.799543, 0.000000, 
44.410946, 0.000000, 
45.132764, 0.000000, 
46.054474, 0.000000, 
46.833681, 0.000000, 
47.995352, 0.000000, 
48.743511, 0.000000, 
49.667723, 0.000000, 
50.560226, 0.000000, 
52.241677, 0.000000, 
53.421437, 0.000000, 
54.214470, 0.000000, 
55.467824, 0.000000, 
55.984009, 0.000000, 
56.552287, 0.000000, 
57.708625, 0.000000, 
58.743739, 0.000000, 
59.869452, 0.000000, 
61.082685, 0.000000, 
61.625475, 0.000000, 
63.178940, 0.000000, 
63.895766, 0.000000, 
64.682878, 0.000000, 
65.507686, 0.000000, 
66.910263, 0.000000, 
67.867126, 0.000000, 
69.018467, 0.000000, 
70.107333, 0.000000, 
71.086907, 0.000000, 
71.608330, 0.000000, 
72.786418, 0.000000, 
73.706808, 0.000000, 
75.056330, 0.000000, 
76.463645, 0.000000, 
76.850917, 0.000000, 
77.746747, 0.000000, 
79.159076, 0.000000, 
79.819408, 0.000000, 
80.662034, 0.000000, 
82.183919, 0.000000, 
83.339802, 0.000000, 
83.742727, 0.000000, 
85.024424, 0.000000, 
86.466506, 0.000000, 
87.418635, 0.000000, 
88.247813, 0.000000, 
88.730921, 0.000000, 
90.347781, 0.000000, 
91.207164, 0.000000, 
91.666897, 0.000000, 
93.499632, 0.000000, 
93.825787, 0.000000, 
94.710307, 0.000000, 
95.891579, 0.000000, 
97.479619, 0.000000, 
98.441462, 0.000000, 
98.640045, 0.000000, 
99.639741, 0.000000, 
101.412505, 0.000000, 
101.780323, 0.000000, 
102.950355, 0.000000, 
103.540972, 0.000000, 
104.661349, 0.000000, 
106.056613, 0.000000, 
107.065953, 0.000000, 
108.242147, 0.000000, 
108.810854, 0.000000, 
109.827279, 0.000000, 
111.210696, 0.000000, 
111.616553, 0.000000, 
113.118893, 0.000000, 
113.521684, 0.000000, 
115.025874, 0.000000, 
116.408535, 0.000000, 
117.355911, 0.000000, 
118.300001, 0.000000, 
118.896219, 0.000000, 
120.259595, 0.000000, 
120.835275, 0.000000, 
121.751478, 0.000000, 
122.927439, 0.000000, 
124.047046, 0.000000, 
125.084221, 0.000000, 
125.663177, 0.000000, 
127.486623, 0.000000, 
128.114793, 0.000000, 
128.803111, 0.000000, 
130.016370, 0.000000, 
131.356300, 0.000000, 
132.269570, 0.000000, 
132.543247, 0.000000, 
133.855112, 0.000000, 
134.603490, 0.000000, 
135.659957, 0.000000, 
136.942390, 0.000000, 
137.798803, 0.000000, 
139.457908, 0.000000, 
139.573254, 0.000000, 
140.821444, 0.000000, 
141.767103, 0.000000, 
142.568828, 0.000000, 
143.975135, 0.000000, 
145.269632, 0.000000, 
146.183995, 0.000000, 
147.481958, 0.000000, 
147.963545, 0.000000, 
149.467371, 0.000000, 
149.628130, 0.000000, 
151.196923, 0.000000, 
151.618216, 0.000000, 
152.805989, 0.000000, 
153.945883, 0.000000, 
154.860617, 0.000000, 
156.397184, 0.000000, 
156.767578, 0.000000, 
157.972226, 0.000000, 
159.331214, 0.000000, 
159.575334, 0.000000, 
160.878479, 0.000000, 
161.921948, 0.000000, 
162.548461, 0.000000, 
164.232774, 0.000000, 
164.743675, 0.000000, 
166.157470, 0.000000, 
167.158503, 0.000000, 
167.546054, 0.000000, 
168.620865, 0.000000, 
169.790840, 0.000000, 
171.121875, 0.000000, 
172.220512, 0.000000, 
173.486256, 0.000000, 
174.292940, 0.000000, 
175.358829, 0.000000, 
176.331662, 0.000000, 
176.609353, 0.000000, 
177.694434, 0.000000, 
178.757787, 0.000000, 
179.958992, 0.000000, 
181.455503, 0.000000, 
181.987074, 0.000000, 
182.860855, 0.000000, 
184.309185, 0.000000, 
184.878932, 0.000000, 
186.014182, 0.000000, 
186.520630, 0.000000, 
188.329813, 0.000000, 
189.098271, 0.000000, 
190.444258, 0.000000, 
191.299312, 0.000000, 
191.853167, 0.000000, 
193.424204, 0.000000, 
193.512228, 0.000000, 
195.095165, 0.000000, 
196.062526, 0.000000, 
197.267461, 0.000000, 
198.102966, 0.000000, 
198.781036, 0.000000, 
