0.213039, 0.000000, 
1.090667, 0.000000, 
1.824467, 0.000000, 
3.116380, 0.000000, 
3.998805, 0.000000, 
5.152389, 0.000000, 
5.961977, 0.000000, 
7.156365, 0.000000, 
7.860822, 0.000000, 
9.191834, 0.000000, 
9.752228, 0.000000, 
11.207471, 0.000000, 
12.006645, 0.000000, 
12.794976, 0.000000, 
14.142487, 0.000000, 
15.049237, 0.000000, 
16.008584, 0.000000, 
16.985284, 0.000000, 
18.214505, 0.000000, 
18.853765, 0.000000, 
20.208727, 0.000000, 
21.297806, 0.000000, 
21.977384, 0.000000, 
23.204933, 0.000000, 
23.990269, 0.000000, 
24.869427, 0.000000, 
26.170067, 0.000000, 
26.792190, 0.000000, 
27.855189, 0.000000, 
29.111298, 0.000000, 
30.122902, 0.000000, 
31.234629, 0.000000, 
32.284368, 0.000000, 
33.066693, 0.000000, 
34.147348, 0.000000, 
34.913745, 0.000000, 
35.888506, 0.000000, 
37.286173, 0.000000, 
38.109557, 0.000000, 
39.095120, 0.000000, 
39.765389, 0.000000, 
41.220096, 0.000000, 
42.014861, 0.000000, 
43.217251, 0.000000, 
44.161533, 0.000000, 
45.252045, 0.000000, 
45.916347, 0.000000, 
46.744747, 0.000000, 
47.975916, 0.000000, 
48.846529, 0.000000, 
49.731034, 0.000000, 
50.750725, 0.000000, 
52.128777, 0.000000, 
53.271853, 0.000000, 
54.111417, 0.000000, 
55.232671, 0.000000, 
56.053495, 0.000000, 
57.274746, 0.000000, 
57.860255, 0.000000, 
58.945567, 0.000000, 
60.298147, 0.000000, 
60.893714, 0.000000, 
61.910981, 0.000000, 
62.992274, 0.000000, 
63.715340, 0.000000, 
64.900287, 0.000000, 
65.771893, 0.000000, 
67.216059, 0.000000, 
67.878764, 0.000000, 
68.780878, 0.000000, 
70.020899, 0.000000, 
71.140627, 0.000000, 
71.706384, 0.000000, 
72.798131, 0.000000, 
73.739877, 0.000000, 
74.765815, 0.000000, 
75.865855, 0.000000, 
77.161498, 0.000000, 
77.975672, 0.000000, 
79.031373, 0.000000, 
79.984600, 0.000000, 
80.744989, 0.000000, 
81.724172, 0.000000, 
83.238557, 0.000000, 
84.291596, 0.000000, 
85.173109, 0.000000, 
85.747096, 0.000000, 
86.748168, 0.000000, 
88.265232, 0.000000, 
88.989914, 0.000000, 
90.019858, 0.000000, 
91.023634, 0.000000, 
91.927157, 0.000000, 
92.934019, 0.000000, 
93.988465, 0.000000, 
95.099889, 0.000000, 
95.816431, 0.000000, 
97.231004, 0.000000, 
98.050228, 0.000000, 
98.862979, 0.000000, 
100.209517, 0.000000, 
101.224888, 0.000000, 
101.921100, 0.000000, 
103.048415, 0.000000, 
104.265203, 0.000000, 
104.718078, 0.000000, 
105.933308, 0.000000, 
106.782301, 0.000000, 
108.237503, 0.000000, 
108.724894, 0.000000, 
109.839132, 0.000000, 
111.214469, 0.000000, 
112.251302, 0.000000, 
113.056446, 0.000000, 
113.902817, 0.000000, 
114.805804, 0.000000, 
115.811025, 0.000000, 
116.780785, 0.000000, 
117.742262, 0.000000, 
118.831910, 0.000000, 
120.178245, 0.000000, 
121.173706, 0.000000, 
122.064713, 0.000000, 
123.004772, 0.000000, 
123.759063, 0.000000, 
124.812925, 0.000000, 
125.769712, 0.000000, 
127.208282, 0.000000, 
127.807050, 0.000000, 
129.113354, 0.000000, 
129.876313, 0.000000, 
130.813542, 0.000000, 
132.268718, 0.000000, 
132.795617, 0.000000, 
134.223419, 0.000000, 
135.157492, 0.000000, 
136.121365, 0.000000, 
136.769187, 0.000000, 
137.843905, 0.000000, 
139.139484, 0.000000, 
140.024767, 0.000000, 
140.999228, 0.000000, 
142.175748, 0.000000, 
142.883348, 0.000000, 
143.949024, 0.000000, 
145.118758, 0.000000, 
146.110541, 0.000000, 
147.023636, 0.000000, 
147.743714, 0.000000, 
149.058114, 0.000000, 
149.983646, 0.000000, 
150.900103, 0.000000, 
152.212970, 0.000000, 
153.226119, 0.000000, 
154.217779, 0.000000, 
154.994041, 0.000000, 
156.180997, 0.000000, 
156.941766, 0.000000, 
157.837344, 0.000000, 
159.225962, 0.000000, 
160.234936, 0.000000, 
161.235215, 0.000000, 
161.839889, 0.000000, 
162.793249, 0.000000, 
164.295919, 0.000000, 
164.902631, 0.000000, 
166.081510, 0.000000, 
167.204787, 0.000000, 
168.018453, 0.000000, 
169.178617, 0.000000, 
170.135314, 0.000000, 
171.097211, 0.000000, 
172.193496, 0.000000, 
172.864076, 0.000000, 
174.095366, 0.000000, 
175.016071, 0.000000, 
176.122516, 0.000000, 
177.281659, 0.000000, 
177.932534, 0.000000, 
178.755282, 0.000000, 
179.813914, 0.000000, 
181.223611, 0.000000, 
182.213425, 0.000000, 
182.932485, 0.000000, 
184.096617, 0.000000, 
184.848656, 0.000000, 
186.166616, 0.000000, 
187.094371, 0.000000, 
187.960654, 0.000000, 
189.024067, 0.000000, 
189.836143, 0.000000, 
190.784255, 0.000000, 
192.164469, 0.000000, 
193.095607, 0.000000, 
193.782881, 0.000000, 
194.869541, 0.000000, 
196.201002, 0.000000, 
196.850445, 0.000000, 
197.713777, 0.000000, 
199.112345, 0.000000, 
