-0.335680, 0.000000, 
0.848863, 0.000000, 
2.266763, 0.000000, 
2.809080, 0.000000, 
3.879196, 0.000000, 
4.922448, 0.000000, 
5.698020, 0.000000, 
6.679307, 0.000000, 
8.165943, 0.000000, 
9.260770, 0.000000, 
10.194087, 0.000000, 
11.234325, 0.000000, 
11.982463, 0.000000, 
13.360847, 0.000000, 
13.689206, 0.000000, 
14.717628, 0.000000, 
16.236917, 0.000000, 
17.269615, 0.000000, 
17.854589, 0.000000, 
19.196527, 0.000000, 
19.743569, 0.000000, 
21.094430, 0.000000, 
21.780120, 0.000000, 
22.774146, 0.000000, 
23.938771, 0.000000, 
25.138826, 0.000000, 
26.049897, 0.000000, 
26.692163, 0.000000, 
28.042272, 0.000000, 
28.653919, 0.000000, 
30.178349, 0.000000, 
30.854332, 0.000000, 
31.818677, 0.000000, 
32.818896, 0.000000, 
33.901828, 0.000000, 
35.149731, 0.000000, 
36.172568, 0.000000, 
36.703433, 0.000000, 
38.069019, 0.000000, 
38.920495, 0.000000, 
39.958025, 0.000000, 
40.832407, 0.000000, 
41.940338, 0.000000, 
43.277336, 0.000000, 
43.683889, 0.000000, 
44.752363, 0.000000, 
45.887799, 0.000000, 
47.174836, 0.000000, 
48.099972, 0.000000, 
48.894420, 0.000000, 
49.979684, 0.000000, 
51.027123, 0.000000, 
52.384290, 0.000000, 
53.280356, 0.000000, 
53.815419, 0.000000, 
54.922364, 0.000000, 
56.067138, 0.000000, 
57.268241, 0.000000, 
58.100332, 0.000000, 
58.963391, 0.000000, 
59.719099, 0.000000, 
60.975255, 0.000000, 
61.826978, 0.000000, 
63.312166, 0.000000, 
63.809284, 0.000000, 
64.642066, 0.000000, 
66.380917, 0.000000, 
67.328480, 0.000000, 
68.342606, 0.000000, 
68.823281, 0.000000, 
70.275117, 0.000000, 
71.016108, 0.000000, 
72.187975, 0.000000, 
72.840327, 0.000000, 
73.838224, 0.000000, 
74.611982, 0.000000, 
75.950542, 0.000000, 
76.943173, 0.000000, 
78.214198, 0.000000, 
79.126068, 0.000000, 
79.666702, 0.000000, 
81.256993, 0.000000, 
81.812734, 0.000000, 
82.642801, 0.000000, 
83.858505, 0.000000, 
84.789157, 0.000000, 
86.174327, 0.000000, 
87.379624, 0.000000, 
88.364829, 0.000000, 
88.944728, 0.000000, 
90.222070, 0.000000, 
90.759265, 0.000000, 
91.749555, 0.000000, 
93.298826, 0.000000, 
93.743499, 0.000000, 
94.881781, 0.000000, 
95.696284, 0.000000, 
97.236281, 0.000000, 
98.207717, 0.000000, 
99.208088, 0.000000, 
99.891884, 0.000000, 
101.237986, 0.000000, 
102.330053, 0.000000, 
102.723496, 0.000000, 
103.839513, 0.000000, 
104.915665, 0.000000, 
106.390600, 0.000000, 
106.921821, 0.000000, 
108.340413, 0.000000, 
108.694900, 0.000000, 
110.246510, 0.000000, 
110.770431, 0.000000, 
112.277672, 0.000000, 
113.178716, 0.000000, 
114.019497, 0.000000, 
115.349185, 0.000000, 
115.648915, 0.000000, 
116.944076, 0.000000, 
117.795233, 0.000000, 
119.302463, 0.000000, 
119.817685, 0.000000, 
120.927571, 0.000000, 
121.778398, 0.000000, 
123.075813, 0.000000, 
124.106309, 0.000000, 
125.123693, 0.000000, 
126.097869, 0.000000, 
126.955577, 0.000000, 
127.749684, 0.000000, 
129.006007, 0.000000, 
130.029704, 0.000000, 
131.084692, 0.000000, 
131.834885, 0.000000, 
132.816238, 0.000000, 
134.145701, 0.000000, 
134.826405, 0.000000, 
136.198489, 0.000000, 
137.258007, 0.000000, 
137.768545, 0.000000, 
138.607437, 0.000000, 
140.369520, 0.000000, 
140.642711, 0.000000, 
142.043371, 0.000000, 
142.649369, 0.000000, 
143.731241, 0.000000, 
144.843618, 0.000000, 
146.249971, 0.000000, 
146.730912, 0.000000, 
148.235514, 0.000000, 
149.181684, 0.000000, 
150.048113, 0.000000, 
150.817285, 0.000000, 
151.643249, 0.000000, 
152.824781, 0.000000, 
153.759152, 0.000000, 
154.658414, 0.000000, 
156.213954, 0.000000, 
156.940587, 0.000000, 
157.825950, 0.000000, 
159.055309, 0.000000, 
160.032770, 0.000000, 
161.236693, 0.000000, 
161.742002, 0.000000, 
162.694884, 0.000000, 
164.365724, 0.000000, 
164.755423, 0.000000, 
165.808584, 0.000000, 
166.810132, 0.000000, 
168.138415, 0.000000, 
169.038915, 0.000000, 
170.273152, 0.000000, 
171.177136, 0.000000, 
171.939095, 0.000000, 
173.312648, 0.000000, 
174.206945, 0.000000, 
175.297937, 0.000000, 
175.947218, 0.000000, 
176.613696, 0.000000, 
177.688202, 0.000000, 
178.672995, 0.000000, 
179.796661, 0.000000, 
180.728331, 0.000000, 
182.347365, 0.000000, 
183.244355, 0.000000, 
184.033517, 0.000000, 
185.338524, 0.000000, 
185.692746, 0.000000, 
187.392535, 0.000000, 
187.817862, 0.000000, 
188.631038, 0.000000, 
189.964247, 0.000000, 
190.642455, 0.000000, 
192.264076, 0.000000, 
193.010386, 0.000000, 
194.247243, 0.000000, 
194.690416, 0.000000, 
195.646991, 0.000000, 
196.889116, 0.000000, 
198.358666, 0.000000, 
199.104911, 0.000000, 
