-0.055915, 0.000000, 
1.077325, 0.000000, 
2.014536, 0.000000, 
2.941516, 0.000000, 
4.211449, 0.000000, 
5.197839, 0.000000, 
5.751270, 0.000000, 
6.908798, 0.000000, 
7.948056, 0.000000, 
9.203022, 0.000000, 
9.973702, 0.000000, 
10.927862, 0.000000, 
12.168876, 0.000000, 
13.067484, 0.000000, 
14.112007, 0.000000, 
15.139147, 0.000000, 
15.875217, 0.000000, 
17.013188, 0.000000, 
18.158038, 0.000000, 
19.287082, 0.000000, 
20.102490, 0.000000, 
21.267119, 0.000000, 
21.794538, 0.000000, 
23.050993, 0.000000, 
23.908684, 0.000000, 
24.867304, 0.000000, 
25.969580, 0.000000, 
27.015303, 0.000000, 
27.741681, 0.000000, 
29.153546, 0.000000, 
29.792394, 0.000000, 
30.892932, 0.000000, 
31.707311, 0.000000, 
33.091872, 0.000000, 
33.854956, 0.000000, 
35.167563, 0.000000, 
36.016964, 0.000000, 
37.157289, 0.000000, 
37.701980, 0.000000, 
39.219107, 0.000000, 
40.206832, 0.000000, 
41.273859, 0.000000, 
41.909534, 0.000000, 
42.877370, 0.000000, 
43.750320, 0.000000, 
45.079083, 0.000000, 
46.116005, 0.000000, 
47.156148, 0.000000, 
47.760549, 0.000000, 
49.197648, 0.000000, 
50.289411, 0.000000, 
51.265675, 0.000000, 
52.266244, 0.000000, 
53.027691, 0.000000, 
53.817089, 0.000000, 
54.914206, 0.000000, 
56.221174, 0.000000, 
56.943980, 0.000000, 
58.261433, 0.000000, 
58.944866, 0.000000, 
60.169815, 0.000000, 
60.987854, 0.000000, 
62.163481, 0.000000, 
63.155505, 0.000000, 
63.856746, 0.000000, 
64.903800, 0.000000, 
66.179250, 0.000000, 
67.119084, 0.000000, 
67.834956, 0.000000, 
68.907824, 0.000000, 
70.013563, 0.000000, 
71.055690, 0.000000, 
72.074523, 0.000000, 
73.084662, 0.000000, 
73.929046, 0.000000, 
75.049961, 0.000000, 
75.972314, 0.000000, 
77.125724, 0.000000, 
77.750227, 0.000000, 
78.970499, 0.000000, 
80.224911, 0.000000, 
80.762438, 0.000000, 
82.038699, 0.000000, 
82.837450, 0.000000, 
83.980144, 0.000000, 
85.094315, 0.000000, 
85.909416, 0.000000, 
87.102624, 0.000000, 
87.812182, 0.000000, 
89.047022, 0.000000, 
89.798411, 0.000000, 
90.979787, 0.000000, 
91.900199, 0.000000, 
92.795211, 0.000000, 
94.057409, 0.000000, 
95.025245, 0.000000, 
95.898569, 0.000000, 
96.933126, 0.000000, 
98.188223, 0.000000, 
99.208737, 0.000000, 
100.215070, 0.000000, 
100.832232, 0.000000, 
101.747482, 0.000000, 
102.798030, 0.000000, 
104.113583, 0.000000, 
104.906947, 0.000000, 
106.157262, 0.000000, 
107.104148, 0.000000, 
107.931148, 0.000000, 
108.938148, 0.000000, 
109.924209, 0.000000, 
110.746402, 0.000000, 
111.815455, 0.000000, 
112.868074, 0.000000, 
114.267396, 0.000000, 
114.800571, 0.000000, 
116.001898, 0.000000, 
117.181687, 0.000000, 
117.790522, 0.000000, 
118.748275, 0.000000, 
120.217225, 0.000000, 
121.297960, 0.000000, 
121.909525, 0.000000, 
122.939987, 0.000000, 
124.298800, 0.000000, 
124.956844, 0.000000, 
126.033622, 0.000000, 
126.794412, 0.000000, 
128.106713, 0.000000, 
129.261617, 0.000000, 
129.833259, 0.000000, 
130.914274, 0.000000, 
131.870948, 0.000000, 
132.836076, 0.000000, 
133.889716, 0.000000, 
134.815669, 0.000000, 
135.812821, 0.000000, 
137.143324, 0.000000, 
138.283516, 0.000000, 
139.090967, 0.000000, 
140.175348, 0.000000, 
141.114245, 0.000000, 
142.115892, 0.000000, 
143.137119, 0.000000, 
144.261099, 0.000000, 
145.166391, 0.000000, 
145.875613, 0.000000, 
147.139705, 0.000000, 
147.950734, 0.000000, 
148.975060, 0.000000, 
149.807794, 0.000000, 
151.223264, 0.000000, 
152.213859, 0.000000, 
152.904398, 0.000000, 
153.940424, 0.000000, 
155.184177, 0.000000, 
155.944964, 0.000000, 
156.799586, 0.000000, 
158.188467, 0.000000, 
158.872782, 0.000000, 
159.728373, 0.000000, 
161.110137, 0.000000, 
162.136932, 0.000000, 
162.932404, 0.000000, 
163.998725, 0.000000, 
165.090883, 0.000000, 
165.950009, 0.000000, 
167.280254, 0.000000, 
167.900061, 0.000000, 
168.755601, 0.000000, 
169.997704, 0.000000, 
170.994698, 0.000000, 
172.076135, 0.000000, 
173.107551, 0.000000, 
173.810911, 0.000000, 
174.777929, 0.000000, 
175.726049, 0.000000, 
177.153968, 0.000000, 
178.062525, 0.000000, 
178.836973, 0.000000, 
180.141765, 0.000000, 
180.935641, 0.000000, 
181.865691, 0.000000, 
182.843030, 0.000000, 
184.127431, 0.000000, 
185.009868, 0.000000, 
185.983864, 0.000000, 
186.922881, 0.000000, 
188.143122, 0.000000, 
188.885937, 0.000000, 
190.292530, 0.000000, 
191.205647, 0.000000, 
192.206039, 0.000000, 
192.961054, 0.000000, 
194.061319, 0.000000, 
195.042995, 0.000000, 
195.938319, 0.000000, 
196.730702, 0.000000, 
198.107603, 0.000000, 
199.061363, 0.000000, 
