0.075057, 0.000000, 
1.151987, 0.000000, 
2.179177, 0.000000, 
2.986041, 0.000000, 
4.004538, 0.000000, 
5.119881, 0.000000, 
5.919097, 0.000000, 
6.981123, 0.000000, 
8.189616, 0.000000, 
9.004769, 0.000000, 
10.196601, 0.000000, 
11.117830, 0.000000, 
12.026991, 0.000000, 
13.070674, 0.000000, 
13.819357, 0.000000, 
14.943534, 0.000000, 
15.917589, 0.000000, 
17.016420, 0.000000, 
18.056964, 0.000000, 
19.170525, 0.000000, 
19.941701, 0.000000, 
21.045871, 0.000000, 
22.015229, 0.000000, 
23.054629, 0.000000, 
24.112244, 0.000000, 
24.807398, 0.000000, 
26.063337, 0.000000, 
26.815059, 0.000000, 
27.982757, 0.000000, 
28.878577, 0.000000, 
30.042348, 0.000000, 
31.098643, 0.000000, 
32.123826, 0.000000, 
32.911833, 0.000000, 
34.167936, 0.000000, 
35.049091, 0.000000, 
35.891818, 0.000000, 
36.979191, 0.000000, 
38.119136, 0.000000, 
38.844725, 0.000000, 
39.937330, 0.000000, 
41.052200, 0.000000, 
41.807846, 0.000000, 
43.153015, 0.000000, 
43.907372, 0.000000, 
44.888989, 0.000000, 
45.885932, 0.000000, 
46.817043, 0.000000, 
47.915965, 0.000000, 
48.856044, 0.000000, 
50.108548, 0.000000, 
51.026400, 0.000000, 
51.950579, 0.000000, 
52.822391, 0.000000, 
54.168058, 0.000000, 
54.974133, 0.000000, 
56.018933, 0.000000, 
56.891788, 0.000000, 
57.880949, 0.000000, 
59.035884, 0.000000, 
60.143524, 0.000000, 
61.186207, 0.000000, 
62.178603, 0.000000, 
62.986480, 0.000000, 
64.143263, 0.000000, 
65.105663, 0.000000, 
65.841409, 0.000000, 
66.969337, 0.000000, 
67.884364, 0.000000, 
68.828788, 0.000000, 
70.113919, 0.000000, 
70.850193, 0.000000, 
72.025256, 0.000000, 
73.009062, 0.000000, 
74.084167, 0.000000, 
74.929573, 0.000000, 
75.959641, 0.000000, 
77.174056, 0.000000, 
78.114295, 0.000000, 
78.883291, 0.000000, 
80.119451, 0.000000, 
80.943078, 0.000000, 
82.111348, 0.000000, 
82.946547, 0.000000, 
84.006443, 0.000000, 
84.854654, 0.000000, 
85.878366, 0.000000, 
86.976310, 0.000000, 
88.081395, 0.000000, 
89.099944, 0.000000, 
90.021822, 0.000000, 
91.157846, 0.000000, 
92.119798, 0.000000, 
93.122372, 0.000000, 
93.993432, 0.000000, 
94.991042, 0.000000, 
95.979798, 0.000000, 
96.876879, 0.000000, 
97.899671, 0.000000, 
99.016031, 0.000000, 
99.847602, 0.000000, 
100.843080, 0.000000, 
102.159139, 0.000000, 
102.856149, 0.000000, 
103.911763, 0.000000, 
105.052844, 0.000000, 
105.942529, 0.000000, 
107.012125, 0.000000, 
107.853959, 0.000000, 
108.870468, 0.000000, 
110.193814, 0.000000, 
111.069923, 0.000000, 
111.816276, 0.000000, 
113.094579, 0.000000, 
113.886794, 0.000000, 
115.058585, 0.000000, 
116.107453, 0.000000, 
117.129167, 0.000000, 
117.867081, 0.000000, 
119.137876, 0.000000, 
119.854682, 0.000000, 
120.967316, 0.000000, 
122.078114, 0.000000, 
123.133326, 0.000000, 
124.099485, 0.000000, 
125.127700, 0.000000, 
125.961143, 0.000000, 
126.827716, 0.000000, 
127.959563, 0.000000, 
129.044220, 0.000000, 
130.143243, 0.000000, 
131.037513, 0.000000, 
132.112596, 0.000000, 
133.053813, 0.000000, 
133.867656, 0.000000, 
135.184944, 0.000000, 
135.812446, 0.000000, 
136.967300, 0.000000, 
138.138272, 0.000000, 
138.856482, 0.000000, 
139.999882, 0.000000, 
140.868489, 0.000000, 
141.873422, 0.000000, 
142.947245, 0.000000, 
144.169456, 0.000000, 
144.853082, 0.000000, 
145.905824, 0.000000, 
146.834941, 0.000000, 
147.889620, 0.000000, 
149.128049, 0.000000, 
149.990202, 0.000000, 
151.176120, 0.000000, 
152.122565, 0.000000, 
153.004038, 0.000000, 
153.893802, 0.000000, 
155.156830, 0.000000, 
156.018611, 0.000000, 
156.836179, 0.000000, 
158.088036, 0.000000, 
158.841845, 0.000000, 
159.837662, 0.000000, 
161.115230, 0.000000, 
161.851885, 0.000000, 
162.871105, 0.000000, 
163.841791, 0.000000, 
165.028451, 0.000000, 
165.957132, 0.000000, 
166.968904, 0.000000, 
167.920919, 0.000000, 
168.987208, 0.000000, 
170.156683, 0.000000, 
171.130724, 0.000000, 
172.198265, 0.000000, 
173.187992, 0.000000, 
174.032666, 0.000000, 
175.086110, 0.000000, 
175.937664, 0.000000, 
177.088166, 0.000000, 
177.922209, 0.000000, 
178.810770, 0.000000, 
179.831649, 0.000000, 
180.898670, 0.000000, 
182.010246, 0.000000, 
182.967112, 0.000000, 
183.825606, 0.000000, 
185.171855, 0.000000, 
185.922886, 0.000000, 
186.834716, 0.000000, 
187.826289, 0.000000, 
189.184895, 0.000000, 
190.146036, 0.000000, 
191.149935, 0.000000, 
192.017322, 0.000000, 
192.863665, 0.000000, 
194.095235, 0.000000, 
195.065367, 0.000000, 
195.844106, 0.000000, 
196.868043, 0.000000, 
198.130280, 0.000000, 
198.890404, 0.000000, 
