0.176492, 0.000000, 
0.810597, 0.000000, 
1.838537, 0.000000, 
3.046618, 0.000000, 
3.948301, 0.000000, 
5.152729, 0.000000, 
6.034855, 0.000000, 
7.063273, 0.000000, 
7.943543, 0.000000, 
9.168880, 0.000000, 
9.925179, 0.000000, 
11.181980, 0.000000, 
12.196353, 0.000000, 
13.004461, 0.000000, 
14.185729, 0.000000, 
14.903381, 0.000000, 
16.034009, 0.000000, 
16.963018, 0.000000, 
18.143208, 0.000000, 
19.086758, 0.000000, 
20.148670, 0.000000, 
20.959628, 0.000000, 
22.179180, 0.000000, 
22.856683, 0.000000, 
24.014183, 0.000000, 
24.878119, 0.000000, 
25.862691, 0.000000, 
27.036270, 0.000000, 
28.187202, 0.000000, 
28.849560, 0.000000, 
29.909376, 0.000000, 
31.092042, 0.000000, 
31.910386, 0.000000, 
33.035615, 0.000000, 
33.970156, 0.000000, 
35.195999, 0.000000, 
36.180413, 0.000000, 
36.998778, 0.000000, 
38.159500, 0.000000, 
38.808586, 0.000000, 
39.892880, 0.000000, 
41.190496, 0.000000, 
41.994582, 0.000000, 
43.081994, 0.000000, 
44.117179, 0.000000, 
45.116466, 0.000000, 
46.015706, 0.000000, 
47.011799, 0.000000, 
48.199044, 0.000000, 
49.194345, 0.000000, 
49.917558, 0.000000, 
51.078714, 0.000000, 
51.853424, 0.000000, 
53.068315, 0.000000, 
54.177702, 0.000000, 
54.999435, 0.000000, 
56.004032, 0.000000, 
57.016497, 0.000000, 
57.841361, 0.000000, 
58.962019, 0.000000, 
60.125367, 0.000000, 
61.084063, 0.000000, 
61.909120, 0.000000, 
62.816011, 0.000000, 
64.098783, 0.000000, 
65.021217, 0.000000, 
65.966660, 0.000000, 
67.042464, 0.000000, 
68.004536, 0.000000, 
68.836389, 0.000000, 
69.829994, 0.000000, 
71.132320, 0.000000, 
71.957206, 0.000000, 
72.818840, 0.000000, 
74.097411, 0.000000, 
74.971189, 0.000000, 
75.965754, 0.000000, 
76.860947, 0.000000, 
77.932750, 0.000000, 
78.830099, 0.000000, 
80.086867, 0.000000, 
81.173245, 0.000000, 
81.824788, 0.000000, 
83.066168, 0.000000, 
84.076097, 0.000000, 
85.020308, 0.000000, 
86.173433, 0.000000, 
86.920937, 0.000000, 
87.997799, 0.000000, 
89.046837, 0.000000, 
90.088434, 0.000000, 
90.845831, 0.000000, 
92.032925, 0.000000, 
92.884187, 0.000000, 
94.048606, 0.000000, 
95.097590, 0.000000, 
95.919399, 0.000000, 
96.921405, 0.000000, 
97.903286, 0.000000, 
98.820818, 0.000000, 
100.159334, 0.000000, 
100.945156, 0.000000, 
102.199974, 0.000000, 
102.881710, 0.000000, 
104.113141, 0.000000, 
105.010531, 0.000000, 
105.969040, 0.000000, 
107.136476, 0.000000, 
108.074573, 0.000000, 
109.073544, 0.000000, 
110.066093, 0.000000, 
110.962439, 0.000000, 
111.892991, 0.000000, 
112.961446, 0.000000, 
114.196751, 0.000000, 
114.945163, 0.000000, 
116.179892, 0.000000, 
116.867502, 0.000000, 
117.816425, 0.000000, 
118.880719, 0.000000, 
119.804702, 0.000000, 
121.071847, 0.000000, 
122.084524, 0.000000, 
123.160329, 0.000000, 
124.198081, 0.000000, 
125.048430, 0.000000, 
125.878676, 0.000000, 
126.882036, 0.000000, 
127.990360, 0.000000, 
128.846023, 0.000000, 
129.803568, 0.000000, 
131.058934, 0.000000, 
131.933730, 0.000000, 
132.852617, 0.000000, 
133.947158, 0.000000, 
135.096828, 0.000000, 
136.104499, 0.000000, 
137.047180, 0.000000, 
137.897648, 0.000000, 
138.876961, 0.000000, 
140.146444, 0.000000, 
140.884505, 0.000000, 
142.118582, 0.000000, 
142.891403, 0.000000, 
144.049560, 0.000000, 
145.186264, 0.000000, 
145.944686, 0.000000, 
146.922615, 0.000000, 
147.884071, 0.000000, 
149.060977, 0.000000, 
149.858028, 0.000000, 
150.994276, 0.000000, 
152.154776, 0.000000, 
153.090296, 0.000000, 
154.190722, 0.000000, 
155.031310, 0.000000, 
156.119382, 0.000000, 
157.074593, 0.000000, 
158.140356, 0.000000, 
159.084262, 0.000000, 
159.886436, 0.000000, 
161.031646, 0.000000, 
161.905951, 0.000000, 
163.065229, 0.000000, 
163.948615, 0.000000, 
164.975517, 0.000000, 
166.143173, 0.000000, 
167.107277, 0.000000, 
168.160214, 0.000000, 
169.005102, 0.000000, 
169.952222, 0.000000, 
171.124706, 0.000000, 
172.050615, 0.000000, 
172.869430, 0.000000, 
173.829827, 0.000000, 
174.911563, 0.000000, 
175.824203, 0.000000, 
176.993466, 0.000000, 
178.008755, 0.000000, 
178.981563, 0.000000, 
179.940756, 0.000000, 
181.106214, 0.000000, 
181.923572, 0.000000, 
182.941470, 0.000000, 
183.928307, 0.000000, 
185.025830, 0.000000, 
185.921349, 0.000000, 
187.015934, 0.000000, 
187.830264, 0.000000, 
188.856397, 0.000000, 
189.827352, 0.000000, 
191.067403, 0.000000, 
191.896852, 0.000000, 
192.904073, 0.000000, 
194.187612, 0.000000, 
194.841269, 0.000000, 
195.997835, 0.000000, 
196.827281, 0.000000, 
198.081741, 0.000000, 
199.173709, 0.000000, 
