0.337539, 0.000000, 
0.560584, 0.000000, 
2.419186, 0.000000, 
3.277247, 0.000000, 
4.026415, 0.000000, 
5.193050, 0.000000, 
6.487576, 0.000000, 
6.746971, 0.000000, 
7.849121, 0.000000, 
9.246560, 0.000000, 
9.836037, 0.000000, 
11.194333, 0.000000, 
11.941774, 0.000000, 
13.360606, 0.000000, 
14.119946, 0.000000, 
15.486027, 0.000000, 
15.760924, 0.000000, 
17.451765, 0.000000, 
17.941197, 0.000000, 
19.147738, 0.000000, 
19.545291, 0.000000, 
20.647955, 0.000000, 
22.497496, 0.000000, 
22.774244, 0.000000, 
23.918892, 0.000000, 
25.231600, 0.000000, 
26.024013, 0.000000, 
27.152799, 0.000000, 
27.951069, 0.000000, 
28.692900, 0.000000, 
30.074786, 0.000000, 
31.390348, 0.000000, 
31.945361, 0.000000, 
32.826866, 0.000000, 
34.209416, 0.000000, 
35.495385, 0.000000, 
35.529650, 0.000000, 
36.588788, 0.000000, 
37.904237, 0.000000, 
39.319847, 0.000000, 
39.633836, 0.000000, 
41.248144, 0.000000, 
41.997895, 0.000000, 
42.517972, 0.000000, 
43.580022, 0.000000, 
45.309275, 0.000000, 
45.588447, 0.000000, 
46.702229, 0.000000, 
47.547932, 0.000000, 
48.941708, 0.000000, 
49.760613, 0.000000, 
51.392436, 0.000000, 
51.549107, 0.000000, 
53.025279, 0.000000, 
53.969006, 0.000000, 
55.436963, 0.000000, 
56.307560, 0.000000, 
57.394736, 0.000000, 
57.891990, 0.000000, 
58.904045, 0.000000, 
60.213554, 0.000000, 
60.894138, 0.000000, 
62.497865, 0.000000, 
62.862440, 0.000000, 
63.640490, 0.000000, 
64.808803, 0.000000, 
66.396089, 0.000000, 
67.153285, 0.000000, 
68.075307, 0.000000, 
69.486036, 0.000000, 
70.474451, 0.000000, 
70.825941, 0.000000, 
71.713897, 0.000000, 
72.531300, 0.000000, 
73.707255, 0.000000, 
74.969061, 0.000000, 
76.126915, 0.000000, 
76.551772, 0.000000, 
77.646092, 0.000000, 
78.633939, 0.000000, 
80.349663, 0.000000, 
80.613200, 0.000000, 
81.804443, 0.000000, 
83.336319, 0.000000, 
84.281111, 0.000000, 
84.752009, 0.000000, 
86.310854, 0.000000, 
87.150932, 0.000000, 
87.724159, 0.000000, 
88.955756, 0.000000, 
90.147419, 0.000000, 
90.967565, 0.000000, 
91.734502, 0.000000, 
93.491535, 0.000000, 
94.374737, 0.000000, 
95.341990, 0.000000, 
96.087985, 0.000000, 
96.802191, 0.000000, 
97.869710, 0.000000, 
98.816016, 0.000000, 
99.722741, 0.000000, 
101.319274, 0.000000, 
102.007142, 0.000000, 
102.851412, 0.000000, 
104.203526, 0.000000, 
104.703943, 0.000000, 
106.489792, 0.000000, 
107.363395, 0.000000, 
107.858115, 0.000000, 
109.095333, 0.000000, 
109.584045, 0.000000, 
111.028717, 0.000000, 
111.862964, 0.000000, 
112.965666, 0.000000, 
113.883643, 0.000000, 
115.058760, 0.000000, 
115.815930, 0.000000, 
116.882151, 0.000000, 
118.249867, 0.000000, 
118.785161, 0.000000, 
120.187514, 0.000000, 
120.737082, 0.000000, 
121.901988, 0.000000, 
122.578469, 0.000000, 
124.046227, 0.000000, 
124.574284, 0.000000, 
126.204291, 0.000000, 
127.181825, 0.000000, 
128.452388, 0.000000, 
129.247116, 0.000000, 
129.830692, 0.000000, 
131.142727, 0.000000, 
132.093643, 0.000000, 
133.248742, 0.000000, 
133.664282, 0.000000, 
134.707046, 0.000000, 
136.485142, 0.000000, 
136.984559, 0.000000, 
138.308087, 0.000000, 
138.536756, 0.000000, 
140.091320, 0.000000, 
140.853057, 0.000000, 
142.360719, 0.000000, 
143.029303, 0.000000, 
143.616635, 0.000000, 
144.650152, 0.000000, 
145.920145, 0.000000, 
147.384243, 0.000000, 
148.499750, 0.000000, 
148.546102, 0.000000, 
149.904501, 0.000000, 
151.201691, 0.000000, 
152.496507, 0.000000, 
152.705152, 0.000000, 
154.347697, 0.000000, 
154.561795, 0.000000, 
155.941633, 0.000000, 
157.031125, 0.000000, 
158.465710, 0.000000, 
159.199484, 0.000000, 
160.223169, 0.000000, 
161.423218, 0.000000, 
162.489379, 0.000000, 
162.702881, 0.000000, 
164.478381, 0.000000, 
165.084284, 0.000000, 
165.920977, 0.000000, 
167.470724, 0.000000, 
168.017715, 0.000000, 
168.847394, 0.000000, 
170.276581, 0.000000, 
170.817981, 0.000000, 
171.958686, 0.000000, 
173.313904, 0.000000, 
174.049660, 0.000000, 
175.232086, 0.000000, 
175.506853, 0.000000, 
176.852744, 0.000000, 
178.253855, 0.000000, 
178.693324, 0.000000, 
180.249126, 0.000000, 
180.868353, 0.000000, 
181.849912, 0.000000, 
183.369326, 0.000000, 
184.335090, 0.000000, 
185.136480, 0.000000, 
186.396965, 0.000000, 
187.436961, 0.000000, 
187.817035, 0.000000, 
188.868582, 0.000000, 
190.269871, 0.000000, 
191.461220, 0.000000, 
192.434847, 0.000000, 
192.718053, 0.000000, 
193.554268, 0.000000, 
194.915434, 0.000000, 
195.780672, 0.000000, 
196.893581, 0.000000, 
197.699611, 0.000000, 
198.659006, 0.000000, 
