0.396953, 0.000000, 
1.333082, 0.000000, 
2.245903, 0.000000, 
3.453210, 0.000000, 
4.022148, 0.000000, 
4.547580, 0.000000, 
5.612769, 0.000000, 
7.446608, 0.000000, 
7.890314, 0.000000, 
8.921863, 0.000000, 
10.406012, 0.000000, 
10.665130, 0.000000, 
11.991828, 0.000000, 
13.079529, 0.000000, 
14.111627, 0.000000, 
14.685764, 0.000000, 
16.325388, 0.000000, 
17.200570, 0.000000, 
17.580793, 0.000000, 
18.907332, 0.000000, 
19.921411, 0.000000, 
21.290100, 0.000000, 
22.212348, 0.000000, 
23.136542, 0.000000, 
23.865658, 0.000000, 
25.054784, 0.000000, 
26.398584, 0.000000, 
26.693518, 0.000000, 
28.049615, 0.000000, 
29.196378, 0.000000, 
30.443951, 0.000000, 
31.114192, 0.000000, 
31.503797, 0.000000, 
33.324968, 0.000000, 
33.538538, 0.000000, 
34.707752, 0.000000, 
35.576202, 0.000000, 
37.093325, 0.000000, 
37.913637, 0.000000, 
38.801866, 0.000000, 
40.403193, 0.000000, 
41.479749, 0.000000, 
42.483170, 0.000000, 
42.973819, 0.000000, 
43.853282, 0.000000, 
44.790420, 0.000000, 
45.604207, 0.000000, 
47.343947, 0.000000, 
48.400802, 0.000000, 
48.553901, 0.000000, 
49.620291, 0.000000, 
51.338787, 0.000000, 
52.264125, 0.000000, 
52.523428, 0.000000, 
54.267329, 0.000000, 
54.947818, 0.000000, 
56.375783, 0.000000, 
56.643596, 0.000000, 
58.178028, 0.000000, 
59.432311, 0.000000, 
60.228598, 0.000000, 
61.449811, 0.000000, 
62.192056, 0.000000, 
63.494154, 0.000000, 
63.659209, 0.000000, 
64.592266, 0.000000, 
65.743448, 0.000000, 
67.192430, 0.000000, 
67.880511, 0.000000, 
68.566768, 0.000000, 
69.949722, 0.000000, 
71.097597, 0.000000, 
72.333811, 0.000000, 
72.645517, 0.000000, 
73.543096, 0.000000, 
74.801514, 0.000000, 
75.854085, 0.000000, 
77.448840, 0.000000, 
78.026006, 0.000000, 
78.563037, 0.000000, 
80.378675, 0.000000, 
80.748222, 0.000000, 
81.550813, 0.000000, 
82.694664, 0.000000, 
84.451313, 0.000000, 
84.899751, 0.000000, 
85.904739, 0.000000, 
86.807842, 0.000000, 
88.450523, 0.000000, 
89.158730, 0.000000, 
89.774784, 0.000000, 
91.027717, 0.000000, 
92.195635, 0.000000, 
92.747914, 0.000000, 
94.130319, 0.000000, 
94.738639, 0.000000, 
95.823023, 0.000000, 
96.831884, 0.000000, 
98.238721, 0.000000, 
98.735994, 0.000000, 
99.790194, 0.000000, 
101.185007, 0.000000, 
101.998706, 0.000000, 
102.961086, 0.000000, 
104.054836, 0.000000, 
104.872223, 0.000000, 
105.642930, 0.000000, 
107.108027, 0.000000, 
108.387853, 0.000000, 
109.003006, 0.000000, 
109.533793, 0.000000, 
111.125486, 0.000000, 
111.789696, 0.000000, 
113.474370, 0.000000, 
114.299319, 0.000000, 
115.357026, 0.000000, 
116.311139, 0.000000, 
116.617483, 0.000000, 
117.946773, 0.000000, 
119.254838, 0.000000, 
120.390435, 0.000000, 
120.807065, 0.000000, 
121.719762, 0.000000, 
122.586936, 0.000000, 
124.091806, 0.000000, 
124.716928, 0.000000, 
126.428774, 0.000000, 
127.266209, 0.000000, 
128.106594, 0.000000, 
128.660579, 0.000000, 
130.051217, 0.000000, 
130.608642, 0.000000, 
132.210994, 0.000000, 
132.813264, 0.000000, 
133.607409, 0.000000, 
134.623282, 0.000000, 
136.384626, 0.000000, 
137.492170, 0.000000, 
138.308592, 0.000000, 
139.450017, 0.000000, 
139.689061, 0.000000, 
141.396131, 0.000000, 
141.509268, 0.000000, 
142.565811, 0.000000, 
144.010868, 0.000000, 
144.529098, 0.000000, 
145.706994, 0.000000, 
147.263331, 0.000000, 
147.550866, 0.000000, 
149.079990, 0.000000, 
149.684667, 0.000000, 
150.573910, 0.000000, 
152.133059, 0.000000, 
152.514785, 0.000000, 
153.959726, 0.000000, 
154.658182, 0.000000, 
156.313675, 0.000000, 
156.808356, 0.000000, 
158.211107, 0.000000, 
159.278962, 0.000000, 
159.900430, 0.000000, 
161.339677, 0.000000, 
162.276669, 0.000000, 
162.766080, 0.000000, 
164.293003, 0.000000, 
164.552663, 0.000000, 
166.335640, 0.000000, 
166.682033, 0.000000, 
167.973863, 0.000000, 
169.185610, 0.000000, 
169.673143, 0.000000, 
171.086861, 0.000000, 
172.225190, 0.000000, 
173.301692, 0.000000, 
174.148494, 0.000000, 
175.332053, 0.000000, 
175.824842, 0.000000, 
176.923445, 0.000000, 
177.602093, 0.000000, 
179.444711, 0.000000, 
180.108058, 0.000000, 
180.510800, 0.000000, 
181.815654, 0.000000, 
182.971588, 0.000000, 
184.154002, 0.000000, 
184.542451, 0.000000, 
185.631323, 0.000000, 
186.537256, 0.000000, 
188.214046, 0.000000, 
189.082545, 0.000000, 
190.126616, 0.000000, 
190.536970, 0.000000, 
192.013772, 0.000000, 
192.518749, 0.000000, 
193.571820, 0.000000, 
194.861472, 0.000000, 
196.229948, 0.000000, 
197.297679, 0.000000, 
198.322571, 0.000000, 
199.013272, 0.000000, 
