0.255653, 0.000000, 
1.183564, 0.000000, 
2.245027, 0.000000, 
3.215298, 0.000000, 
4.138505, 0.000000, 
4.938600, 0.000000, 
5.781176, 0.000000, 
6.715581, 0.000000, 
8.283310, 0.000000, 
8.973253, 0.000000, 
9.977642, 0.000000, 
11.129319, 0.000000, 
11.750415, 0.000000, 
12.856645, 0.000000, 
13.934606, 0.000000, 
15.136482, 0.000000, 
15.829067, 0.000000, 
17.160069, 0.000000, 
18.058692, 0.000000, 
18.862414, 0.000000, 
20.027782, 0.000000, 
21.177153, 0.000000, 
21.876693, 0.000000, 
22.949044, 0.000000, 
24.200473, 0.000000, 
24.919800, 0.000000, 
26.057629, 0.000000, 
27.160005, 0.000000, 
28.062191, 0.000000, 
29.186279, 0.000000, 
29.858475, 0.000000, 
31.215967, 0.000000, 
32.166150, 0.000000, 
33.045516, 0.000000, 
34.017014, 0.000000, 
35.083340, 0.000000, 
36.105671, 0.000000, 
37.182536, 0.000000, 
38.270413, 0.000000, 
38.722641, 0.000000, 
40.117422, 0.000000, 
40.950107, 0.000000, 
41.704322, 0.000000, 
43.025134, 0.000000, 
43.996686, 0.000000, 
44.963862, 0.000000, 
45.838693, 0.000000, 
46.788755, 0.000000, 
47.936408, 0.000000, 
48.711767, 0.000000, 
50.217977, 0.000000, 
51.284347, 0.000000, 
51.794686, 0.000000, 
52.810498, 0.000000, 
53.898860, 0.000000, 
54.791317, 0.000000, 
56.184138, 0.000000, 
57.103929, 0.000000, 
57.938803, 0.000000, 
59.074399, 0.000000, 
59.791221, 0.000000, 
60.731381, 0.000000, 
61.950858, 0.000000, 
63.183087, 0.000000, 
63.867153, 0.000000, 
64.807336, 0.000000, 
65.959905, 0.000000, 
67.229620, 0.000000, 
68.262446, 0.000000, 
69.093394, 0.000000, 
69.893537, 0.000000, 
70.980103, 0.000000, 
71.819706, 0.000000, 
72.763816, 0.000000, 
73.796220, 0.000000, 
74.790931, 0.000000, 
75.942846, 0.000000, 
77.086905, 0.000000, 
78.156711, 0.000000, 
78.903462, 0.000000, 
79.733018, 0.000000, 
80.869290, 0.000000, 
82.268150, 0.000000, 
83.059936, 0.000000, 
84.222799, 0.000000, 
84.783763, 0.000000, 
86.159885, 0.000000, 
87.209053, 0.000000, 
87.811822, 0.000000, 
89.261008, 0.000000, 
89.743841, 0.000000, 
90.843847, 0.000000, 
92.218701, 0.000000, 
93.149593, 0.000000, 
93.749535, 0.000000, 
95.060407, 0.000000, 
95.809483, 0.000000, 
96.891850, 0.000000, 
97.995184, 0.000000, 
98.949647, 0.000000, 
99.815447, 0.000000, 
100.855979, 0.000000, 
102.176796, 0.000000, 
102.958258, 0.000000, 
104.053336, 0.000000, 
104.791898, 0.000000, 
106.233897, 0.000000, 
107.192614, 0.000000, 
108.088747, 0.000000, 
108.949603, 0.000000, 
110.276404, 0.000000, 
110.958565, 0.000000, 
112.014484, 0.000000, 
113.111126, 0.000000, 
114.197297, 0.000000, 
114.948374, 0.000000, 
115.858367, 0.000000, 
117.053121, 0.000000, 
117.809547, 0.000000, 
119.228884, 0.000000, 
119.907157, 0.000000, 
120.724553, 0.000000, 
122.008243, 0.000000, 
122.894125, 0.000000, 
123.823612, 0.000000, 
124.876758, 0.000000, 
125.853817, 0.000000, 
127.276805, 0.000000, 
128.171876, 0.000000, 
129.013161, 0.000000, 
130.131851, 0.000000, 
130.905819, 0.000000, 
131.848426, 0.000000, 
133.222185, 0.000000, 
134.271643, 0.000000, 
134.965530, 0.000000, 
135.927026, 0.000000, 
136.880432, 0.000000, 
138.143286, 0.000000, 
138.718299, 0.000000, 
139.874312, 0.000000, 
141.200288, 0.000000, 
141.738697, 0.000000, 
143.010251, 0.000000, 
144.013472, 0.000000, 
144.737564, 0.000000, 
145.984050, 0.000000, 
146.833494, 0.000000, 
147.716117, 0.000000, 
148.743503, 0.000000, 
149.937483, 0.000000, 
150.923989, 0.000000, 
151.735837, 0.000000, 
152.931404, 0.000000, 
153.905555, 0.000000, 
155.102653, 0.000000, 
155.775924, 0.000000, 
157.130104, 0.000000, 
157.948266, 0.000000, 
158.914641, 0.000000, 
160.277739, 0.000000, 
160.990804, 0.000000, 
162.245993, 0.000000, 
162.994131, 0.000000, 
163.730581, 0.000000, 
165.161492, 0.000000, 
165.856425, 0.000000, 
167.269323, 0.000000, 
167.708091, 0.000000, 
169.053438, 0.000000, 
170.010313, 0.000000, 
170.789594, 0.000000, 
171.878099, 0.000000, 
173.004527, 0.000000, 
173.811377, 0.000000, 
175.235756, 0.000000, 
176.254209, 0.000000, 
177.107094, 0.000000, 
177.962879, 0.000000, 
179.210805, 0.000000, 
180.187619, 0.000000, 
180.873860, 0.000000, 
181.971150, 0.000000, 
183.207697, 0.000000, 
184.177593, 0.000000, 
185.206705, 0.000000, 
186.103301, 0.000000, 
187.142264, 0.000000, 
187.999395, 0.000000, 
188.764176, 0.000000, 
189.762212, 0.000000, 
190.903361, 0.000000, 
191.912539, 0.000000, 
193.264193, 0.000000, 
194.270857, 0.000000, 
195.191231, 0.000000, 
195.847714, 0.000000, 
197.222821, 0.000000, 
197.754781, 0.000000, 
198.737451, 0.000000, 
