0.228776, 0.000000, 
0.624300, 0.000000, 
2.262227, 0.000000, 
3.383398, 0.000000, 
3.722993, 0.000000, 
5.128299, 0.000000, 
5.654990, 0.000000, 
7.323742, 0.000000, 
8.224918, 0.000000, 
9.374718, 0.000000, 
9.694912, 0.000000, 
10.617244, 0.000000, 
12.150305, 0.000000, 
12.906080, 0.000000, 
13.836920, 0.000000, 
15.368332, 0.000000, 
16.131709, 0.000000, 
17.392197, 0.000000, 
18.235315, 0.000000, 
18.735537, 0.000000, 
19.879736, 0.000000, 
21.212287, 0.000000, 
21.731898, 0.000000, 
23.364472, 0.000000, 
23.884302, 0.000000, 
24.852514, 0.000000, 
25.824053, 0.000000, 
27.097708, 0.000000, 
27.630871, 0.000000, 
28.807576, 0.000000, 
30.016938, 0.000000, 
31.398455, 0.000000, 
32.342867, 0.000000, 
32.666004, 0.000000, 
34.101328, 0.000000, 
35.287787, 0.000000, 
35.945054, 0.000000, 
36.807396, 0.000000, 
38.121925, 0.000000, 
39.305203, 0.000000, 
40.187606, 0.000000, 
40.908176, 0.000000, 
41.929511, 0.000000, 
43.084357, 0.000000, 
44.243474, 0.000000, 
44.925814, 0.000000, 
45.885923, 0.000000, 
46.718534, 0.000000, 
47.685677, 0.000000, 
48.979637, 0.000000, 
49.921731, 0.000000, 
50.942028, 0.000000, 
52.013705, 0.000000, 
53.282274, 0.000000, 
54.238289, 0.000000, 
55.173590, 0.000000, 
55.715413, 0.000000, 
57.038734, 0.000000, 
57.753756, 0.000000, 
59.351416, 0.000000, 
59.684112, 0.000000, 
60.859125, 0.000000, 
62.351577, 0.000000, 
63.025192, 0.000000, 
64.154032, 0.000000, 
64.601322, 0.000000, 
65.879934, 0.000000, 
67.104701, 0.000000, 
67.940653, 0.000000, 
69.177151, 0.000000, 
69.870483, 0.000000, 
71.310963, 0.000000, 
72.357905, 0.000000, 
72.909791, 0.000000, 
73.830649, 0.000000, 
75.202344, 0.000000, 
76.091268, 0.000000, 
76.891927, 0.000000, 
78.294219, 0.000000, 
78.917386, 0.000000, 
80.262410, 0.000000, 
81.004783, 0.000000, 
82.109380, 0.000000, 
83.266350, 0.000000, 
84.300604, 0.000000, 
84.940912, 0.000000, 
85.866872, 0.000000, 
87.050394, 0.000000, 
88.253817, 0.000000, 
88.601859, 0.000000, 
89.846950, 0.000000, 
90.780253, 0.000000, 
91.735158, 0.000000, 
93.318028, 0.000000, 
93.753393, 0.000000, 
94.855207, 0.000000, 
95.994210, 0.000000, 
96.836925, 0.000000, 
97.617544, 0.000000, 
98.881436, 0.000000, 
100.238501, 0.000000, 
100.649278, 0.000000, 
102.321637, 0.000000, 
103.357206, 0.000000, 
103.627023, 0.000000, 
104.699244, 0.000000, 
106.258313, 0.000000, 
106.740327, 0.000000, 
108.207392, 0.000000, 
109.379669, 0.000000, 
110.117861, 0.000000, 
110.748613, 0.000000, 
112.096377, 0.000000, 
113.095266, 0.000000, 
113.705521, 0.000000, 
114.844940, 0.000000, 
116.055296, 0.000000, 
116.825632, 0.000000, 
117.612748, 0.000000, 
119.000243, 0.000000, 
119.634629, 0.000000, 
120.760617, 0.000000, 
122.305732, 0.000000, 
123.226072, 0.000000, 
123.691097, 0.000000, 
124.911810, 0.000000, 
125.707754, 0.000000, 
126.728849, 0.000000, 
128.326415, 0.000000, 
128.800117, 0.000000, 
129.728193, 0.000000, 
130.897365, 0.000000, 
131.933220, 0.000000, 
132.758457, 0.000000, 
134.246440, 0.000000, 
134.841525, 0.000000, 
136.086802, 0.000000, 
136.835105, 0.000000, 
137.707767, 0.000000, 
138.672329, 0.000000, 
139.843467, 0.000000, 
140.718865, 0.000000, 
141.793773, 0.000000, 
142.991757, 0.000000, 
143.786734, 0.000000, 
145.009617, 0.000000, 
146.080891, 0.000000, 
147.101934, 0.000000, 
147.766532, 0.000000, 
149.352291, 0.000000, 
149.729921, 0.000000, 
151.344206, 0.000000, 
151.956521, 0.000000, 
152.747050, 0.000000, 
154.299722, 0.000000, 
154.895422, 0.000000, 
156.006855, 0.000000, 
156.807797, 0.000000, 
157.818822, 0.000000, 
159.072947, 0.000000, 
160.127362, 0.000000, 
161.082346, 0.000000, 
161.643621, 0.000000, 
163.005911, 0.000000, 
163.726064, 0.000000, 
164.722485, 0.000000, 
166.049350, 0.000000, 
167.018590, 0.000000, 
168.385664, 0.000000, 
169.255035, 0.000000, 
169.943888, 0.000000, 
171.190540, 0.000000, 
172.093939, 0.000000, 
172.902656, 0.000000, 
174.392315, 0.000000, 
175.186852, 0.000000, 
176.378821, 0.000000, 
176.841953, 0.000000, 
177.884215, 0.000000, 
179.168265, 0.000000, 
179.917059, 0.000000, 
180.902893, 0.000000, 
181.990636, 0.000000, 
182.971997, 0.000000, 
184.247381, 0.000000, 
185.188967, 0.000000, 
186.215733, 0.000000, 
187.163881, 0.000000, 
187.752618, 0.000000, 
188.919104, 0.000000, 
189.714902, 0.000000, 
190.811528, 0.000000, 
192.316311, 0.000000, 
193.322590, 0.000000, 
194.247307, 0.000000, 
195.268353, 0.000000, 
196.018995, 0.000000, 
196.813214, 0.000000, 
198.349977, 0.000000, 
199.159321, 0.000000, 
