0.113966, 0.000000, 
0.806434, 0.000000, 
1.860370, 0.000000, 
2.700059, 0.000000, 
4.202617, 0.000000, 
4.849670, 0.000000, 
6.038728, 0.000000, 
7.111707, 0.000000, 
7.709554, 0.000000, 
9.030038, 0.000000, 
10.031086, 0.000000, 
10.884494, 0.000000, 
12.135824, 0.000000, 
13.205608, 0.000000, 
13.804548, 0.000000, 
15.176825, 0.000000, 
15.988847, 0.000000, 
16.796027, 0.000000, 
18.068361, 0.000000, 
18.704882, 0.000000, 
20.289392, 0.000000, 
21.168175, 0.000000, 
22.003243, 0.000000, 
23.288200, 0.000000, 
24.094615, 0.000000, 
24.796759, 0.000000, 
26.120959, 0.000000, 
26.835768, 0.000000, 
27.893359, 0.000000, 
28.762817, 0.000000, 
30.082017, 0.000000, 
30.721411, 0.000000, 
31.791072, 0.000000, 
32.873365, 0.000000, 
33.927691, 0.000000, 
35.113979, 0.000000, 
35.823440, 0.000000, 
37.055188, 0.000000, 
37.879362, 0.000000, 
39.072824, 0.000000, 
39.954622, 0.000000, 
40.918561, 0.000000, 
42.264564, 0.000000, 
42.702856, 0.000000, 
43.843579, 0.000000, 
44.911961, 0.000000, 
46.237096, 0.000000, 
46.935000, 0.000000, 
47.982142, 0.000000, 
49.182851, 0.000000, 
50.093375, 0.000000, 
51.053123, 0.000000, 
52.209503, 0.000000, 
53.269150, 0.000000, 
54.012282, 0.000000, 
55.000230, 0.000000, 
56.117874, 0.000000, 
56.856945, 0.000000, 
58.143486, 0.000000, 
58.911366, 0.000000, 
60.133088, 0.000000, 
60.904506, 0.000000, 
62.238917, 0.000000, 
62.731164, 0.000000, 
64.083538, 0.000000, 
65.152696, 0.000000, 
66.038999, 0.000000, 
66.927700, 0.000000, 
68.125366, 0.000000, 
69.273551, 0.000000, 
70.150076, 0.000000, 
70.901749, 0.000000, 
71.880553, 0.000000, 
73.295876, 0.000000, 
73.857765, 0.000000, 
74.874158, 0.000000, 
75.913380, 0.000000, 
77.232037, 0.000000, 
77.981890, 0.000000, 
79.155836, 0.000000, 
79.936504, 0.000000, 
80.920882, 0.000000, 
82.231728, 0.000000, 
83.040085, 0.000000, 
84.174292, 0.000000, 
84.857160, 0.000000, 
86.255958, 0.000000, 
87.027954, 0.000000, 
88.063563, 0.000000, 
88.944789, 0.000000, 
90.292343, 0.000000, 
91.136779, 0.000000, 
92.184629, 0.000000, 
92.759258, 0.000000, 
93.808862, 0.000000, 
94.972910, 0.000000, 
95.785177, 0.000000, 
96.756782, 0.000000, 
97.715745, 0.000000, 
98.860192, 0.000000, 
100.275407, 0.000000, 
100.893181, 0.000000, 
101.904699, 0.000000, 
103.077362, 0.000000, 
104.021235, 0.000000, 
105.182194, 0.000000, 
105.867188, 0.000000, 
106.967446, 0.000000, 
108.163278, 0.000000, 
109.240806, 0.000000, 
109.775523, 0.000000, 
110.911656, 0.000000, 
111.900273, 0.000000, 
112.864808, 0.000000, 
113.793946, 0.000000, 
114.786940, 0.000000, 
115.843002, 0.000000, 
117.066824, 0.000000, 
118.277668, 0.000000, 
118.887671, 0.000000, 
119.807103, 0.000000, 
120.723072, 0.000000, 
122.191269, 0.000000, 
122.873851, 0.000000, 
124.267081, 0.000000, 
124.902067, 0.000000, 
126.078550, 0.000000, 
126.755331, 0.000000, 
128.175424, 0.000000, 
128.964789, 0.000000, 
130.089707, 0.000000, 
131.249132, 0.000000, 
131.736178, 0.000000, 
132.824003, 0.000000, 
133.836191, 0.000000, 
135.027843, 0.000000, 
135.916474, 0.000000, 
137.194529, 0.000000, 
137.921926, 0.000000, 
138.710061, 0.000000, 
140.191342, 0.000000, 
140.929575, 0.000000, 
142.249945, 0.000000, 
142.938064, 0.000000, 
144.053222, 0.000000, 
145.207124, 0.000000, 
146.212354, 0.000000, 
146.841837, 0.000000, 
147.917769, 0.000000, 
149.165008, 0.000000, 
150.298657, 0.000000, 
150.971277, 0.000000, 
151.902436, 0.000000, 
152.700734, 0.000000, 
153.945674, 0.000000, 
154.783432, 0.000000, 
155.967784, 0.000000, 
157.176406, 0.000000, 
157.977475, 0.000000, 
158.975658, 0.000000, 
160.280883, 0.000000, 
160.703329, 0.000000, 
161.968995, 0.000000, 
162.734048, 0.000000, 
163.941278, 0.000000, 
164.952716, 0.000000, 
165.741948, 0.000000, 
167.287812, 0.000000, 
168.244408, 0.000000, 
169.278647, 0.000000, 
170.050985, 0.000000, 
171.230794, 0.000000, 
172.027346, 0.000000, 
172.901025, 0.000000, 
173.924355, 0.000000, 
175.000212, 0.000000, 
175.786258, 0.000000, 
177.141667, 0.000000, 
178.025883, 0.000000, 
179.151051, 0.000000, 
179.882180, 0.000000, 
180.708134, 0.000000, 
181.816699, 0.000000, 
183.167165, 0.000000, 
183.889978, 0.000000, 
184.992902, 0.000000, 
185.788335, 0.000000, 
187.052776, 0.000000, 
188.131212, 0.000000, 
188.870050, 0.000000, 
190.161433, 0.000000, 
191.235414, 0.000000, 
192.170153, 0.000000, 
193.160386, 0.000000, 
193.913345, 0.000000, 
194.813678, 0.000000, 
195.797635, 0.000000, 
196.812264, 0.000000, 
197.876806, 0.000000, 
199.153563, 0.000000, 
