0.060418, 0.000000, 
0.858862, 0.000000, 
2.100540, 0.000000, 
2.940400, 0.000000, 
4.039052, 0.000000, 
4.846743, 0.000000, 
6.150770, 0.000000, 
6.716995, 0.000000, 
8.136530, 0.000000, 
9.037058, 0.000000, 
9.948955, 0.000000, 
10.742394, 0.000000, 
12.143413, 0.000000, 
13.069612, 0.000000, 
14.158429, 0.000000, 
15.007649, 0.000000, 
15.804418, 0.000000, 
17.147384, 0.000000, 
17.995973, 0.000000, 
18.798351, 0.000000, 
19.846544, 0.000000, 
20.963697, 0.000000, 
22.108720, 0.000000, 
23.134902, 0.000000, 
23.965030, 0.000000, 
24.727198, 0.000000, 
26.190969, 0.000000, 
26.765420, 0.000000, 
27.872656, 0.000000, 
28.982225, 0.000000, 
29.722735, 0.000000, 
31.017962, 0.000000, 
32.264999, 0.000000, 
32.913274, 0.000000, 
33.777391, 0.000000, 
35.218352, 0.000000, 
36.267814, 0.000000, 
36.873626, 0.000000, 
38.185159, 0.000000, 
38.807383, 0.000000, 
40.129891, 0.000000, 
40.736227, 0.000000, 
42.266178, 0.000000, 
42.895851, 0.000000, 
43.837866, 0.000000, 
44.892925, 0.000000, 
45.739495, 0.000000, 
46.973949, 0.000000, 
48.205888, 0.000000, 
49.025448, 0.000000, 
49.908220, 0.000000, 
51.163397, 0.000000, 
52.146905, 0.000000, 
53.132216, 0.000000, 
54.080392, 0.000000, 
55.127248, 0.000000, 
55.750509, 0.000000, 
56.937164, 0.000000, 
57.707358, 0.000000, 
59.179186, 0.000000, 
60.077114, 0.000000, 
61.250264, 0.000000, 
61.742540, 0.000000, 
63.047205, 0.000000, 
64.088632, 0.000000, 
65.093483, 0.000000, 
65.779294, 0.000000, 
67.245338, 0.000000, 
68.110912, 0.000000, 
69.047302, 0.000000, 
69.844899, 0.000000, 
70.703230, 0.000000, 
71.806847, 0.000000, 
73.252031, 0.000000, 
73.854219, 0.000000, 
75.099766, 0.000000, 
75.759528, 0.000000, 
76.728476, 0.000000, 
78.023629, 0.000000, 
78.943609, 0.000000, 
80.257152, 0.000000, 
80.952464, 0.000000, 
81.897680, 0.000000, 
83.290056, 0.000000, 
84.199203, 0.000000, 
84.786005, 0.000000, 
85.917256, 0.000000, 
87.097236, 0.000000, 
88.110443, 0.000000, 
89.265724, 0.000000, 
89.750094, 0.000000, 
90.831804, 0.000000, 
91.728723, 0.000000, 
92.935785, 0.000000, 
93.776158, 0.000000, 
94.705642, 0.000000, 
95.853218, 0.000000, 
96.912835, 0.000000, 
98.158130, 0.000000, 
98.990586, 0.000000, 
99.827701, 0.000000, 
100.756239, 0.000000, 
102.076963, 0.000000, 
102.871681, 0.000000, 
103.730876, 0.000000, 
105.020179, 0.000000, 
106.071431, 0.000000, 
107.049464, 0.000000, 
108.115896, 0.000000, 
109.162952, 0.000000, 
110.268376, 0.000000, 
111.237987, 0.000000, 
111.878713, 0.000000, 
113.272051, 0.000000, 
114.210694, 0.000000, 
114.830880, 0.000000, 
115.934626, 0.000000, 
116.906143, 0.000000, 
118.197722, 0.000000, 
119.046567, 0.000000, 
119.732115, 0.000000, 
120.832628, 0.000000, 
122.037363, 0.000000, 
123.241057, 0.000000, 
123.915617, 0.000000, 
125.171981, 0.000000, 
125.821092, 0.000000, 
126.756152, 0.000000, 
128.076563, 0.000000, 
128.861318, 0.000000, 
130.230184, 0.000000, 
131.244029, 0.000000, 
132.191799, 0.000000, 
133.205936, 0.000000, 
134.062972, 0.000000, 
134.802590, 0.000000, 
135.805570, 0.000000, 
136.910391, 0.000000, 
138.235343, 0.000000, 
138.885075, 0.000000, 
139.868767, 0.000000, 
140.910168, 0.000000, 
141.996064, 0.000000, 
142.714261, 0.000000, 
143.938286, 0.000000, 
145.171048, 0.000000, 
145.752222, 0.000000, 
146.846201, 0.000000, 
148.041747, 0.000000, 
149.057965, 0.000000, 
150.048482, 0.000000, 
151.271296, 0.000000, 
152.299755, 0.000000, 
153.072688, 0.000000, 
153.790898, 0.000000, 
154.721482, 0.000000, 
156.121232, 0.000000, 
156.844048, 0.000000, 
157.879029, 0.000000, 
159.144871, 0.000000, 
159.887462, 0.000000, 
161.111697, 0.000000, 
161.873370, 0.000000, 
162.970566, 0.000000, 
164.129377, 0.000000, 
164.751475, 0.000000, 
165.820808, 0.000000, 
167.070222, 0.000000, 
168.119732, 0.000000, 
169.132469, 0.000000, 
169.798940, 0.000000, 
170.974857, 0.000000, 
172.173096, 0.000000, 
173.179768, 0.000000, 
173.702905, 0.000000, 
175.283373, 0.000000, 
176.099861, 0.000000, 
176.841652, 0.000000, 
178.114001, 0.000000, 
179.176167, 0.000000, 
179.805319, 0.000000, 
180.746553, 0.000000, 
182.275906, 0.000000, 
183.057801, 0.000000, 
183.860537, 0.000000, 
185.087823, 0.000000, 
185.800726, 0.000000, 
186.951457, 0.000000, 
188.230657, 0.000000, 
189.173667, 0.000000, 
190.178583, 0.000000, 
190.941226, 0.000000, 
191.867193, 0.000000, 
192.706563, 0.000000, 
193.918138, 0.000000, 
194.751554, 0.000000, 
196.154782, 0.000000, 
197.275140, 0.000000, 
198.012818, 0.000000, 
198.766938, 0.000000, 
