0.212725, 0.000000, 
0.842685, 0.000000, 
1.928160, 0.000000, 
3.131310, 0.000000, 
4.205260, 0.000000, 
5.417057, 0.000000, 
6.169208, 0.000000, 
7.427587, 0.000000, 
8.036576, 0.000000, 
9.425757, 0.000000, 
10.321740, 0.000000, 
10.551736, 0.000000, 
12.463660, 0.000000, 
12.772931, 0.000000, 
14.207349, 0.000000, 
15.020179, 0.000000, 
15.857964, 0.000000, 
16.823551, 0.000000, 
18.010870, 0.000000, 
18.533781, 0.000000, 
20.494251, 0.000000, 
20.833677, 0.000000, 
21.924050, 0.000000, 
22.827676, 0.000000, 
23.800149, 0.000000, 
24.751954, 0.000000, 
26.452816, 0.000000, 
26.683966, 0.000000, 
28.036741, 0.000000, 
28.893744, 0.000000, 
29.714039, 0.000000, 
30.620880, 0.000000, 
32.077409, 0.000000, 
33.168690, 0.000000, 
33.998403, 0.000000, 
35.083267, 0.000000, 
35.737612, 0.000000, 
36.533239, 0.000000, 
37.538974, 0.000000, 
39.457968, 0.000000, 
39.857963, 0.000000, 
41.198607, 0.000000, 
41.826745, 0.000000, 
42.738165, 0.000000, 
44.304291, 0.000000, 
45.002522, 0.000000, 
45.811700, 0.000000, 
46.523948, 0.000000, 
48.479689, 0.000000, 
49.460835, 0.000000, 
50.087704, 0.000000, 
51.343690, 0.000000, 
51.583797, 0.000000, 
52.782168, 0.000000, 
54.233911, 0.000000, 
55.265699, 0.000000, 
56.411382, 0.000000, 
56.649612, 0.000000, 
58.495547, 0.000000, 
58.797199, 0.000000, 
59.831361, 0.000000, 
61.150212, 0.000000, 
62.032788, 0.000000, 
62.815966, 0.000000, 
63.922851, 0.000000, 
65.390023, 0.000000, 
66.432715, 0.000000, 
66.675853, 0.000000, 
68.464532, 0.000000, 
68.680079, 0.000000, 
70.385562, 0.000000, 
71.310398, 0.000000, 
72.050069, 0.000000, 
73.051299, 0.000000, 
73.661997, 0.000000, 
75.443094, 0.000000, 
75.804748, 0.000000, 
76.953816, 0.000000, 
77.618919, 0.000000, 
79.360372, 0.000000, 
79.840916, 0.000000, 
80.622666, 0.000000, 
82.063748, 0.000000, 
82.520625, 0.000000, 
84.013906, 0.000000, 
85.238265, 0.000000, 
86.203355, 0.000000, 
86.765719, 0.000000, 
88.029676, 0.000000, 
89.019423, 0.000000, 
89.593944, 0.000000, 
90.862793, 0.000000, 
92.297731, 0.000000, 
92.614279, 0.000000, 
94.233656, 0.000000, 
95.153434, 0.000000, 
96.203304, 0.000000, 
96.826727, 0.000000, 
97.655198, 0.000000, 
98.701152, 0.000000, 
100.298065, 0.000000, 
101.323664, 0.000000, 
102.222120, 0.000000, 
102.971874, 0.000000, 
104.487449, 0.000000, 
104.744905, 0.000000, 
105.632366, 0.000000, 
107.025319, 0.000000, 
107.710545, 0.000000, 
108.973004, 0.000000, 
110.324373, 0.000000, 
110.511009, 0.000000, 
111.827576, 0.000000, 
112.881320, 0.000000, 
113.612330, 0.000000, 
114.528863, 0.000000, 
116.276956, 0.000000, 
116.595937, 0.000000, 
118.082515, 0.000000, 
119.041282, 0.000000, 
120.202541, 0.000000, 
121.464916, 0.000000, 
122.039706, 0.000000, 
122.882722, 0.000000, 
124.239688, 0.000000, 
124.766128, 0.000000, 
126.442865, 0.000000, 
126.688032, 0.000000, 
127.616469, 0.000000, 
129.072694, 0.000000, 
130.242634, 0.000000, 
131.343168, 0.000000, 
131.618582, 0.000000, 
132.997614, 0.000000, 
133.781959, 0.000000, 
134.531808, 0.000000, 
136.299572, 0.000000, 
136.883877, 0.000000, 
138.087945, 0.000000, 
139.056705, 0.000000, 
140.420233, 0.000000, 
141.172829, 0.000000, 
141.629923, 0.000000, 
143.255346, 0.000000, 
143.505471, 0.000000, 
145.065176, 0.000000, 
145.677532, 0.000000, 
147.314346, 0.000000, 
148.341281, 0.000000, 
149.260502, 0.000000, 
150.458120, 0.000000, 
151.109323, 0.000000, 
152.076448, 0.000000, 
152.677975, 0.000000, 
154.199252, 0.000000, 
154.755006, 0.000000, 
156.132112, 0.000000, 
157.348809, 0.000000, 
157.576767, 0.000000, 
159.212169, 0.000000, 
159.764333, 0.000000, 
161.432467, 0.000000, 
162.017326, 0.000000, 
162.669541, 0.000000, 
164.398621, 0.000000, 
164.578684, 0.000000, 
165.708311, 0.000000, 
166.514895, 0.000000, 
168.252632, 0.000000, 
169.068359, 0.000000, 
170.307593, 0.000000, 
171.321282, 0.000000, 
171.959678, 0.000000, 
173.009323, 0.000000, 
174.061290, 0.000000, 
174.721173, 0.000000, 
175.828986, 0.000000, 
176.884695, 0.000000, 
178.267618, 0.000000, 
179.003819, 0.000000, 
180.434435, 0.000000, 
180.816993, 0.000000, 
181.507962, 0.000000, 
182.737776, 0.000000, 
183.798180, 0.000000, 
185.378757, 0.000000, 
185.669097, 0.000000, 
187.272411, 0.000000, 
187.751733, 0.000000, 
189.010052, 0.000000, 
190.222275, 0.000000, 
191.419123, 0.000000, 
191.964756, 0.000000, 
193.145374, 0.000000, 
193.736301, 0.000000, 
194.681325, 0.000000, 
195.990178, 0.000000, 
197.104756, 0.000000, 
197.787955, 0.000000, 
199.328609, 0.000000, 
