0.088878, 0.000000, 
0.989436, 0.000000, 
1.900958, 0.000000, 
2.940992, 0.000000, 
3.998247, 0.000000, 
4.801654, 0.000000, 
5.998483, 0.000000, 
7.012183, 0.000000, 
8.055162, 0.000000, 
9.034828, 0.000000, 
10.175011, 0.000000, 
11.195327, 0.000000, 
11.885568, 0.000000, 
12.813361, 0.000000, 
13.957685, 0.000000, 
14.962777, 0.000000, 
16.049827, 0.000000, 
16.962967, 0.000000, 
18.076440, 0.000000, 
18.875933, 0.000000, 
20.045138, 0.000000, 
20.887717, 0.000000, 
21.815100, 0.000000, 
23.080842, 0.000000, 
24.021161, 0.000000, 
24.936901, 0.000000, 
25.901170, 0.000000, 
26.867862, 0.000000, 
28.137701, 0.000000, 
28.870746, 0.000000, 
29.957981, 0.000000, 
30.941878, 0.000000, 
32.103998, 0.000000, 
32.969018, 0.000000, 
33.841232, 0.000000, 
35.195470, 0.000000, 
36.129532, 0.000000, 
37.100193, 0.000000, 
37.972541, 0.000000, 
38.949765, 0.000000, 
39.800938, 0.000000, 
41.058758, 0.000000, 
41.895714, 0.000000, 
43.132299, 0.000000, 
43.991080, 0.000000, 
44.861294, 0.000000, 
45.873402, 0.000000, 
47.196548, 0.000000, 
48.058125, 0.000000, 
48.889252, 0.000000, 
49.805691, 0.000000, 
51.070662, 0.000000, 
52.188666, 0.000000, 
53.140906, 0.000000, 
53.890307, 0.000000, 
55.090346, 0.000000, 
55.815779, 0.000000, 
57.101150, 0.000000, 
57.975593, 0.000000, 
59.003982, 0.000000, 
59.830591, 0.000000, 
61.044015, 0.000000, 
61.956374, 0.000000, 
62.901503, 0.000000, 
64.087017, 0.000000, 
65.149539, 0.000000, 
65.844657, 0.000000, 
67.157956, 0.000000, 
68.129087, 0.000000, 
68.941516, 0.000000, 
70.065821, 0.000000, 
70.878101, 0.000000, 
72.008463, 0.000000, 
73.181362, 0.000000, 
74.172727, 0.000000, 
75.111528, 0.000000, 
76.085198, 0.000000, 
77.064449, 0.000000, 
78.066679, 0.000000, 
79.126660, 0.000000, 
80.127371, 0.000000, 
81.060896, 0.000000, 
82.082735, 0.000000, 
83.052434, 0.000000, 
84.005399, 0.000000, 
85.042374, 0.000000, 
85.829463, 0.000000, 
86.879146, 0.000000, 
87.892259, 0.000000, 
88.953430, 0.000000, 
89.937203, 0.000000, 
91.198458, 0.000000, 
91.824701, 0.000000, 
92.833466, 0.000000, 
93.858995, 0.000000, 
95.107862, 0.000000, 
95.925451, 0.000000, 
97.153200, 0.000000, 
98.006328, 0.000000, 
99.107042, 0.000000, 
99.861617, 0.000000, 
101.061661, 0.000000, 
101.947560, 0.000000, 
103.091442, 0.000000, 
103.947980, 0.000000, 
104.863543, 0.000000, 
105.968490, 0.000000, 
107.070946, 0.000000, 
107.808235, 0.000000, 
109.122155, 0.000000, 
109.953807, 0.000000, 
111.147765, 0.000000, 
111.827687, 0.000000, 
112.827850, 0.000000, 
114.091181, 0.000000, 
114.943623, 0.000000, 
115.901705, 0.000000, 
116.965315, 0.000000, 
118.161257, 0.000000, 
118.866664, 0.000000, 
120.172054, 0.000000, 
121.085068, 0.000000, 
122.153664, 0.000000, 
123.150867, 0.000000, 
123.913053, 0.000000, 
124.832377, 0.000000, 
126.048681, 0.000000, 
126.932276, 0.000000, 
127.846407, 0.000000, 
129.036499, 0.000000, 
130.077395, 0.000000, 
131.037407, 0.000000, 
131.809435, 0.000000, 
132.829201, 0.000000, 
133.925641, 0.000000, 
135.117591, 0.000000, 
136.177577, 0.000000, 
137.057698, 0.000000, 
138.127190, 0.000000, 
139.006353, 0.000000, 
140.074355, 0.000000, 
140.966409, 0.000000, 
142.082452, 0.000000, 
142.831171, 0.000000, 
144.105978, 0.000000, 
145.142027, 0.000000, 
146.062318, 0.000000, 
147.197880, 0.000000, 
147.905725, 0.000000, 
149.148477, 0.000000, 
150.000667, 0.000000, 
151.020844, 0.000000, 
152.175461, 0.000000, 
153.035117, 0.000000, 
154.195562, 0.000000, 
154.865624, 0.000000, 
155.832539, 0.000000, 
157.164576, 0.000000, 
158.188327, 0.000000, 
159.041512, 0.000000, 
159.988715, 0.000000, 
161.044912, 0.000000, 
161.887625, 0.000000, 
162.927380, 0.000000, 
163.809374, 0.000000, 
164.837540, 0.000000, 
166.160660, 0.000000, 
167.193852, 0.000000, 
167.943251, 0.000000, 
168.934666, 0.000000, 
170.133973, 0.000000, 
170.965837, 0.000000, 
171.827724, 0.000000, 
173.138063, 0.000000, 
174.163101, 0.000000, 
174.814413, 0.000000, 
175.807932, 0.000000, 
176.894724, 0.000000, 
177.812560, 0.000000, 
179.090913, 0.000000, 
180.077480, 0.000000, 
180.976012, 0.000000, 
182.092742, 0.000000, 
182.911329, 0.000000, 
183.934623, 0.000000, 
184.980211, 0.000000, 
185.848630, 0.000000, 
187.089922, 0.000000, 
187.990016, 0.000000, 
189.035185, 0.000000, 
190.061398, 0.000000, 
190.862725, 0.000000, 
192.171053, 0.000000, 
193.151522, 0.000000, 
193.960527, 0.000000, 
195.177774, 0.000000, 
196.161260, 0.000000, 
197.148097, 0.000000, 
198.186323, 0.000000, 
198.965277, 0.000000, 
