-0.025265, 0.000000, 
1.166914, 0.000000, 
2.193595, 0.000000, 
3.084713, 0.000000, 
3.818678, 0.000000, 
5.091562, 0.000000, 
6.189774, 0.000000, 
6.930852, 0.000000, 
7.634520, 0.000000, 
8.650088, 0.000000, 
9.923442, 0.000000, 
10.644228, 0.000000, 
11.820107, 0.000000, 
13.214621, 0.000000, 
14.140067, 0.000000, 
14.774060, 0.000000, 
15.789437, 0.000000, 
17.108895, 0.000000, 
17.713529, 0.000000, 
19.083135, 0.000000, 
20.126486, 0.000000, 
21.034950, 0.000000, 
22.044033, 0.000000, 
22.863991, 0.000000, 
23.739239, 0.000000, 
24.609501, 0.000000, 
25.868880, 0.000000, 
26.729904, 0.000000, 
28.141686, 0.000000, 
28.889968, 0.000000, 
30.233381, 0.000000, 
30.844794, 0.000000, 
31.736891, 0.000000, 
32.790483, 0.000000, 
33.802074, 0.000000, 
34.972443, 0.000000, 
35.823895, 0.000000, 
37.061062, 0.000000, 
38.212324, 0.000000, 
38.651359, 0.000000, 
39.872174, 0.000000, 
41.372223, 0.000000, 
42.138582, 0.000000, 
42.941398, 0.000000, 
44.184020, 0.000000, 
45.123045, 0.000000, 
46.355649, 0.000000, 
46.891192, 0.000000, 
47.858404, 0.000000, 
48.655693, 0.000000, 
50.145742, 0.000000, 
51.063981, 0.000000, 
52.015794, 0.000000, 
53.144221, 0.000000, 
53.683284, 0.000000, 
54.827475, 0.000000, 
55.742116, 0.000000, 
56.917355, 0.000000, 
57.796317, 0.000000, 
58.978940, 0.000000, 
59.887925, 0.000000, 
60.970556, 0.000000, 
62.033264, 0.000000, 
63.310965, 0.000000, 
63.982484, 0.000000, 
65.337255, 0.000000, 
65.694518, 0.000000, 
66.886281, 0.000000, 
67.836448, 0.000000, 
68.900827, 0.000000, 
69.981242, 0.000000, 
71.147936, 0.000000, 
71.881242, 0.000000, 
72.786683, 0.000000, 
74.013259, 0.000000, 
74.788182, 0.000000, 
76.046781, 0.000000, 
76.952580, 0.000000, 
77.917902, 0.000000, 
78.705635, 0.000000, 
80.173431, 0.000000, 
80.690824, 0.000000, 
82.342392, 0.000000, 
82.819616, 0.000000, 
84.362984, 0.000000, 
85.205015, 0.000000, 
86.213260, 0.000000, 
86.647939, 0.000000, 
87.785905, 0.000000, 
89.381355, 0.000000, 
90.107774, 0.000000, 
90.667792, 0.000000, 
91.628272, 0.000000, 
93.068625, 0.000000, 
94.257579, 0.000000, 
95.388790, 0.000000, 
96.042922, 0.000000, 
97.093865, 0.000000, 
97.867604, 0.000000, 
98.908646, 0.000000, 
100.340011, 0.000000, 
101.098689, 0.000000, 
102.139388, 0.000000, 
102.930663, 0.000000, 
103.667515, 0.000000, 
105.101482, 0.000000, 
105.994725, 0.000000, 
106.942987, 0.000000, 
108.288433, 0.000000, 
109.158120, 0.000000, 
109.753691, 0.000000, 
110.947490, 0.000000, 
111.766866, 0.000000, 
113.325472, 0.000000, 
113.650909, 0.000000, 
114.688025, 0.000000, 
115.840321, 0.000000, 
117.383857, 0.000000, 
118.114672, 0.000000, 
118.902276, 0.000000, 
120.005243, 0.000000, 
121.092373, 0.000000, 
122.256201, 0.000000, 
123.329618, 0.000000, 
124.023968, 0.000000, 
124.657823, 0.000000, 
125.813319, 0.000000, 
127.127070, 0.000000, 
128.389458, 0.000000, 
128.645506, 0.000000, 
130.063857, 0.000000, 
131.121528, 0.000000, 
131.767337, 0.000000, 
133.113195, 0.000000, 
133.745546, 0.000000, 
134.794050, 0.000000, 
135.963138, 0.000000, 
137.281105, 0.000000, 
137.667897, 0.000000, 
139.295047, 0.000000, 
139.947431, 0.000000, 
141.259098, 0.000000, 
141.802787, 0.000000, 
142.653431, 0.000000, 
144.089525, 0.000000, 
145.253019, 0.000000, 
145.899728, 0.000000, 
146.664629, 0.000000, 
147.744289, 0.000000, 
149.229696, 0.000000, 
149.837660, 0.000000, 
150.687355, 0.000000, 
151.868041, 0.000000, 
153.003770, 0.000000, 
153.971638, 0.000000, 
155.172685, 0.000000, 
155.687111, 0.000000, 
157.020578, 0.000000, 
158.276030, 0.000000, 
159.010934, 0.000000, 
160.359076, 0.000000, 
161.007732, 0.000000, 
162.014509, 0.000000, 
162.726207, 0.000000, 
163.945892, 0.000000, 
164.789785, 0.000000, 
165.630587, 0.000000, 
167.197220, 0.000000, 
167.674939, 0.000000, 
168.806376, 0.000000, 
170.367896, 0.000000, 
170.778206, 0.000000, 
171.703189, 0.000000, 
172.612995, 0.000000, 
173.910562, 0.000000, 
175.348807, 0.000000, 
176.326679, 0.000000, 
176.954604, 0.000000, 
178.205978, 0.000000, 
178.819426, 0.000000, 
179.859103, 0.000000, 
180.959044, 0.000000, 
182.270944, 0.000000, 
182.670154, 0.000000, 
183.765211, 0.000000, 
184.907833, 0.000000, 
186.060973, 0.000000, 
187.089263, 0.000000, 
187.781134, 0.000000, 
188.899260, 0.000000, 
190.309441, 0.000000, 
191.347920, 0.000000, 
192.045283, 0.000000, 
192.672309, 0.000000, 
194.003668, 0.000000, 
194.908789, 0.000000, 
196.120414, 0.000000, 
197.133160, 0.000000, 
198.144674, 0.000000, 
198.893386, 0.000000, 
