0.063657, 0.000000, 
1.070014, 0.000000, 
2.038364, 0.000000, 
2.909470, 0.000000, 
4.065584, 0.000000, 
5.028168, 0.000000, 
5.895178, 0.000000, 
7.022464, 0.000000, 
7.868144, 0.000000, 
8.866190, 0.000000, 
10.029000, 0.000000, 
10.986920, 0.000000, 
11.891677, 0.000000, 
13.271269, 0.000000, 
14.006998, 0.000000, 
15.083079, 0.000000, 
15.814959, 0.000000, 
16.950375, 0.000000, 
18.094924, 0.000000, 
18.757961, 0.000000, 
20.134986, 0.000000, 
20.717734, 0.000000, 
22.095208, 0.000000, 
23.228176, 0.000000, 
24.045207, 0.000000, 
24.895244, 0.000000, 
25.967637, 0.000000, 
27.022216, 0.000000, 
27.833344, 0.000000, 
29.072045, 0.000000, 
29.881142, 0.000000, 
30.748232, 0.000000, 
31.797405, 0.000000, 
32.903832, 0.000000, 
34.170390, 0.000000, 
34.851117, 0.000000, 
36.077314, 0.000000, 
37.024874, 0.000000, 
37.700851, 0.000000, 
39.206084, 0.000000, 
40.063738, 0.000000, 
41.060326, 0.000000, 
42.124095, 0.000000, 
43.155140, 0.000000, 
43.710252, 0.000000, 
45.267020, 0.000000, 
46.231573, 0.000000, 
46.738889, 0.000000, 
48.237066, 0.000000, 
48.796001, 0.000000, 
49.813622, 0.000000, 
50.921252, 0.000000, 
51.823065, 0.000000, 
53.087131, 0.000000, 
53.948371, 0.000000, 
54.785486, 0.000000, 
55.971912, 0.000000, 
56.891424, 0.000000, 
58.229993, 0.000000, 
58.866960, 0.000000, 
60.177324, 0.000000, 
61.075530, 0.000000, 
61.763537, 0.000000, 
62.709441, 0.000000, 
63.979345, 0.000000, 
65.158254, 0.000000, 
65.834750, 0.000000, 
67.029003, 0.000000, 
68.135356, 0.000000, 
69.089451, 0.000000, 
69.753308, 0.000000, 
70.713465, 0.000000, 
72.072738, 0.000000, 
73.229528, 0.000000, 
73.820900, 0.000000, 
75.182338, 0.000000, 
76.047369, 0.000000, 
76.845453, 0.000000, 
78.082398, 0.000000, 
79.039661, 0.000000, 
79.881941, 0.000000, 
81.084583, 0.000000, 
81.847033, 0.000000, 
83.211828, 0.000000, 
84.068697, 0.000000, 
85.098447, 0.000000, 
86.120547, 0.000000, 
86.804038, 0.000000, 
88.007520, 0.000000, 
88.873889, 0.000000, 
89.740694, 0.000000, 
91.020851, 0.000000, 
92.209105, 0.000000, 
92.918682, 0.000000, 
94.276345, 0.000000, 
95.155221, 0.000000, 
95.833093, 0.000000, 
97.183485, 0.000000, 
97.987009, 0.000000, 
99.280140, 0.000000, 
100.286793, 0.000000, 
101.215124, 0.000000, 
101.759180, 0.000000, 
102.923456, 0.000000, 
104.123865, 0.000000, 
104.864651, 0.000000, 
105.972876, 0.000000, 
106.989372, 0.000000, 
107.935758, 0.000000, 
109.075896, 0.000000, 
109.718656, 0.000000, 
111.072346, 0.000000, 
111.980529, 0.000000, 
112.751004, 0.000000, 
114.150690, 0.000000, 
115.142398, 0.000000, 
116.097409, 0.000000, 
116.942728, 0.000000, 
118.263103, 0.000000, 
118.978674, 0.000000, 
120.037582, 0.000000, 
121.202554, 0.000000, 
122.236069, 0.000000, 
122.871039, 0.000000, 
123.761444, 0.000000, 
124.850003, 0.000000, 
125.896678, 0.000000, 
127.188511, 0.000000, 
128.288710, 0.000000, 
128.703864, 0.000000, 
130.141464, 0.000000, 
131.095345, 0.000000, 
131.921287, 0.000000, 
133.265971, 0.000000, 
134.276885, 0.000000, 
134.953314, 0.000000, 
135.768903, 0.000000, 
137.178564, 0.000000, 
138.151017, 0.000000, 
138.901273, 0.000000, 
139.703634, 0.000000, 
141.143631, 0.000000, 
141.766090, 0.000000, 
142.988511, 0.000000, 
144.176099, 0.000000, 
144.786170, 0.000000, 
146.241289, 0.000000, 
146.995386, 0.000000, 
148.297797, 0.000000, 
149.268191, 0.000000, 
149.773686, 0.000000, 
151.291761, 0.000000, 
152.254304, 0.000000, 
152.812312, 0.000000, 
154.290460, 0.000000, 
155.246890, 0.000000, 
155.775886, 0.000000, 
156.885234, 0.000000, 
158.152279, 0.000000, 
158.817282, 0.000000, 
160.201567, 0.000000, 
161.125513, 0.000000, 
161.974088, 0.000000, 
163.183816, 0.000000, 
163.722261, 0.000000, 
165.100549, 0.000000, 
166.248015, 0.000000, 
166.704925, 0.000000, 
168.294702, 0.000000, 
168.775274, 0.000000, 
169.823413, 0.000000, 
170.828502, 0.000000, 
172.290374, 0.000000, 
173.127860, 0.000000, 
174.135860, 0.000000, 
175.259757, 0.000000, 
176.272351, 0.000000, 
177.156549, 0.000000, 
177.957660, 0.000000, 
179.265688, 0.000000, 
180.297538, 0.000000, 
181.053075, 0.000000, 
182.029190, 0.000000, 
182.769112, 0.000000, 
184.031768, 0.000000, 
185.001142, 0.000000, 
186.070181, 0.000000, 
187.006107, 0.000000, 
188.165439, 0.000000, 
189.001124, 0.000000, 
190.115887, 0.000000, 
190.825666, 0.000000, 
191.871388, 0.000000, 
192.929190, 0.000000, 
193.966742, 0.000000, 
194.896423, 0.000000, 
195.853710, 0.000000, 
197.215667, 0.000000, 
197.950112, 0.000000, 
199.131649, 0.000000, 
