0.028446, 0.000000, 
0.840746, 0.000000, 
1.993757, 0.000000, 
2.764946, 0.000000, 
3.873361, 0.000000, 
4.863478, 0.000000, 
6.118629, 0.000000, 
6.853699, 0.000000, 
8.193176, 0.000000, 
8.847583, 0.000000, 
9.964346, 0.000000, 
11.064148, 0.000000, 
12.072204, 0.000000, 
13.129458, 0.000000, 
13.845421, 0.000000, 
15.065145, 0.000000, 
16.060454, 0.000000, 
16.957303, 0.000000, 
17.864720, 0.000000, 
18.943011, 0.000000, 
20.225836, 0.000000, 
20.871384, 0.000000, 
22.057597, 0.000000, 
23.075946, 0.000000, 
24.194475, 0.000000, 
25.223957, 0.000000, 
26.137047, 0.000000, 
27.214512, 0.000000, 
28.041077, 0.000000, 
29.013665, 0.000000, 
30.162939, 0.000000, 
31.226836, 0.000000, 
31.961369, 0.000000, 
32.867680, 0.000000, 
34.289648, 0.000000, 
35.140344, 0.000000, 
35.925208, 0.000000, 
37.128655, 0.000000, 
38.004164, 0.000000, 
38.778831, 0.000000, 
40.027314, 0.000000, 
41.198234, 0.000000, 
41.704911, 0.000000, 
43.087818, 0.000000, 
43.729757, 0.000000, 
44.970318, 0.000000, 
46.292334, 0.000000, 
47.111200, 0.000000, 
47.969850, 0.000000, 
49.239064, 0.000000, 
50.282432, 0.000000, 
51.177083, 0.000000, 
52.071018, 0.000000, 
53.232895, 0.000000, 
54.174144, 0.000000, 
55.215897, 0.000000, 
56.265951, 0.000000, 
57.180910, 0.000000, 
58.160889, 0.000000, 
58.961396, 0.000000, 
60.000618, 0.000000, 
61.189168, 0.000000, 
61.751145, 0.000000, 
63.109716, 0.000000, 
64.025818, 0.000000, 
64.772065, 0.000000, 
66.174493, 0.000000, 
67.026883, 0.000000, 
67.768817, 0.000000, 
68.703175, 0.000000, 
70.050311, 0.000000, 
71.275774, 0.000000, 
72.251346, 0.000000, 
72.820121, 0.000000, 
74.136562, 0.000000, 
75.213287, 0.000000, 
75.940766, 0.000000, 
77.188329, 0.000000, 
78.108478, 0.000000, 
79.181371, 0.000000, 
80.098055, 0.000000, 
80.835162, 0.000000, 
81.988335, 0.000000, 
83.235377, 0.000000, 
84.115563, 0.000000, 
84.768291, 0.000000, 
85.967238, 0.000000, 
87.206881, 0.000000, 
88.156367, 0.000000, 
88.828436, 0.000000, 
90.254263, 0.000000, 
91.156673, 0.000000, 
92.176750, 0.000000, 
93.206367, 0.000000, 
93.865100, 0.000000, 
95.144972, 0.000000, 
96.187705, 0.000000, 
97.074358, 0.000000, 
98.236045, 0.000000, 
99.121830, 0.000000, 
100.124156, 0.000000, 
101.072445, 0.000000, 
101.843681, 0.000000, 
102.916004, 0.000000, 
104.231395, 0.000000, 
105.203887, 0.000000, 
106.154333, 0.000000, 
107.226811, 0.000000, 
108.093463, 0.000000, 
108.782231, 0.000000, 
110.039097, 0.000000, 
110.725959, 0.000000, 
111.901927, 0.000000, 
113.296373, 0.000000, 
114.046422, 0.000000, 
115.292704, 0.000000, 
115.870622, 0.000000, 
117.039651, 0.000000, 
117.849204, 0.000000, 
118.730821, 0.000000, 
119.880798, 0.000000, 
121.281526, 0.000000, 
121.946114, 0.000000, 
123.180706, 0.000000, 
123.858542, 0.000000, 
124.951905, 0.000000, 
126.208139, 0.000000, 
127.025179, 0.000000, 
127.891741, 0.000000, 
128.863560, 0.000000, 
130.042135, 0.000000, 
131.050920, 0.000000, 
131.801162, 0.000000, 
132.990686, 0.000000, 
134.105764, 0.000000, 
135.261462, 0.000000, 
135.954091, 0.000000, 
137.085155, 0.000000, 
137.963328, 0.000000, 
138.915029, 0.000000, 
140.063494, 0.000000, 
141.244769, 0.000000, 
142.224467, 0.000000, 
143.271945, 0.000000, 
143.702231, 0.000000, 
145.083922, 0.000000, 
145.801853, 0.000000, 
146.835496, 0.000000, 
147.903259, 0.000000, 
149.026350, 0.000000, 
150.040569, 0.000000, 
151.031122, 0.000000, 
151.939030, 0.000000, 
153.233121, 0.000000, 
154.233150, 0.000000, 
155.165255, 0.000000, 
155.722354, 0.000000, 
157.113004, 0.000000, 
157.977879, 0.000000, 
159.159005, 0.000000, 
159.984847, 0.000000, 
160.822890, 0.000000, 
162.078813, 0.000000, 
163.006567, 0.000000, 
163.949529, 0.000000, 
164.846890, 0.000000, 
165.877406, 0.000000, 
167.074209, 0.000000, 
167.809680, 0.000000, 
168.948346, 0.000000, 
170.243893, 0.000000, 
170.910233, 0.000000, 
172.161882, 0.000000, 
172.720130, 0.000000, 
173.835313, 0.000000, 
174.885588, 0.000000, 
176.247802, 0.000000, 
176.756299, 0.000000, 
177.923837, 0.000000, 
179.014161, 0.000000, 
180.015411, 0.000000, 
181.076172, 0.000000, 
181.816845, 0.000000, 
183.223646, 0.000000, 
183.707504, 0.000000, 
185.106336, 0.000000, 
186.165753, 0.000000, 
187.043956, 0.000000, 
187.839178, 0.000000, 
188.751988, 0.000000, 
190.278140, 0.000000, 
191.286774, 0.000000, 
192.205420, 0.000000, 
193.106245, 0.000000, 
193.704463, 0.000000, 
195.242021, 0.000000, 
196.231495, 0.000000, 
196.923086, 0.000000, 
198.225185, 0.000000, 
198.825725, 0.000000, 
