-0.494878, 0.000000, 
1.066569, 0.000000, 
2.493798, 0.000000, 
3.251030, 0.000000, 
3.789890, 0.000000, 
4.688865, 0.000000, 
6.432082, 0.000000, 
6.635916, 0.000000, 
8.093571, 0.000000, 
8.518029, 0.000000, 
9.591075, 0.000000, 
11.346241, 0.000000, 
12.434332, 0.000000, 
12.888888, 0.000000, 
14.285156, 0.000000, 
14.537407, 0.000000, 
16.388286, 0.000000, 
16.602146, 0.000000, 
18.393023, 0.000000, 
19.311384, 0.000000, 
19.537624, 0.000000, 
21.486159, 0.000000, 
22.426306, 0.000000, 
23.077518, 0.000000, 
23.507034, 0.000000, 
25.095172, 0.000000, 
26.070666, 0.000000, 
26.695492, 0.000000, 
28.232477, 0.000000, 
29.278704, 0.000000, 
30.117001, 0.000000, 
30.641396, 0.000000, 
32.288577, 0.000000, 
32.522438, 0.000000, 
34.216007, 0.000000, 
34.923501, 0.000000, 
35.882698, 0.000000, 
36.798608, 0.000000, 
37.528841, 0.000000, 
38.902496, 0.000000, 
40.487227, 0.000000, 
40.839374, 0.000000, 
42.275566, 0.000000, 
43.466620, 0.000000, 
44.289777, 0.000000, 
45.263378, 0.000000, 
46.083654, 0.000000, 
46.985272, 0.000000, 
47.706560, 0.000000, 
49.041832, 0.000000, 
50.037468, 0.000000, 
51.417254, 0.000000, 
52.359402, 0.000000, 
52.570078, 0.000000, 
54.193593, 0.000000, 
55.381629, 0.000000, 
55.782345, 0.000000, 
57.416228, 0.000000, 
57.524493, 0.000000, 
59.345405, 0.000000, 
60.101172, 0.000000, 
61.042287, 0.000000, 
62.075035, 0.000000, 
63.365315, 0.000000, 
63.618684, 0.000000, 
64.848576, 0.000000, 
65.773691, 0.000000, 
67.431283, 0.000000, 
68.336923, 0.000000, 
68.943732, 0.000000, 
70.010309, 0.000000, 
71.318153, 0.000000, 
72.336634, 0.000000, 
72.634587, 0.000000, 
73.798126, 0.000000, 
75.438983, 0.000000, 
75.675132, 0.000000, 
76.578030, 0.000000, 
77.687475, 0.000000, 
79.271797, 0.000000, 
80.172517, 0.000000, 
80.952226, 0.000000, 
81.868190, 0.000000, 
82.964687, 0.000000, 
84.259841, 0.000000, 
85.182622, 0.000000, 
86.219386, 0.000000, 
86.970478, 0.000000, 
88.065256, 0.000000, 
89.190286, 0.000000, 
90.292110, 0.000000, 
90.578958, 0.000000, 
91.717688, 0.000000, 
92.556480, 0.000000, 
94.167192, 0.000000, 
94.839290, 0.000000, 
96.245220, 0.000000, 
97.459812, 0.000000, 
98.260777, 0.000000, 
99.437219, 0.000000, 
99.608402, 0.000000, 
101.139400, 0.000000, 
101.942851, 0.000000, 
103.029695, 0.000000, 
104.348310, 0.000000, 
104.779065, 0.000000, 
105.816038, 0.000000, 
106.503270, 0.000000, 
107.660185, 0.000000, 
109.250246, 0.000000, 
110.329862, 0.000000, 
110.834818, 0.000000, 
111.903044, 0.000000, 
113.407123, 0.000000, 
114.231158, 0.000000, 
115.000697, 0.000000, 
116.422001, 0.000000, 
116.847448, 0.000000, 
117.706789, 0.000000, 
118.846768, 0.000000, 
120.410908, 0.000000, 
121.077504, 0.000000, 
122.407057, 0.000000, 
122.691810, 0.000000, 
123.849529, 0.000000, 
125.052573, 0.000000, 
125.867397, 0.000000, 
126.597962, 0.000000, 
128.199107, 0.000000, 
128.946840, 0.000000, 
129.692029, 0.000000, 
131.319271, 0.000000, 
131.525825, 0.000000, 
132.789942, 0.000000, 
133.709615, 0.000000, 
135.206392, 0.000000, 
135.677218, 0.000000, 
137.077566, 0.000000, 
138.151924, 0.000000, 
138.561289, 0.000000, 
139.815405, 0.000000, 
141.415197, 0.000000, 
141.708510, 0.000000, 
143.195592, 0.000000, 
144.048445, 0.000000, 
145.131425, 0.000000, 
146.020419, 0.000000, 
146.770702, 0.000000, 
147.808726, 0.000000, 
148.996798, 0.000000, 
150.119834, 0.000000, 
150.868073, 0.000000, 
151.644556, 0.000000, 
153.236944, 0.000000, 
154.007015, 0.000000, 
154.979218, 0.000000, 
156.094483, 0.000000, 
157.382269, 0.000000, 
157.853475, 0.000000, 
159.186177, 0.000000, 
160.210675, 0.000000, 
160.529550, 0.000000, 
162.110987, 0.000000, 
163.326575, 0.000000, 
163.817811, 0.000000, 
164.818799, 0.000000, 
165.557581, 0.000000, 
166.871337, 0.000000, 
167.818406, 0.000000, 
168.510803, 0.000000, 
170.374738, 0.000000, 
170.773788, 0.000000, 
172.312432, 0.000000, 
173.379831, 0.000000, 
173.830539, 0.000000, 
174.810233, 0.000000, 
176.325627, 0.000000, 
177.038105, 0.000000, 
178.482364, 0.000000, 
178.831450, 0.000000, 
180.094387, 0.000000, 
181.326502, 0.000000, 
182.144419, 0.000000, 
182.918156, 0.000000, 
183.501520, 0.000000, 
184.566860, 0.000000, 
185.638213, 0.000000, 
187.453486, 0.000000, 
188.069851, 0.000000, 
189.068371, 0.000000, 
189.644170, 0.000000, 
191.477780, 0.000000, 
191.721049, 0.000000, 
192.995118, 0.000000, 
194.254858, 0.000000, 
195.062785, 0.000000, 
195.627743, 0.000000, 
197.150325, 0.000000, 
198.104278, 0.000000, 
199.489926, 0.000000, 
