0.043173, 0.000000, 
0.920521, 0.000000, 
2.036698, 0.000000, 
3.055329, 0.000000, 
3.993815, 0.000000, 
5.034039, 0.000000, 
6.058445, 0.000000, 
6.985222, 0.000000, 
8.099562, 0.000000, 
9.093831, 0.000000, 
9.992353, 0.000000, 
10.946737, 0.000000, 
12.031413, 0.000000, 
12.963997, 0.000000, 
13.988545, 0.000000, 
15.032160, 0.000000, 
15.954043, 0.000000, 
17.000814, 0.000000, 
17.900622, 0.000000, 
18.998923, 0.000000, 
19.942434, 0.000000, 
21.069831, 0.000000, 
22.032666, 0.000000, 
22.922293, 0.000000, 
24.019590, 0.000000, 
24.918326, 0.000000, 
26.005270, 0.000000, 
26.981240, 0.000000, 
28.021490, 0.000000, 
29.000724, 0.000000, 
29.909497, 0.000000, 
31.085810, 0.000000, 
31.980895, 0.000000, 
33.049148, 0.000000, 
33.999426, 0.000000, 
34.997731, 0.000000, 
35.901153, 0.000000, 
36.997254, 0.000000, 
37.961110, 0.000000, 
39.049407, 0.000000, 
40.014403, 0.000000, 
40.916596, 0.000000, 
41.921436, 0.000000, 
43.014811, 0.000000, 
43.964369, 0.000000, 
45.028080, 0.000000, 
45.903852, 0.000000, 
47.025720, 0.000000, 
47.936507, 0.000000, 
48.967508, 0.000000, 
50.065566, 0.000000, 
51.030348, 0.000000, 
51.928215, 0.000000, 
52.914733, 0.000000, 
54.087679, 0.000000, 
54.997843, 0.000000, 
55.935454, 0.000000, 
57.019021, 0.000000, 
57.977324, 0.000000, 
58.984038, 0.000000, 
60.043898, 0.000000, 
60.908019, 0.000000, 
61.949083, 0.000000, 
63.013576, 0.000000, 
63.913306, 0.000000, 
64.979844, 0.000000, 
66.035568, 0.000000, 
67.039113, 0.000000, 
67.923439, 0.000000, 
68.973696, 0.000000, 
69.994377, 0.000000, 
71.096491, 0.000000, 
71.933530, 0.000000, 
72.944673, 0.000000, 
74.057408, 0.000000, 
75.070290, 0.000000, 
75.981100, 0.000000, 
76.935576, 0.000000, 
77.904110, 0.000000, 
78.925558, 0.000000, 
80.091153, 0.000000, 
81.093354, 0.000000, 
81.906386, 0.000000, 
82.935307, 0.000000, 
83.961335, 0.000000, 
84.900217, 0.000000, 
86.038229, 0.000000, 
87.056233, 0.000000, 
88.067434, 0.000000, 
89.011422, 0.000000, 
90.000141, 0.000000, 
90.914375, 0.000000, 
91.999266, 0.000000, 
93.066212, 0.000000, 
94.089824, 0.000000, 
94.915085, 0.000000, 
95.993560, 0.000000, 
96.966325, 0.000000, 
98.099740, 0.000000, 
99.017101, 0.000000, 
99.938444, 0.000000, 
100.936674, 0.000000, 
102.066695, 0.000000, 
103.020054, 0.000000, 
103.972790, 0.000000, 
104.958552, 0.000000, 
105.982691, 0.000000, 
107.078016, 0.000000, 
108.094296, 0.000000, 
108.919640, 0.000000, 
109.911863, 0.000000, 
111.089208, 0.000000, 
112.036150, 0.000000, 
113.068597, 0.000000, 
114.091555, 0.000000, 
115.068728, 0.000000, 
116.041281, 0.000000, 
117.024270, 0.000000, 
118.048928, 0.000000, 
119.072442, 0.000000, 
119.908181, 0.000000, 
120.914452, 0.000000, 
121.960985, 0.000000, 
122.992544, 0.000000, 
124.097043, 0.000000, 
125.041659, 0.000000, 
125.989215, 0.000000, 
126.994836, 0.000000, 
128.090819, 0.000000, 
129.081396, 0.000000, 
130.018697, 0.000000, 
130.959099, 0.000000, 
131.952381, 0.000000, 
132.972155, 0.000000, 
134.003168, 0.000000, 
134.974284, 0.000000, 
136.014301, 0.000000, 
136.952895, 0.000000, 
137.935512, 0.000000, 
138.999221, 0.000000, 
140.096427, 0.000000, 
141.052779, 0.000000, 
142.018714, 0.000000, 
142.916519, 0.000000, 
144.041604, 0.000000, 
144.964808, 0.000000, 
146.096120, 0.000000, 
146.920254, 0.000000, 
148.094919, 0.000000, 
149.056805, 0.000000, 
149.916740, 0.000000, 
151.054818, 0.000000, 
152.022749, 0.000000, 
152.982411, 0.000000, 
154.018058, 0.000000, 
154.970373, 0.000000, 
155.964753, 0.000000, 
157.088698, 0.000000, 
157.960295, 0.000000, 
158.919013, 0.000000, 
160.049584, 0.000000, 
160.959643, 0.000000, 
161.901429, 0.000000, 
163.003131, 0.000000, 
163.988118, 0.000000, 
165.047188, 0.000000, 
165.983945, 0.000000, 
167.055465, 0.000000, 
167.928528, 0.000000, 
169.006191, 0.000000, 
170.050276, 0.000000, 
171.021242, 0.000000, 
171.928615, 0.000000, 
172.935794, 0.000000, 
173.913029, 0.000000, 
175.025737, 0.000000, 
176.054915, 0.000000, 
177.009868, 0.000000, 
177.910021, 0.000000, 
179.022754, 0.000000, 
179.988909, 0.000000, 
181.036783, 0.000000, 
182.044340, 0.000000, 
182.951365, 0.000000, 
183.971155, 0.000000, 
184.969871, 0.000000, 
186.077975, 0.000000, 
187.055289, 0.000000, 
187.911724, 0.000000, 
188.963894, 0.000000, 
190.063178, 0.000000, 
191.088644, 0.000000, 
192.004460, 0.000000, 
193.020044, 0.000000, 
194.044971, 0.000000, 
194.979244, 0.000000, 
196.033980, 0.000000, 
196.972581, 0.000000, 
198.068712, 0.000000, 
198.982898, 0.000000, 
