0.342125, 0.000000, 
1.092721, 0.000000, 
2.257283, 0.000000, 
3.065079, 0.000000, 
4.362979, 0.000000, 
4.839901, 0.000000, 
5.764026, 0.000000, 
6.641209, 0.000000, 
8.022940, 0.000000, 
8.819158, 0.000000, 
10.209708, 0.000000, 
10.691944, 0.000000, 
11.677222, 0.000000, 
13.024091, 0.000000, 
14.243946, 0.000000, 
14.866503, 0.000000, 
15.830328, 0.000000, 
16.807673, 0.000000, 
18.024226, 0.000000, 
19.242969, 0.000000, 
20.302605, 0.000000, 
20.868078, 0.000000, 
22.028699, 0.000000, 
23.381751, 0.000000, 
23.744382, 0.000000, 
25.080789, 0.000000, 
26.308593, 0.000000, 
27.071458, 0.000000, 
28.078361, 0.000000, 
29.134731, 0.000000, 
29.805543, 0.000000, 
31.074512, 0.000000, 
32.099688, 0.000000, 
33.244521, 0.000000, 
34.161131, 0.000000, 
35.193449, 0.000000, 
35.774727, 0.000000, 
36.865525, 0.000000, 
38.283821, 0.000000, 
39.111939, 0.000000, 
39.860583, 0.000000, 
40.720341, 0.000000, 
42.116595, 0.000000, 
43.183437, 0.000000, 
43.794382, 0.000000, 
45.099220, 0.000000, 
45.655300, 0.000000, 
46.643318, 0.000000, 
48.014724, 0.000000, 
48.730425, 0.000000, 
49.960548, 0.000000, 
51.010345, 0.000000, 
51.625220, 0.000000, 
52.621256, 0.000000, 
53.893680, 0.000000, 
54.642343, 0.000000, 
55.815957, 0.000000, 
57.329744, 0.000000, 
57.823897, 0.000000, 
59.032114, 0.000000, 
59.831330, 0.000000, 
61.104851, 0.000000, 
61.769823, 0.000000, 
63.048422, 0.000000, 
64.349739, 0.000000, 
64.759911, 0.000000, 
66.130337, 0.000000, 
66.936649, 0.000000, 
68.330166, 0.000000, 
69.020310, 0.000000, 
69.977959, 0.000000, 
70.984296, 0.000000, 
71.892923, 0.000000, 
73.266345, 0.000000, 
73.796295, 0.000000, 
75.166484, 0.000000, 
75.846070, 0.000000, 
77.333872, 0.000000, 
78.263356, 0.000000, 
79.393500, 0.000000, 
79.615502, 0.000000, 
81.156541, 0.000000, 
82.034584, 0.000000, 
83.137318, 0.000000, 
83.983928, 0.000000, 
85.348965, 0.000000, 
85.639291, 0.000000, 
86.792043, 0.000000, 
88.289997, 0.000000, 
88.949531, 0.000000, 
89.700554, 0.000000, 
90.917179, 0.000000, 
92.383977, 0.000000, 
92.956070, 0.000000, 
94.190958, 0.000000, 
94.737028, 0.000000, 
96.005274, 0.000000, 
96.779584, 0.000000, 
97.680099, 0.000000, 
99.049826, 0.000000, 
99.989458, 0.000000, 
101.203974, 0.000000, 
101.919602, 0.000000, 
103.265497, 0.000000, 
103.664362, 0.000000, 
105.069067, 0.000000, 
105.715818, 0.000000, 
106.852818, 0.000000, 
107.622785, 0.000000, 
108.661823, 0.000000, 
110.286665, 0.000000, 
110.842347, 0.000000, 
111.812930, 0.000000, 
113.061426, 0.000000, 
113.675999, 0.000000, 
115.028926, 0.000000, 
116.110026, 0.000000, 
117.196208, 0.000000, 
117.758191, 0.000000, 
118.608835, 0.000000, 
120.180432, 0.000000, 
121.334113, 0.000000, 
121.657183, 0.000000, 
122.923184, 0.000000, 
123.928698, 0.000000, 
125.091684, 0.000000, 
125.853504, 0.000000, 
127.226302, 0.000000, 
127.783860, 0.000000, 
129.317282, 0.000000, 
129.890998, 0.000000, 
130.777353, 0.000000, 
132.038284, 0.000000, 
132.974619, 0.000000, 
134.166898, 0.000000, 
134.685769, 0.000000, 
136.014213, 0.000000, 
136.839668, 0.000000, 
137.819875, 0.000000, 
139.258378, 0.000000, 
139.638500, 0.000000, 
140.621832, 0.000000, 
141.938385, 0.000000, 
142.626612, 0.000000, 
144.383330, 0.000000, 
145.141149, 0.000000, 
145.828026, 0.000000, 
146.856179, 0.000000, 
147.743034, 0.000000, 
148.974556, 0.000000, 
149.644397, 0.000000, 
151.233658, 0.000000, 
151.674341, 0.000000, 
152.681312, 0.000000, 
153.797347, 0.000000, 
154.803960, 0.000000, 
155.854825, 0.000000, 
156.646627, 0.000000, 
158.324202, 0.000000, 
159.217953, 0.000000, 
160.157605, 0.000000, 
160.809548, 0.000000, 
162.212624, 0.000000, 
163.112839, 0.000000, 
163.647199, 0.000000, 
164.658980, 0.000000, 
166.069019, 0.000000, 
166.757024, 0.000000, 
167.704028, 0.000000, 
168.818483, 0.000000, 
170.335847, 0.000000, 
170.667586, 0.000000, 
172.277744, 0.000000, 
172.732755, 0.000000, 
173.940356, 0.000000, 
175.166131, 0.000000, 
175.664499, 0.000000, 
177.397761, 0.000000, 
177.776002, 0.000000, 
179.020038, 0.000000, 
179.654987, 0.000000, 
181.133265, 0.000000, 
181.926030, 0.000000, 
183.259321, 0.000000, 
183.837294, 0.000000, 
184.731591, 0.000000, 
186.122645, 0.000000, 
187.322892, 0.000000, 
187.925733, 0.000000, 
189.396967, 0.000000, 
190.348749, 0.000000, 
190.735759, 0.000000, 
192.238009, 0.000000, 
193.169424, 0.000000, 
194.318912, 0.000000, 
194.913393, 0.000000, 
196.395220, 0.000000, 
196.624403, 0.000000, 
198.144197, 0.000000, 
199.016890, 0.000000, 
