-0.050478, 0.000000, 
0.984973, 0.000000, 
2.037053, 0.000000, 
2.988872, 0.000000, 
3.938810, 0.000000, 
5.065920, 0.000000, 
6.037157, 0.000000, 
6.997980, 0.000000, 
7.975292, 0.000000, 
9.009756, 0.000000, 
10.037252, 0.000000, 
10.907515, 0.000000, 
11.947537, 0.000000, 
12.947176, 0.000000, 
14.045261, 0.000000, 
15.091185, 0.000000, 
15.994817, 0.000000, 
16.964318, 0.000000, 
17.942602, 0.000000, 
19.014132, 0.000000, 
20.088184, 0.000000, 
21.015394, 0.000000, 
22.023425, 0.000000, 
23.072780, 0.000000, 
24.046280, 0.000000, 
24.989679, 0.000000, 
25.947388, 0.000000, 
27.051066, 0.000000, 
28.034416, 0.000000, 
29.015092, 0.000000, 
29.976499, 0.000000, 
31.044518, 0.000000, 
31.973364, 0.000000, 
32.932134, 0.000000, 
34.047857, 0.000000, 
34.969108, 0.000000, 
35.936975, 0.000000, 
36.964625, 0.000000, 
37.984817, 0.000000, 
39.005036, 0.000000, 
40.062782, 0.000000, 
41.034373, 0.000000, 
42.048251, 0.000000, 
43.062873, 0.000000, 
44.049507, 0.000000, 
44.988039, 0.000000, 
45.905959, 0.000000, 
46.985513, 0.000000, 
47.902897, 0.000000, 
48.919775, 0.000000, 
49.972069, 0.000000, 
51.080478, 0.000000, 
52.021217, 0.000000, 
53.053611, 0.000000, 
53.980728, 0.000000, 
55.078217, 0.000000, 
55.990743, 0.000000, 
56.958595, 0.000000, 
58.071980, 0.000000, 
59.058243, 0.000000, 
60.024528, 0.000000, 
61.054657, 0.000000, 
61.955525, 0.000000, 
62.911332, 0.000000, 
63.952168, 0.000000, 
64.976306, 0.000000, 
65.936208, 0.000000, 
66.918567, 0.000000, 
67.908136, 0.000000, 
69.020976, 0.000000, 
70.026661, 0.000000, 
71.039652, 0.000000, 
72.025495, 0.000000, 
73.028241, 0.000000, 
73.920054, 0.000000, 
75.062033, 0.000000, 
76.070211, 0.000000, 
76.966193, 0.000000, 
77.910047, 0.000000, 
78.958978, 0.000000, 
80.095675, 0.000000, 
80.964623, 0.000000, 
81.940715, 0.000000, 
83.043157, 0.000000, 
83.923566, 0.000000, 
85.020054, 0.000000, 
85.907509, 0.000000, 
86.940619, 0.000000, 
88.076991, 0.000000, 
88.920981, 0.000000, 
89.952460, 0.000000, 
90.930645, 0.000000, 
91.991619, 0.000000, 
92.926244, 0.000000, 
94.012270, 0.000000, 
95.007638, 0.000000, 
96.077491, 0.000000, 
96.979861, 0.000000, 
97.929192, 0.000000, 
98.995812, 0.000000, 
99.990715, 0.000000, 
101.066992, 0.000000, 
102.021719, 0.000000, 
102.939327, 0.000000, 
103.954753, 0.000000, 
104.939993, 0.000000, 
106.077768, 0.000000, 
107.061485, 0.000000, 
107.993195, 0.000000, 
108.978441, 0.000000, 
109.918902, 0.000000, 
111.058973, 0.000000, 
111.997429, 0.000000, 
113.060546, 0.000000, 
114.005056, 0.000000, 
115.033608, 0.000000, 
116.091509, 0.000000, 
117.078199, 0.000000, 
117.911976, 0.000000, 
119.047321, 0.000000, 
120.082561, 0.000000, 
121.070842, 0.000000, 
122.076975, 0.000000, 
122.962918, 0.000000, 
124.055314, 0.000000, 
125.001511, 0.000000, 
125.982685, 0.000000, 
127.078474, 0.000000, 
127.944991, 0.000000, 
128.984353, 0.000000, 
130.003706, 0.000000, 
130.913899, 0.000000, 
132.052267, 0.000000, 
133.048945, 0.000000, 
134.004437, 0.000000, 
134.903819, 0.000000, 
135.993444, 0.000000, 
137.038845, 0.000000, 
138.003362, 0.000000, 
138.911783, 0.000000, 
140.090755, 0.000000, 
140.919686, 0.000000, 
142.024728, 0.000000, 
142.906882, 0.000000, 
143.905236, 0.000000, 
145.002721, 0.000000, 
146.050601, 0.000000, 
147.047944, 0.000000, 
147.911633, 0.000000, 
149.072250, 0.000000, 
149.951107, 0.000000, 
150.994718, 0.000000, 
151.937543, 0.000000, 
152.974274, 0.000000, 
153.987495, 0.000000, 
155.005703, 0.000000, 
156.066873, 0.000000, 
156.976674, 0.000000, 
158.061304, 0.000000, 
158.917396, 0.000000, 
159.946376, 0.000000, 
161.031758, 0.000000, 
162.061350, 0.000000, 
163.099501, 0.000000, 
164.019118, 0.000000, 
165.062561, 0.000000, 
165.940578, 0.000000, 
167.002660, 0.000000, 
168.026642, 0.000000, 
169.050790, 0.000000, 
169.919353, 0.000000, 
170.903268, 0.000000, 
172.097948, 0.000000, 
173.091864, 0.000000, 
174.013547, 0.000000, 
174.953376, 0.000000, 
175.959133, 0.000000, 
176.952935, 0.000000, 
178.013000, 0.000000, 
179.024308, 0.000000, 
180.099198, 0.000000, 
181.045308, 0.000000, 
182.009739, 0.000000, 
182.964331, 0.000000, 
184.071978, 0.000000, 
185.071914, 0.000000, 
185.908639, 0.000000, 
187.072995, 0.000000, 
187.999870, 0.000000, 
188.973629, 0.000000, 
190.026793, 0.000000, 
190.979385, 0.000000, 
191.908234, 0.000000, 
192.925619, 0.000000, 
193.964818, 0.000000, 
195.087463, 0.000000, 
195.955392, 0.000000, 
196.907489, 0.000000, 
198.089110, 0.000000, 
199.003106, 0.000000, 
