-0.098072, 0.000000, 
1.052892, 0.000000, 
2.005566, 0.000000, 
2.911161, 0.000000, 
3.933832, 0.000000, 
4.900232, 0.000000, 
6.067962, 0.000000, 
7.014509, 0.000000, 
8.001840, 0.000000, 
9.024406, 0.000000, 
9.991311, 0.000000, 
10.915003, 0.000000, 
12.066594, 0.000000, 
12.939694, 0.000000, 
13.926638, 0.000000, 
15.059758, 0.000000, 
15.930658, 0.000000, 
17.006797, 0.000000, 
17.951825, 0.000000, 
18.995573, 0.000000, 
19.900313, 0.000000, 
21.063152, 0.000000, 
21.996560, 0.000000, 
23.044740, 0.000000, 
23.983083, 0.000000, 
24.950064, 0.000000, 
25.960583, 0.000000, 
27.002696, 0.000000, 
27.971650, 0.000000, 
28.979442, 0.000000, 
30.050447, 0.000000, 
31.060710, 0.000000, 
31.926445, 0.000000, 
32.932434, 0.000000, 
34.098305, 0.000000, 
35.084779, 0.000000, 
36.042738, 0.000000, 
36.909430, 0.000000, 
38.072997, 0.000000, 
39.009961, 0.000000, 
40.086897, 0.000000, 
41.087766, 0.000000, 
42.000624, 0.000000, 
43.017579, 0.000000, 
43.925179, 0.000000, 
44.950924, 0.000000, 
46.014610, 0.000000, 
46.916982, 0.000000, 
48.003591, 0.000000, 
48.920768, 0.000000, 
50.006728, 0.000000, 
50.962966, 0.000000, 
51.956514, 0.000000, 
52.901042, 0.000000, 
54.020725, 0.000000, 
54.985332, 0.000000, 
55.990747, 0.000000, 
56.938436, 0.000000, 
58.090141, 0.000000, 
58.926892, 0.000000, 
59.962757, 0.000000, 
61.004688, 0.000000, 
62.039695, 0.000000, 
63.063638, 0.000000, 
64.071770, 0.000000, 
65.045376, 0.000000, 
66.008211, 0.000000, 
66.995833, 0.000000, 
68.020129, 0.000000, 
69.000204, 0.000000, 
69.993779, 0.000000, 
71.065447, 0.000000, 
71.929145, 0.000000, 
72.966109, 0.000000, 
73.916083, 0.000000, 
74.923409, 0.000000, 
76.063957, 0.000000, 
77.054646, 0.000000, 
77.931844, 0.000000, 
79.072922, 0.000000, 
79.982132, 0.000000, 
80.974777, 0.000000, 
82.097910, 0.000000, 
82.934557, 0.000000, 
83.922029, 0.000000, 
85.003920, 0.000000, 
86.085374, 0.000000, 
86.935892, 0.000000, 
88.091368, 0.000000, 
89.089257, 0.000000, 
90.068145, 0.000000, 
90.909591, 0.000000, 
91.913590, 0.000000, 
92.927875, 0.000000, 
94.006751, 0.000000, 
95.056494, 0.000000, 
96.044612, 0.000000, 
97.092138, 0.000000, 
97.991027, 0.000000, 
98.915981, 0.000000, 
100.082610, 0.000000, 
100.992625, 0.000000, 
101.970303, 0.000000, 
103.063100, 0.000000, 
103.960649, 0.000000, 
104.926344, 0.000000, 
105.999907, 0.000000, 
107.027171, 0.000000, 
108.083205, 0.000000, 
108.968340, 0.000000, 
110.058459, 0.000000, 
110.957308, 0.000000, 
111.913780, 0.000000, 
112.943408, 0.000000, 
113.940131, 0.000000, 
115.068846, 0.000000, 
115.961850, 0.000000, 
116.996893, 0.000000, 
118.047704, 0.000000, 
119.013418, 0.000000, 
119.997804, 0.000000, 
120.913785, 0.000000, 
121.968755, 0.000000, 
123.063382, 0.000000, 
124.079183, 0.000000, 
125.002644, 0.000000, 
126.067264, 0.000000, 
126.915832, 0.000000, 
127.914761, 0.000000, 
128.902152, 0.000000, 
129.940730, 0.000000, 
130.983120, 0.000000, 
131.927775, 0.000000, 
133.049168, 0.000000, 
134.023003, 0.000000, 
135.004339, 0.000000, 
136.045845, 0.000000, 
137.048859, 0.000000, 
138.076172, 0.000000, 
138.951711, 0.000000, 
139.980477, 0.000000, 
140.990599, 0.000000, 
142.028628, 0.000000, 
142.947786, 0.000000, 
143.973178, 0.000000, 
145.077050, 0.000000, 
146.074721, 0.000000, 
146.965996, 0.000000, 
147.958215, 0.000000, 
148.906294, 0.000000, 
150.063948, 0.000000, 
150.918966, 0.000000, 
151.947630, 0.000000, 
153.073958, 0.000000, 
154.083825, 0.000000, 
154.998356, 0.000000, 
155.980520, 0.000000, 
157.094673, 0.000000, 
158.047146, 0.000000, 
159.001716, 0.000000, 
160.066723, 0.000000, 
160.962263, 0.000000, 
161.980925, 0.000000, 
162.902554, 0.000000, 
164.032910, 0.000000, 
164.953007, 0.000000, 
166.088737, 0.000000, 
167.000180, 0.000000, 
168.015015, 0.000000, 
169.049842, 0.000000, 
170.077047, 0.000000, 
170.944755, 0.000000, 
171.992386, 0.000000, 
173.051157, 0.000000, 
173.936463, 0.000000, 
174.902294, 0.000000, 
175.944580, 0.000000, 
176.992607, 0.000000, 
177.918714, 0.000000, 
179.032949, 0.000000, 
179.983519, 0.000000, 
181.047025, 0.000000, 
181.910581, 0.000000, 
182.959120, 0.000000, 
183.971254, 0.000000, 
184.904606, 0.000000, 
185.998707, 0.000000, 
187.014253, 0.000000, 
188.081200, 0.000000, 
189.094066, 0.000000, 
190.060369, 0.000000, 
191.049011, 0.000000, 
191.920451, 0.000000, 
193.058202, 0.000000, 
194.020303, 0.000000, 
194.979774, 0.000000, 
196.038218, 0.000000, 
196.924994, 0.000000, 
198.029815, 0.000000, 
198.986519, 0.000000, 
