-0.076149, 0.000000, 
1.006982, 0.000000, 
1.972756, 0.000000, 
2.919900, 0.000000, 
3.979601, 0.000000, 
4.906678, 0.000000, 
6.057603, 0.000000, 
6.963003, 0.000000, 
7.928018, 0.000000, 
8.931795, 0.000000, 
9.938702, 0.000000, 
10.900309, 0.000000, 
11.953867, 0.000000, 
13.071279, 0.000000, 
14.013266, 0.000000, 
14.982140, 0.000000, 
16.053594, 0.000000, 
16.946187, 0.000000, 
18.030754, 0.000000, 
19.013266, 0.000000, 
19.978969, 0.000000, 
20.999146, 0.000000, 
22.015446, 0.000000, 
23.037995, 0.000000, 
24.036657, 0.000000, 
25.044535, 0.000000, 
26.079005, 0.000000, 
27.025869, 0.000000, 
27.985547, 0.000000, 
29.031588, 0.000000, 
29.979061, 0.000000, 
30.967005, 0.000000, 
31.950272, 0.000000, 
33.005172, 0.000000, 
34.075829, 0.000000, 
34.973479, 0.000000, 
35.943707, 0.000000, 
37.070161, 0.000000, 
37.970785, 0.000000, 
39.098490, 0.000000, 
40.047537, 0.000000, 
40.967882, 0.000000, 
41.953706, 0.000000, 
43.054444, 0.000000, 
43.918163, 0.000000, 
44.998382, 0.000000, 
46.013275, 0.000000, 
46.915862, 0.000000, 
47.992073, 0.000000, 
48.933212, 0.000000, 
50.020898, 0.000000, 
50.978440, 0.000000, 
52.068233, 0.000000, 
53.057168, 0.000000, 
53.967349, 0.000000, 
54.959665, 0.000000, 
56.033033, 0.000000, 
56.980640, 0.000000, 
58.013343, 0.000000, 
59.043399, 0.000000, 
60.050333, 0.000000, 
61.082799, 0.000000, 
62.094357, 0.000000, 
63.050109, 0.000000, 
63.972544, 0.000000, 
64.979202, 0.000000, 
66.032140, 0.000000, 
66.944026, 0.000000, 
67.900085, 0.000000, 
68.931185, 0.000000, 
70.009728, 0.000000, 
71.029627, 0.000000, 
72.030382, 0.000000, 
72.938682, 0.000000, 
74.072117, 0.000000, 
74.978501, 0.000000, 
75.904450, 0.000000, 
77.046089, 0.000000, 
78.089066, 0.000000, 
79.010397, 0.000000, 
80.052933, 0.000000, 
81.019802, 0.000000, 
81.957115, 0.000000, 
82.934263, 0.000000, 
84.038674, 0.000000, 
85.056051, 0.000000, 
85.914349, 0.000000, 
86.948086, 0.000000, 
87.966524, 0.000000, 
89.002054, 0.000000, 
90.018694, 0.000000, 
90.991163, 0.000000, 
92.093025, 0.000000, 
92.930838, 0.000000, 
94.052189, 0.000000, 
94.978955, 0.000000, 
96.077907, 0.000000, 
97.013831, 0.000000, 
98.072525, 0.000000, 
98.981888, 0.000000, 
100.034752, 0.000000, 
101.042016, 0.000000, 
102.099209, 0.000000, 
102.935715, 0.000000, 
103.980392, 0.000000, 
104.931464, 0.000000, 
105.953356, 0.000000, 
107.053451, 0.000000, 
108.088101, 0.000000, 
108.986386, 0.000000, 
109.927261, 0.000000, 
111.035307, 0.000000, 
112.098174, 0.000000, 
113.013766, 0.000000, 
113.934510, 0.000000, 
114.966798, 0.000000, 
115.913638, 0.000000, 
117.002843, 0.000000, 
117.931743, 0.000000, 
119.082743, 0.000000, 
119.992374, 0.000000, 
120.945161, 0.000000, 
122.021132, 0.000000, 
123.056547, 0.000000, 
124.097843, 0.000000, 
125.069916, 0.000000, 
126.035375, 0.000000, 
127.011353, 0.000000, 
128.034327, 0.000000, 
129.097140, 0.000000, 
129.908190, 0.000000, 
131.041428, 0.000000, 
132.062808, 0.000000, 
133.097414, 0.000000, 
133.961079, 0.000000, 
134.945835, 0.000000, 
135.961406, 0.000000, 
136.965354, 0.000000, 
137.943973, 0.000000, 
138.933749, 0.000000, 
140.002553, 0.000000, 
140.917519, 0.000000, 
141.997642, 0.000000, 
143.077245, 0.000000, 
143.967942, 0.000000, 
145.069772, 0.000000, 
145.931761, 0.000000, 
146.989062, 0.000000, 
148.090564, 0.000000, 
148.965042, 0.000000, 
150.096986, 0.000000, 
151.064259, 0.000000, 
151.993332, 0.000000, 
152.981874, 0.000000, 
154.065565, 0.000000, 
155.005551, 0.000000, 
155.918854, 0.000000, 
156.907911, 0.000000, 
157.977046, 0.000000, 
159.090556, 0.000000, 
159.941322, 0.000000, 
161.073410, 0.000000, 
161.942561, 0.000000, 
163.004654, 0.000000, 
164.011186, 0.000000, 
165.082682, 0.000000, 
165.942709, 0.000000, 
167.028593, 0.000000, 
167.967244, 0.000000, 
168.925339, 0.000000, 
169.935730, 0.000000, 
170.979669, 0.000000, 
171.950504, 0.000000, 
173.044864, 0.000000, 
173.920834, 0.000000, 
174.942371, 0.000000, 
176.055428, 0.000000, 
176.958590, 0.000000, 
178.017113, 0.000000, 
178.953208, 0.000000, 
180.085362, 0.000000, 
180.942898, 0.000000, 
182.097791, 0.000000, 
182.934715, 0.000000, 
184.050435, 0.000000, 
185.044235, 0.000000, 
185.961318, 0.000000, 
187.046529, 0.000000, 
187.962145, 0.000000, 
189.021584, 0.000000, 
189.937798, 0.000000, 
190.944958, 0.000000, 
192.024052, 0.000000, 
193.065836, 0.000000, 
194.019042, 0.000000, 
194.935539, 0.000000, 
196.016446, 0.000000, 
197.042303, 0.000000, 
197.980872, 0.000000, 
198.968115, 0.000000, 
