0.398857, 0.000000, 
0.759251, 0.000000, 
1.864596, 0.000000, 
2.639352, 0.000000, 
4.018655, 0.000000, 
4.835607, 0.000000, 
5.608796, 0.000000, 
6.939771, 0.000000, 
8.179124, 0.000000, 
8.961291, 0.000000, 
9.821994, 0.000000, 
10.733638, 0.000000, 
12.112467, 0.000000, 
13.123146, 0.000000, 
13.635335, 0.000000, 
15.107455, 0.000000, 
16.218221, 0.000000, 
17.231526, 0.000000, 
18.009314, 0.000000, 
18.751649, 0.000000, 
20.196750, 0.000000, 
21.217905, 0.000000, 
22.049538, 0.000000, 
22.945996, 0.000000, 
23.962918, 0.000000, 
25.023590, 0.000000, 
25.764446, 0.000000, 
26.699442, 0.000000, 
27.757309, 0.000000, 
29.312708, 0.000000, 
29.740575, 0.000000, 
31.063934, 0.000000, 
31.681526, 0.000000, 
32.928097, 0.000000, 
33.624284, 0.000000, 
35.139347, 0.000000, 
36.172477, 0.000000, 
36.901980, 0.000000, 
38.162474, 0.000000, 
38.782174, 0.000000, 
40.140711, 0.000000, 
40.895802, 0.000000, 
41.677758, 0.000000, 
43.300640, 0.000000, 
44.262709, 0.000000, 
45.300670, 0.000000, 
46.311643, 0.000000, 
46.965594, 0.000000, 
48.090362, 0.000000, 
48.779758, 0.000000, 
50.081166, 0.000000, 
50.772682, 0.000000, 
51.709147, 0.000000, 
52.891886, 0.000000, 
53.778734, 0.000000, 
55.359153, 0.000000, 
56.066097, 0.000000, 
56.608062, 0.000000, 
58.136811, 0.000000, 
59.226695, 0.000000, 
60.065843, 0.000000, 
60.772939, 0.000000, 
62.159806, 0.000000, 
63.304702, 0.000000, 
64.198037, 0.000000, 
64.993646, 0.000000, 
66.180220, 0.000000, 
66.977733, 0.000000, 
68.285077, 0.000000, 
69.011689, 0.000000, 
70.372583, 0.000000, 
70.890582, 0.000000, 
72.172790, 0.000000, 
73.298504, 0.000000, 
74.274289, 0.000000, 
75.011890, 0.000000, 
75.638066, 0.000000, 
77.233442, 0.000000, 
77.912680, 0.000000, 
78.673761, 0.000000, 
79.673901, 0.000000, 
80.883003, 0.000000, 
81.694606, 0.000000, 
83.300950, 0.000000, 
84.379111, 0.000000, 
85.261461, 0.000000, 
86.193395, 0.000000, 
86.701296, 0.000000, 
87.748876, 0.000000, 
89.281934, 0.000000, 
90.272811, 0.000000, 
91.347678, 0.000000, 
91.609362, 0.000000, 
92.946713, 0.000000, 
94.338547, 0.000000, 
95.376405, 0.000000, 
96.309761, 0.000000, 
97.171414, 0.000000, 
98.191388, 0.000000, 
98.795050, 0.000000, 
100.104176, 0.000000, 
101.347920, 0.000000, 
102.016281, 0.000000, 
103.396516, 0.000000, 
104.338594, 0.000000, 
104.760348, 0.000000, 
106.300873, 0.000000, 
106.884645, 0.000000, 
107.922497, 0.000000, 
109.333457, 0.000000, 
109.851445, 0.000000, 
111.180239, 0.000000, 
112.385462, 0.000000, 
112.794011, 0.000000, 
113.845888, 0.000000, 
114.797567, 0.000000, 
115.880578, 0.000000, 
117.241230, 0.000000, 
118.267265, 0.000000, 
118.892593, 0.000000, 
120.378190, 0.000000, 
120.970049, 0.000000, 
122.027142, 0.000000, 
123.260975, 0.000000, 
124.043963, 0.000000, 
125.120173, 0.000000, 
125.608145, 0.000000, 
126.869467, 0.000000, 
127.605165, 0.000000, 
128.677519, 0.000000, 
129.925470, 0.000000, 
130.703053, 0.000000, 
131.840174, 0.000000, 
132.827032, 0.000000, 
134.120351, 0.000000, 
134.704532, 0.000000, 
136.083964, 0.000000, 
136.960402, 0.000000, 
138.163375, 0.000000, 
139.171038, 0.000000, 
139.700046, 0.000000, 
141.094540, 0.000000, 
141.780990, 0.000000, 
143.311293, 0.000000, 
144.008228, 0.000000, 
144.675921, 0.000000, 
146.338098, 0.000000, 
147.211270, 0.000000, 
147.755414, 0.000000, 
149.114708, 0.000000, 
150.046868, 0.000000, 
151.257002, 0.000000, 
151.916367, 0.000000, 
153.398706, 0.000000, 
153.734378, 0.000000, 
155.139722, 0.000000, 
155.888577, 0.000000, 
157.240753, 0.000000, 
158.203558, 0.000000, 
158.694867, 0.000000, 
159.634246, 0.000000, 
161.265776, 0.000000, 
161.993347, 0.000000, 
162.854796, 0.000000, 
164.295419, 0.000000, 
165.284148, 0.000000, 
165.802269, 0.000000, 
166.714460, 0.000000, 
168.214575, 0.000000, 
168.636549, 0.000000, 
169.646700, 0.000000, 
171.150924, 0.000000, 
172.325024, 0.000000, 
173.328528, 0.000000, 
173.835780, 0.000000, 
174.644876, 0.000000, 
176.101255, 0.000000, 
176.902070, 0.000000, 
177.727113, 0.000000, 
179.342320, 0.000000, 
180.201795, 0.000000, 
180.833300, 0.000000, 
181.892332, 0.000000, 
183.209542, 0.000000, 
184.349561, 0.000000, 
185.082271, 0.000000, 
186.191267, 0.000000, 
186.761126, 0.000000, 
187.790906, 0.000000, 
189.018570, 0.000000, 
190.304360, 0.000000, 
191.148103, 0.000000, 
192.073781, 0.000000, 
193.252013, 0.000000, 
194.155620, 0.000000, 
195.386533, 0.000000, 
195.884557, 0.000000, 
196.995637, 0.000000, 
197.924560, 0.000000, 
199.240950, 0.000000, 
