0.058443, 0.000000, 
1.428787, 0.000000, 
2.271251, 0.000000, 
2.859173, 0.000000, 
3.688033, 0.000000, 
5.398330, 0.000000, 
5.994590, 0.000000, 
7.390953, 0.000000, 
8.262580, 0.000000, 
9.302141, 0.000000, 
9.500314, 0.000000, 
11.409817, 0.000000, 
11.708530, 0.000000, 
13.455296, 0.000000, 
14.447863, 0.000000, 
15.184734, 0.000000, 
15.864118, 0.000000, 
16.726213, 0.000000, 
18.094986, 0.000000, 
19.299431, 0.000000, 
19.618987, 0.000000, 
20.923488, 0.000000, 
21.964029, 0.000000, 
22.614618, 0.000000, 
23.646557, 0.000000, 
24.559072, 0.000000, 
25.574058, 0.000000, 
27.094910, 0.000000, 
27.780190, 0.000000, 
28.943494, 0.000000, 
30.172797, 0.000000, 
31.289416, 0.000000, 
32.128585, 0.000000, 
33.147481, 0.000000, 
33.551615, 0.000000, 
34.698441, 0.000000, 
35.910472, 0.000000, 
37.403104, 0.000000, 
37.782140, 0.000000, 
39.153929, 0.000000, 
39.973848, 0.000000, 
41.228636, 0.000000, 
41.882779, 0.000000, 
42.803804, 0.000000, 
44.307395, 0.000000, 
45.285306, 0.000000, 
45.660835, 0.000000, 
47.305884, 0.000000, 
47.792894, 0.000000, 
49.324403, 0.000000, 
50.097323, 0.000000, 
51.172156, 0.000000, 
51.907753, 0.000000, 
53.414042, 0.000000, 
54.302574, 0.000000, 
55.231957, 0.000000, 
55.652383, 0.000000, 
56.544912, 0.000000, 
57.676763, 0.000000, 
58.922658, 0.000000, 
59.964613, 0.000000, 
60.793397, 0.000000, 
62.002267, 0.000000, 
63.215576, 0.000000, 
64.470107, 0.000000, 
65.276254, 0.000000, 
65.882052, 0.000000, 
66.919753, 0.000000, 
67.607754, 0.000000, 
69.193903, 0.000000, 
70.020353, 0.000000, 
71.307805, 0.000000, 
71.760477, 0.000000, 
73.416431, 0.000000, 
74.487429, 0.000000, 
75.436440, 0.000000, 
76.142577, 0.000000, 
76.715779, 0.000000, 
78.412632, 0.000000, 
78.608372, 0.000000, 
80.137786, 0.000000, 
81.028554, 0.000000, 
82.159024, 0.000000, 
83.202721, 0.000000, 
84.353958, 0.000000, 
84.755289, 0.000000, 
86.051462, 0.000000, 
87.255195, 0.000000, 
88.028682, 0.000000, 
88.919183, 0.000000, 
90.369427, 0.000000, 
91.100994, 0.000000, 
92.197435, 0.000000, 
93.026730, 0.000000, 
94.462806, 0.000000, 
95.113560, 0.000000, 
96.196916, 0.000000, 
97.039867, 0.000000, 
97.836438, 0.000000, 
99.006721, 0.000000, 
100.306699, 0.000000, 
100.696903, 0.000000, 
102.165354, 0.000000, 
102.510477, 0.000000, 
103.816563, 0.000000, 
105.444852, 0.000000, 
105.709789, 0.000000, 
107.376089, 0.000000, 
107.576219, 0.000000, 
108.756355, 0.000000, 
109.905468, 0.000000, 
110.523875, 0.000000, 
111.545908, 0.000000, 
112.962279, 0.000000, 
114.152814, 0.000000, 
115.407708, 0.000000, 
115.855603, 0.000000, 
116.959961, 0.000000, 
117.638630, 0.000000, 
119.336913, 0.000000, 
119.806277, 0.000000, 
121.365725, 0.000000, 
121.504493, 0.000000, 
123.259465, 0.000000, 
123.945199, 0.000000, 
124.731394, 0.000000, 
125.848699, 0.000000, 
126.743985, 0.000000, 
128.485059, 0.000000, 
129.102545, 0.000000, 
130.084022, 0.000000, 
131.095876, 0.000000, 
132.016625, 0.000000, 
132.933963, 0.000000, 
133.648379, 0.000000, 
135.058130, 0.000000, 
136.171606, 0.000000, 
137.259394, 0.000000, 
138.232323, 0.000000, 
138.823563, 0.000000, 
139.812822, 0.000000, 
140.988178, 0.000000, 
142.231550, 0.000000, 
142.609747, 0.000000, 
143.887583, 0.000000, 
145.016829, 0.000000, 
145.636577, 0.000000, 
146.759999, 0.000000, 
148.368914, 0.000000, 
149.271205, 0.000000, 
150.418666, 0.000000, 
151.285078, 0.000000, 
152.103134, 0.000000, 
153.152239, 0.000000, 
154.256890, 0.000000, 
154.986434, 0.000000, 
156.429117, 0.000000, 
156.866460, 0.000000, 
157.902337, 0.000000, 
159.248128, 0.000000, 
160.356001, 0.000000, 
161.222461, 0.000000, 
161.729621, 0.000000, 
162.784953, 0.000000, 
163.616643, 0.000000, 
165.262145, 0.000000, 
165.581646, 0.000000, 
166.869900, 0.000000, 
167.940726, 0.000000, 
169.391805, 0.000000, 
170.325968, 0.000000, 
171.033143, 0.000000, 
171.661159, 0.000000, 
172.755256, 0.000000, 
174.091941, 0.000000, 
174.750878, 0.000000, 
176.172672, 0.000000, 
176.523416, 0.000000, 
177.646640, 0.000000, 
178.967127, 0.000000, 
179.545197, 0.000000, 
180.795280, 0.000000, 
182.086623, 0.000000, 
182.796377, 0.000000, 
183.780779, 0.000000, 
184.691324, 0.000000, 
185.542044, 0.000000, 
186.892598, 0.000000, 
187.889797, 0.000000, 
188.903408, 0.000000, 
189.599327, 0.000000, 
190.831226, 0.000000, 
191.603374, 0.000000, 
192.919934, 0.000000, 
194.053851, 0.000000, 
195.072887, 0.000000, 
196.244162, 0.000000, 
197.457743, 0.000000, 
197.683346, 0.000000, 
198.924704, 0.000000, 
