0.064657, 0.000000, 
1.018733, 0.000000, 
2.119038, 0.000000, 
2.913840, 0.000000, 
4.075502, 0.000000, 
4.906170, 0.000000, 
6.044504, 0.000000, 
6.965077, 0.000000, 
7.937724, 0.000000, 
9.195265, 0.000000, 
9.989572, 0.000000, 
10.812484, 0.000000, 
12.091123, 0.000000, 
12.836303, 0.000000, 
13.877878, 0.000000, 
14.877434, 0.000000, 
15.937913, 0.000000, 
16.808947, 0.000000, 
17.880883, 0.000000, 
18.912767, 0.000000, 
20.144958, 0.000000, 
20.831875, 0.000000, 
22.079892, 0.000000, 
23.120608, 0.000000, 
24.186141, 0.000000, 
25.069175, 0.000000, 
26.170291, 0.000000, 
26.980124, 0.000000, 
28.199992, 0.000000, 
29.069747, 0.000000, 
30.040064, 0.000000, 
30.864519, 0.000000, 
32.098444, 0.000000, 
32.817150, 0.000000, 
33.919911, 0.000000, 
34.981743, 0.000000, 
36.101256, 0.000000, 
36.875597, 0.000000, 
37.897845, 0.000000, 
39.071507, 0.000000, 
40.130132, 0.000000, 
40.888569, 0.000000, 
42.191589, 0.000000, 
43.188130, 0.000000, 
44.086653, 0.000000, 
45.081780, 0.000000, 
46.128024, 0.000000, 
47.191363, 0.000000, 
47.923577, 0.000000, 
48.985652, 0.000000, 
49.832384, 0.000000, 
50.942895, 0.000000, 
52.004802, 0.000000, 
52.800285, 0.000000, 
53.842025, 0.000000, 
55.089948, 0.000000, 
56.153780, 0.000000, 
56.805168, 0.000000, 
58.190059, 0.000000, 
59.036031, 0.000000, 
60.049069, 0.000000, 
61.192766, 0.000000, 
62.012284, 0.000000, 
62.851116, 0.000000, 
63.907259, 0.000000, 
65.027002, 0.000000, 
66.026184, 0.000000, 
67.011214, 0.000000, 
68.025076, 0.000000, 
69.116457, 0.000000, 
70.110076, 0.000000, 
70.839061, 0.000000, 
71.822307, 0.000000, 
73.101049, 0.000000, 
73.970257, 0.000000, 
75.044704, 0.000000, 
76.002315, 0.000000, 
76.965513, 0.000000, 
78.192858, 0.000000, 
78.851479, 0.000000, 
80.112377, 0.000000, 
81.150458, 0.000000, 
82.124421, 0.000000, 
82.918400, 0.000000, 
83.973955, 0.000000, 
84.920442, 0.000000, 
85.856792, 0.000000, 
87.124979, 0.000000, 
87.962538, 0.000000, 
88.962840, 0.000000, 
90.042871, 0.000000, 
90.984259, 0.000000, 
91.823845, 0.000000, 
93.160053, 0.000000, 
93.847292, 0.000000, 
94.896989, 0.000000, 
96.168966, 0.000000, 
97.140704, 0.000000, 
98.139896, 0.000000, 
98.893207, 0.000000, 
100.022117, 0.000000, 
100.845018, 0.000000, 
102.104605, 0.000000, 
103.103833, 0.000000, 
103.827152, 0.000000, 
105.152273, 0.000000, 
106.026402, 0.000000, 
107.169236, 0.000000, 
107.992419, 0.000000, 
109.020758, 0.000000, 
109.824665, 0.000000, 
110.992610, 0.000000, 
111.994942, 0.000000, 
112.985086, 0.000000, 
113.883436, 0.000000, 
114.985925, 0.000000, 
115.833408, 0.000000, 
117.135050, 0.000000, 
117.927374, 0.000000, 
119.031445, 0.000000, 
120.119448, 0.000000, 
120.871812, 0.000000, 
122.192046, 0.000000, 
123.024685, 0.000000, 
124.095564, 0.000000, 
125.129620, 0.000000, 
126.047343, 0.000000, 
127.025707, 0.000000, 
128.044813, 0.000000, 
129.000760, 0.000000, 
130.085234, 0.000000, 
131.024710, 0.000000, 
132.019383, 0.000000, 
133.069855, 0.000000, 
134.056950, 0.000000, 
134.961005, 0.000000, 
135.845994, 0.000000, 
136.898646, 0.000000, 
137.957524, 0.000000, 
138.898581, 0.000000, 
140.032998, 0.000000, 
140.982238, 0.000000, 
141.932979, 0.000000, 
143.058106, 0.000000, 
143.929530, 0.000000, 
145.000973, 0.000000, 
146.113129, 0.000000, 
146.919980, 0.000000, 
147.998190, 0.000000, 
148.923763, 0.000000, 
149.851041, 0.000000, 
151.126117, 0.000000, 
152.006720, 0.000000, 
152.894322, 0.000000, 
154.172089, 0.000000, 
155.109381, 0.000000, 
156.017322, 0.000000, 
157.108104, 0.000000, 
157.966376, 0.000000, 
158.877047, 0.000000, 
159.941404, 0.000000, 
161.146891, 0.000000, 
161.926149, 0.000000, 
162.859279, 0.000000, 
163.861686, 0.000000, 
165.077573, 0.000000, 
165.965810, 0.000000, 
166.830276, 0.000000, 
167.905031, 0.000000, 
168.999020, 0.000000, 
170.119483, 0.000000, 
171.162689, 0.000000, 
172.089483, 0.000000, 
173.160583, 0.000000, 
174.137885, 0.000000, 
175.119725, 0.000000, 
176.102383, 0.000000, 
176.999317, 0.000000, 
177.872632, 0.000000, 
179.068151, 0.000000, 
180.031690, 0.000000, 
180.913410, 0.000000, 
181.838492, 0.000000, 
183.001657, 0.000000, 
184.075051, 0.000000, 
184.853831, 0.000000, 
186.167782, 0.000000, 
186.949002, 0.000000, 
187.959639, 0.000000, 
188.936965, 0.000000, 
189.916635, 0.000000, 
191.001321, 0.000000, 
191.829676, 0.000000, 
192.805223, 0.000000, 
194.074459, 0.000000, 
195.154034, 0.000000, 
196.164218, 0.000000, 
197.144506, 0.000000, 
197.930353, 0.000000, 
199.086773, 0.000000, 
