0.107869, 0.000000, 
0.900625, 0.000000, 
1.893736, 0.000000, 
2.871535, 0.000000, 
4.131027, 0.000000, 
5.027311, 0.000000, 
6.091145, 0.000000, 
6.885778, 0.000000, 
8.124329, 0.000000, 
8.904666, 0.000000, 
9.802811, 0.000000, 
11.136614, 0.000000, 
12.071857, 0.000000, 
12.831741, 0.000000, 
14.172120, 0.000000, 
15.149415, 0.000000, 
15.890790, 0.000000, 
17.165846, 0.000000, 
18.005445, 0.000000, 
18.823391, 0.000000, 
20.195424, 0.000000, 
20.863872, 0.000000, 
21.880348, 0.000000, 
23.025204, 0.000000, 
24.165107, 0.000000, 
24.989570, 0.000000, 
25.961641, 0.000000, 
27.067155, 0.000000, 
28.158146, 0.000000, 
28.874625, 0.000000, 
29.833673, 0.000000, 
31.136893, 0.000000, 
31.952318, 0.000000, 
33.007263, 0.000000, 
34.011300, 0.000000, 
35.101922, 0.000000, 
35.855171, 0.000000, 
36.856613, 0.000000, 
38.025685, 0.000000, 
39.021155, 0.000000, 
40.051954, 0.000000, 
40.962693, 0.000000, 
41.903971, 0.000000, 
43.060712, 0.000000, 
43.878044, 0.000000, 
45.029841, 0.000000, 
45.827633, 0.000000, 
46.954536, 0.000000, 
47.927331, 0.000000, 
48.928034, 0.000000, 
50.181686, 0.000000, 
51.070431, 0.000000, 
52.100353, 0.000000, 
53.031163, 0.000000, 
53.967551, 0.000000, 
55.129391, 0.000000, 
55.926140, 0.000000, 
56.996100, 0.000000, 
58.092388, 0.000000, 
59.098081, 0.000000, 
60.101429, 0.000000, 
60.844728, 0.000000, 
61.970622, 0.000000, 
63.111189, 0.000000, 
64.052236, 0.000000, 
64.945572, 0.000000, 
66.040753, 0.000000, 
66.919700, 0.000000, 
68.049103, 0.000000, 
68.853696, 0.000000, 
70.127343, 0.000000, 
71.121443, 0.000000, 
72.052156, 0.000000, 
73.132073, 0.000000, 
73.933001, 0.000000, 
75.120255, 0.000000, 
76.044640, 0.000000, 
76.864742, 0.000000, 
78.074715, 0.000000, 
78.838127, 0.000000, 
79.850289, 0.000000, 
80.916517, 0.000000, 
82.052138, 0.000000, 
83.010753, 0.000000, 
84.189189, 0.000000, 
84.976936, 0.000000, 
85.920737, 0.000000, 
86.811350, 0.000000, 
87.948218, 0.000000, 
89.050431, 0.000000, 
89.941088, 0.000000, 
90.881054, 0.000000, 
91.966201, 0.000000, 
92.976425, 0.000000, 
94.024441, 0.000000, 
94.868167, 0.000000, 
96.089685, 0.000000, 
97.085024, 0.000000, 
97.888049, 0.000000, 
99.076688, 0.000000, 
100.197854, 0.000000, 
100.819461, 0.000000, 
101.817095, 0.000000, 
102.818218, 0.000000, 
104.051756, 0.000000, 
105.184218, 0.000000, 
105.974422, 0.000000, 
106.853307, 0.000000, 
107.995526, 0.000000, 
109.178264, 0.000000, 
110.047944, 0.000000, 
110.918311, 0.000000, 
112.096091, 0.000000, 
113.082078, 0.000000, 
114.018336, 0.000000, 
114.994584, 0.000000, 
115.970544, 0.000000, 
116.899332, 0.000000, 
117.953790, 0.000000, 
119.001671, 0.000000, 
119.947346, 0.000000, 
121.193779, 0.000000, 
121.942516, 0.000000, 
123.172836, 0.000000, 
123.972605, 0.000000, 
124.848963, 0.000000, 
125.878229, 0.000000, 
126.858558, 0.000000, 
128.175166, 0.000000, 
128.986704, 0.000000, 
130.079189, 0.000000, 
130.943698, 0.000000, 
131.975275, 0.000000, 
133.062688, 0.000000, 
133.808610, 0.000000, 
135.010688, 0.000000, 
135.981964, 0.000000, 
136.928744, 0.000000, 
137.840404, 0.000000, 
139.187292, 0.000000, 
140.142487, 0.000000, 
140.837293, 0.000000, 
142.058929, 0.000000, 
143.009266, 0.000000, 
143.884984, 0.000000, 
145.000956, 0.000000, 
145.808291, 0.000000, 
147.132632, 0.000000, 
148.015417, 0.000000, 
148.868114, 0.000000, 
150.108558, 0.000000, 
151.143534, 0.000000, 
151.928929, 0.000000, 
153.149001, 0.000000, 
153.845187, 0.000000, 
155.126334, 0.000000, 
156.190819, 0.000000, 
156.912307, 0.000000, 
158.012959, 0.000000, 
158.829391, 0.000000, 
159.923779, 0.000000, 
160.809888, 0.000000, 
162.031384, 0.000000, 
162.917915, 0.000000, 
163.961391, 0.000000, 
164.887549, 0.000000, 
165.843233, 0.000000, 
167.114708, 0.000000, 
167.867955, 0.000000, 
169.033091, 0.000000, 
170.012622, 0.000000, 
171.108184, 0.000000, 
172.107343, 0.000000, 
172.947917, 0.000000, 
174.118880, 0.000000, 
175.157208, 0.000000, 
175.818382, 0.000000, 
176.860784, 0.000000, 
177.969213, 0.000000, 
179.026493, 0.000000, 
180.146843, 0.000000, 
180.970753, 0.000000, 
181.895968, 0.000000, 
183.017506, 0.000000, 
184.045400, 0.000000, 
184.801403, 0.000000, 
186.061952, 0.000000, 
187.010367, 0.000000, 
188.056115, 0.000000, 
188.865311, 0.000000, 
190.102848, 0.000000, 
191.188670, 0.000000, 
192.055578, 0.000000, 
192.868767, 0.000000, 
194.096378, 0.000000, 
194.978906, 0.000000, 
196.169388, 0.000000, 
196.882537, 0.000000, 
197.967033, 0.000000, 
198.935429, 0.000000, 
