0.112909, 0.000000, 
1.073352, 0.000000, 
1.959578, 0.000000, 
3.060596, 0.000000, 
4.059520, 0.000000, 
4.907001, 0.000000, 
5.833466, 0.000000, 
7.296618, 0.000000, 
7.729531, 0.000000, 
8.903794, 0.000000, 
9.821899, 0.000000, 
10.820223, 0.000000, 
12.065036, 0.000000, 
13.167320, 0.000000, 
14.216096, 0.000000, 
15.241421, 0.000000, 
15.729042, 0.000000, 
16.799201, 0.000000, 
17.879178, 0.000000, 
19.031368, 0.000000, 
20.105864, 0.000000, 
21.238910, 0.000000, 
22.005825, 0.000000, 
23.016454, 0.000000, 
23.760155, 0.000000, 
24.748844, 0.000000, 
26.128578, 0.000000, 
26.860910, 0.000000, 
28.102098, 0.000000, 
29.251862, 0.000000, 
30.071123, 0.000000, 
31.179282, 0.000000, 
32.061183, 0.000000, 
32.850790, 0.000000, 
34.146006, 0.000000, 
35.129265, 0.000000, 
36.160053, 0.000000, 
36.803073, 0.000000, 
38.187995, 0.000000, 
39.040477, 0.000000, 
39.762398, 0.000000, 
40.946852, 0.000000, 
41.774664, 0.000000, 
43.190417, 0.000000, 
43.969719, 0.000000, 
44.774511, 0.000000, 
46.210466, 0.000000, 
47.225445, 0.000000, 
47.953461, 0.000000, 
48.754993, 0.000000, 
49.776240, 0.000000, 
50.788926, 0.000000, 
51.769429, 0.000000, 
52.797034, 0.000000, 
53.853265, 0.000000, 
55.039345, 0.000000, 
55.998447, 0.000000, 
57.155990, 0.000000, 
58.230543, 0.000000, 
58.719126, 0.000000, 
59.846847, 0.000000, 
61.078549, 0.000000, 
61.954239, 0.000000, 
62.894076, 0.000000, 
63.975497, 0.000000, 
65.061394, 0.000000, 
66.259770, 0.000000, 
66.718252, 0.000000, 
68.023495, 0.000000, 
68.902168, 0.000000, 
70.239576, 0.000000, 
71.119966, 0.000000, 
72.207958, 0.000000, 
72.876625, 0.000000, 
74.066330, 0.000000, 
75.268281, 0.000000, 
75.886496, 0.000000, 
76.936187, 0.000000, 
77.885073, 0.000000, 
79.210423, 0.000000, 
79.863389, 0.000000, 
81.256189, 0.000000, 
81.886984, 0.000000, 
83.271685, 0.000000, 
83.854523, 0.000000, 
85.157725, 0.000000, 
86.033075, 0.000000, 
86.719648, 0.000000, 
88.114224, 0.000000, 
89.260000, 0.000000, 
90.000072, 0.000000, 
91.275012, 0.000000, 
92.231433, 0.000000, 
92.798512, 0.000000, 
93.774541, 0.000000, 
95.087617, 0.000000, 
96.158041, 0.000000, 
97.215193, 0.000000, 
97.859463, 0.000000, 
99.118894, 0.000000, 
99.963791, 0.000000, 
100.745486, 0.000000, 
102.190102, 0.000000, 
102.764673, 0.000000, 
104.165670, 0.000000, 
104.883898, 0.000000, 
106.023121, 0.000000, 
107.241856, 0.000000, 
107.853657, 0.000000, 
108.965215, 0.000000, 
110.222721, 0.000000, 
111.227012, 0.000000, 
111.835272, 0.000000, 
112.726078, 0.000000, 
114.295322, 0.000000, 
115.255406, 0.000000, 
116.044756, 0.000000, 
116.986480, 0.000000, 
118.104703, 0.000000, 
118.726542, 0.000000, 
119.948997, 0.000000, 
120.826001, 0.000000, 
122.120932, 0.000000, 
123.047698, 0.000000, 
123.972607, 0.000000, 
125.031807, 0.000000, 
125.897559, 0.000000, 
127.156060, 0.000000, 
127.785833, 0.000000, 
128.833865, 0.000000, 
129.734258, 0.000000, 
131.165878, 0.000000, 
132.105675, 0.000000, 
132.780026, 0.000000, 
134.108086, 0.000000, 
135.238499, 0.000000, 
136.236759, 0.000000, 
136.996625, 0.000000, 
138.055653, 0.000000, 
138.791715, 0.000000, 
140.224894, 0.000000, 
140.899925, 0.000000, 
141.752859, 0.000000, 
142.979196, 0.000000, 
143.759954, 0.000000, 
144.779607, 0.000000, 
145.899746, 0.000000, 
147.046947, 0.000000, 
148.077655, 0.000000, 
149.182852, 0.000000, 
149.903952, 0.000000, 
151.050417, 0.000000, 
151.731735, 0.000000, 
153.052695, 0.000000, 
154.183601, 0.000000, 
155.191622, 0.000000, 
156.258458, 0.000000, 
156.806576, 0.000000, 
157.961009, 0.000000, 
159.176966, 0.000000, 
160.242522, 0.000000, 
160.929834, 0.000000, 
162.245539, 0.000000, 
163.148146, 0.000000, 
164.100524, 0.000000, 
165.099278, 0.000000, 
166.027963, 0.000000, 
166.948761, 0.000000, 
167.873060, 0.000000, 
168.938946, 0.000000, 
170.048101, 0.000000, 
170.734701, 0.000000, 
172.086652, 0.000000, 
172.959215, 0.000000, 
173.928376, 0.000000, 
174.729606, 0.000000, 
176.162480, 0.000000, 
177.226448, 0.000000, 
177.930435, 0.000000, 
179.280120, 0.000000, 
179.949572, 0.000000, 
181.078839, 0.000000, 
181.986803, 0.000000, 
183.126843, 0.000000, 
184.049669, 0.000000, 
185.244619, 0.000000, 
185.947178, 0.000000, 
186.718226, 0.000000, 
187.903225, 0.000000, 
188.896741, 0.000000, 
190.122098, 0.000000, 
190.894973, 0.000000, 
192.143296, 0.000000, 
193.131542, 0.000000, 
193.941058, 0.000000, 
194.950458, 0.000000, 
196.161661, 0.000000, 
196.885142, 0.000000, 
198.047695, 0.000000, 
198.734422, 0.000000, 
