-0.135528, 0.000000, 
1.289902, 0.000000, 
1.505989, 0.000000, 
2.966981, 0.000000, 
4.373123, 0.000000, 
5.151474, 0.000000, 
6.219991, 0.000000, 
6.840136, 0.000000, 
7.535174, 0.000000, 
9.114115, 0.000000, 
10.025401, 0.000000, 
11.040142, 0.000000, 
12.075259, 0.000000, 
12.848391, 0.000000, 
14.452715, 0.000000, 
15.254257, 0.000000, 
16.294128, 0.000000, 
16.852174, 0.000000, 
18.014190, 0.000000, 
19.089771, 0.000000, 
19.834681, 0.000000, 
20.909225, 0.000000, 
22.052903, 0.000000, 
23.033460, 0.000000, 
23.565135, 0.000000, 
24.648547, 0.000000, 
25.613917, 0.000000, 
27.134470, 0.000000, 
27.929513, 0.000000, 
29.271295, 0.000000, 
30.351003, 0.000000, 
30.838485, 0.000000, 
31.552464, 0.000000, 
33.217907, 0.000000, 
33.983359, 0.000000, 
34.547393, 0.000000, 
36.229098, 0.000000, 
37.181606, 0.000000, 
38.460596, 0.000000, 
38.685891, 0.000000, 
39.707170, 0.000000, 
41.147624, 0.000000, 
41.860695, 0.000000, 
42.530177, 0.000000, 
44.269379, 0.000000, 
44.719104, 0.000000, 
45.919306, 0.000000, 
46.967273, 0.000000, 
47.741686, 0.000000, 
48.793519, 0.000000, 
49.655473, 0.000000, 
51.008531, 0.000000, 
52.415782, 0.000000, 
53.005991, 0.000000, 
54.174029, 0.000000, 
54.521157, 0.000000, 
55.926038, 0.000000, 
57.110516, 0.000000, 
58.285838, 0.000000, 
58.646140, 0.000000, 
59.622939, 0.000000, 
60.833826, 0.000000, 
61.914952, 0.000000, 
63.489107, 0.000000, 
63.624344, 0.000000, 
64.523925, 0.000000, 
65.985858, 0.000000, 
67.474076, 0.000000, 
68.232592, 0.000000, 
69.340385, 0.000000, 
69.689454, 0.000000, 
71.177258, 0.000000, 
71.856706, 0.000000, 
73.229767, 0.000000, 
73.609006, 0.000000, 
75.138215, 0.000000, 
75.519493, 0.000000, 
76.625189, 0.000000, 
77.860008, 0.000000, 
79.454908, 0.000000, 
79.744014, 0.000000, 
81.305366, 0.000000, 
81.797470, 0.000000, 
82.615842, 0.000000, 
83.941971, 0.000000, 
84.989821, 0.000000, 
86.058434, 0.000000, 
86.677670, 0.000000, 
88.291689, 0.000000, 
88.913603, 0.000000, 
90.440868, 0.000000, 
90.962601, 0.000000, 
92.329845, 0.000000, 
93.004371, 0.000000, 
93.943781, 0.000000, 
95.044814, 0.000000, 
96.107406, 0.000000, 
96.780074, 0.000000, 
97.821816, 0.000000, 
99.406491, 0.000000, 
100.265756, 0.000000, 
101.458018, 0.000000, 
101.525997, 0.000000, 
103.127011, 0.000000, 
103.830383, 0.000000, 
105.093342, 0.000000, 
106.040057, 0.000000, 
107.198462, 0.000000, 
108.429909, 0.000000, 
109.081530, 0.000000, 
109.776548, 0.000000, 
110.633041, 0.000000, 
112.122634, 0.000000, 
112.859054, 0.000000, 
114.244563, 0.000000, 
114.711114, 0.000000, 
115.864568, 0.000000, 
117.250779, 0.000000, 
118.309928, 0.000000, 
119.473458, 0.000000, 
120.158213, 0.000000, 
120.714815, 0.000000, 
121.575043, 0.000000, 
123.278555, 0.000000, 
124.205181, 0.000000, 
125.358508, 0.000000, 
126.004359, 0.000000, 
127.082478, 0.000000, 
127.779053, 0.000000, 
128.962004, 0.000000, 
129.554723, 0.000000, 
131.403906, 0.000000, 
132.010702, 0.000000, 
133.498750, 0.000000, 
133.854381, 0.000000, 
135.205147, 0.000000, 
136.462217, 0.000000, 
136.606344, 0.000000, 
138.112739, 0.000000, 
138.751502, 0.000000, 
140.452261, 0.000000, 
140.577299, 0.000000, 
142.018843, 0.000000, 
142.883305, 0.000000, 
144.317602, 0.000000, 
144.664486, 0.000000, 
145.608091, 0.000000, 
146.980521, 0.000000, 
147.731221, 0.000000, 
149.291416, 0.000000, 
150.160647, 0.000000, 
151.210929, 0.000000, 
151.584426, 0.000000, 
152.528003, 0.000000, 
153.696510, 0.000000, 
154.854217, 0.000000, 
155.629695, 0.000000, 
156.550673, 0.000000, 
157.952560, 0.000000, 
159.248649, 0.000000, 
159.952023, 0.000000, 
161.379212, 0.000000, 
162.126577, 0.000000, 
162.958947, 0.000000, 
164.277393, 0.000000, 
164.947999, 0.000000, 
165.831780, 0.000000, 
167.115419, 0.000000, 
168.041877, 0.000000, 
168.552420, 0.000000, 
170.157161, 0.000000, 
171.056366, 0.000000, 
171.742997, 0.000000, 
173.255842, 0.000000, 
173.753965, 0.000000, 
175.379112, 0.000000, 
175.704137, 0.000000, 
176.533548, 0.000000, 
178.124946, 0.000000, 
179.233957, 0.000000, 
179.887468, 0.000000, 
181.288043, 0.000000, 
181.851521, 0.000000, 
183.265651, 0.000000, 
183.803390, 0.000000, 
184.660726, 0.000000, 
186.411846, 0.000000, 
186.916201, 0.000000, 
187.589532, 0.000000, 
189.368936, 0.000000, 
190.101832, 0.000000, 
191.360592, 0.000000, 
192.375940, 0.000000, 
192.713850, 0.000000, 
193.691993, 0.000000, 
195.389313, 0.000000, 
195.563026, 0.000000, 
196.557638, 0.000000, 
198.109136, 0.000000, 
198.761336, 0.000000, 
