-0.092293, 0.000000, 
1.029872, 0.000000, 
1.980431, 0.000000, 
3.089346, 0.000000, 
4.020231, 0.000000, 
4.928442, 0.000000, 
6.067649, 0.000000, 
7.024969, 0.000000, 
8.006845, 0.000000, 
8.992653, 0.000000, 
9.995456, 0.000000, 
11.032380, 0.000000, 
12.087202, 0.000000, 
12.926230, 0.000000, 
13.987157, 0.000000, 
14.992686, 0.000000, 
15.908437, 0.000000, 
17.019623, 0.000000, 
18.074012, 0.000000, 
18.974382, 0.000000, 
20.053958, 0.000000, 
21.022646, 0.000000, 
22.055212, 0.000000, 
22.930738, 0.000000, 
24.081577, 0.000000, 
25.069276, 0.000000, 
25.955777, 0.000000, 
27.039176, 0.000000, 
27.969859, 0.000000, 
29.054116, 0.000000, 
30.020150, 0.000000, 
30.950398, 0.000000, 
31.922818, 0.000000, 
32.995164, 0.000000, 
33.918275, 0.000000, 
35.036500, 0.000000, 
36.071980, 0.000000, 
36.942512, 0.000000, 
37.972618, 0.000000, 
38.999094, 0.000000, 
39.971722, 0.000000, 
41.048994, 0.000000, 
42.041319, 0.000000, 
42.990267, 0.000000, 
44.099137, 0.000000, 
45.086350, 0.000000, 
46.004690, 0.000000, 
46.929805, 0.000000, 
47.912899, 0.000000, 
48.986789, 0.000000, 
50.073263, 0.000000, 
50.963182, 0.000000, 
52.047102, 0.000000, 
52.909721, 0.000000, 
54.043241, 0.000000, 
55.046479, 0.000000, 
55.929583, 0.000000, 
56.954366, 0.000000, 
58.076655, 0.000000, 
59.054371, 0.000000, 
59.952999, 0.000000, 
60.952272, 0.000000, 
62.007845, 0.000000, 
63.033990, 0.000000, 
64.093399, 0.000000, 
65.032935, 0.000000, 
65.960791, 0.000000, 
67.078401, 0.000000, 
68.090208, 0.000000, 
68.933506, 0.000000, 
70.024992, 0.000000, 
70.951037, 0.000000, 
71.907990, 0.000000, 
73.073417, 0.000000, 
73.966388, 0.000000, 
75.031895, 0.000000, 
76.032754, 0.000000, 
76.916121, 0.000000, 
78.015461, 0.000000, 
78.984940, 0.000000, 
79.957685, 0.000000, 
81.071613, 0.000000, 
82.095999, 0.000000, 
82.944606, 0.000000, 
84.009930, 0.000000, 
84.919122, 0.000000, 
85.974484, 0.000000, 
86.903332, 0.000000, 
88.099871, 0.000000, 
89.017710, 0.000000, 
89.903122, 0.000000, 
90.974139, 0.000000, 
91.905270, 0.000000, 
93.055459, 0.000000, 
94.014695, 0.000000, 
94.944719, 0.000000, 
96.007608, 0.000000, 
96.914921, 0.000000, 
97.934393, 0.000000, 
99.009215, 0.000000, 
99.910986, 0.000000, 
100.956732, 0.000000, 
102.032952, 0.000000, 
102.940895, 0.000000, 
104.007354, 0.000000, 
105.002522, 0.000000, 
106.075251, 0.000000, 
107.027177, 0.000000, 
108.002831, 0.000000, 
109.010751, 0.000000, 
110.096356, 0.000000, 
110.966403, 0.000000, 
111.987549, 0.000000, 
113.010739, 0.000000, 
113.980505, 0.000000, 
115.003900, 0.000000, 
115.933901, 0.000000, 
116.965573, 0.000000, 
118.031904, 0.000000, 
119.005337, 0.000000, 
119.952132, 0.000000, 
121.018675, 0.000000, 
122.059128, 0.000000, 
122.926288, 0.000000, 
123.962920, 0.000000, 
124.939762, 0.000000, 
125.946331, 0.000000, 
126.918413, 0.000000, 
127.934217, 0.000000, 
128.912370, 0.000000, 
130.059863, 0.000000, 
130.999520, 0.000000, 
132.007836, 0.000000, 
132.981222, 0.000000, 
134.048365, 0.000000, 
135.014025, 0.000000, 
136.051931, 0.000000, 
136.908390, 0.000000, 
138.075749, 0.000000, 
139.014578, 0.000000, 
140.052930, 0.000000, 
140.954315, 0.000000, 
142.095052, 0.000000, 
142.977988, 0.000000, 
144.019047, 0.000000, 
144.936629, 0.000000, 
145.909160, 0.000000, 
147.025643, 0.000000, 
147.919428, 0.000000, 
149.088913, 0.000000, 
149.908757, 0.000000, 
151.002780, 0.000000, 
151.986309, 0.000000, 
152.987040, 0.000000, 
153.987391, 0.000000, 
154.951097, 0.000000, 
156.074435, 0.000000, 
156.977578, 0.000000, 
158.032992, 0.000000, 
159.003477, 0.000000, 
160.066784, 0.000000, 
160.952083, 0.000000, 
162.052970, 0.000000, 
163.000652, 0.000000, 
164.078181, 0.000000, 
165.082813, 0.000000, 
165.903903, 0.000000, 
166.993214, 0.000000, 
167.979053, 0.000000, 
169.059952, 0.000000, 
169.936057, 0.000000, 
171.053108, 0.000000, 
171.945591, 0.000000, 
173.014666, 0.000000, 
174.094769, 0.000000, 
175.028967, 0.000000, 
175.981546, 0.000000, 
177.023876, 0.000000, 
177.914679, 0.000000, 
178.951339, 0.000000, 
179.985889, 0.000000, 
180.946906, 0.000000, 
181.945959, 0.000000, 
182.957567, 0.000000, 
184.037007, 0.000000, 
184.989638, 0.000000, 
185.927114, 0.000000, 
186.994878, 0.000000, 
188.036519, 0.000000, 
188.924135, 0.000000, 
189.998886, 0.000000, 
190.988857, 0.000000, 
191.909853, 0.000000, 
192.966632, 0.000000, 
193.998385, 0.000000, 
194.968783, 0.000000, 
195.935855, 0.000000, 
196.999089, 0.000000, 
198.037243, 0.000000, 
198.935725, 0.000000, 
