-0.044966, 0.000000, 
0.975039, 0.000000, 
2.039532, 0.000000, 
3.023253, 0.000000, 
3.986620, 0.000000, 
4.982047, 0.000000, 
5.991831, 0.000000, 
6.997995, 0.000000, 
8.054191, 0.000000, 
8.986162, 0.000000, 
10.048560, 0.000000, 
10.915303, 0.000000, 
12.055609, 0.000000, 
13.096335, 0.000000, 
13.939634, 0.000000, 
15.053661, 0.000000, 
16.019238, 0.000000, 
17.050271, 0.000000, 
17.922337, 0.000000, 
18.905633, 0.000000, 
20.062405, 0.000000, 
20.907388, 0.000000, 
22.038956, 0.000000, 
23.092327, 0.000000, 
23.983092, 0.000000, 
25.001512, 0.000000, 
25.993240, 0.000000, 
27.002935, 0.000000, 
27.951153, 0.000000, 
29.082027, 0.000000, 
29.985134, 0.000000, 
30.913761, 0.000000, 
31.975896, 0.000000, 
32.937640, 0.000000, 
34.015219, 0.000000, 
35.047659, 0.000000, 
35.941578, 0.000000, 
36.967527, 0.000000, 
37.923402, 0.000000, 
39.089430, 0.000000, 
40.096599, 0.000000, 
40.946332, 0.000000, 
41.902093, 0.000000, 
43.076217, 0.000000, 
43.970261, 0.000000, 
45.082458, 0.000000, 
46.086414, 0.000000, 
47.097057, 0.000000, 
48.039607, 0.000000, 
49.046744, 0.000000, 
49.981243, 0.000000, 
50.954497, 0.000000, 
51.952284, 0.000000, 
52.931357, 0.000000, 
53.917768, 0.000000, 
55.027203, 0.000000, 
55.992975, 0.000000, 
56.930036, 0.000000, 
58.025603, 0.000000, 
58.978134, 0.000000, 
59.982168, 0.000000, 
61.094180, 0.000000, 
61.936248, 0.000000, 
62.960699, 0.000000, 
64.024834, 0.000000, 
65.067548, 0.000000, 
66.073709, 0.000000, 
66.983984, 0.000000, 
68.041007, 0.000000, 
68.985984, 0.000000, 
70.011515, 0.000000, 
70.963037, 0.000000, 
72.022048, 0.000000, 
72.985414, 0.000000, 
74.032486, 0.000000, 
74.986693, 0.000000, 
76.088668, 0.000000, 
76.907530, 0.000000, 
78.093452, 0.000000, 
79.030788, 0.000000, 
80.088041, 0.000000, 
81.000303, 0.000000, 
81.935888, 0.000000, 
82.907058, 0.000000, 
84.077102, 0.000000, 
84.966152, 0.000000, 
85.935118, 0.000000, 
86.909416, 0.000000, 
88.021031, 0.000000, 
89.085381, 0.000000, 
90.085640, 0.000000, 
90.938319, 0.000000, 
92.040802, 0.000000, 
93.077038, 0.000000, 
93.940133, 0.000000, 
95.077198, 0.000000, 
96.011280, 0.000000, 
96.988880, 0.000000, 
97.987475, 0.000000, 
99.073622, 0.000000, 
99.954471, 0.000000, 
100.976619, 0.000000, 
101.977135, 0.000000, 
102.904990, 0.000000, 
104.003822, 0.000000, 
104.918235, 0.000000, 
105.979323, 0.000000, 
106.963995, 0.000000, 
107.940364, 0.000000, 
108.905781, 0.000000, 
110.029299, 0.000000, 
110.942144, 0.000000, 
111.981604, 0.000000, 
112.948975, 0.000000, 
114.034516, 0.000000, 
114.902368, 0.000000, 
115.920972, 0.000000, 
116.993067, 0.000000, 
118.069285, 0.000000, 
119.088696, 0.000000, 
120.071268, 0.000000, 
121.001968, 0.000000, 
122.037428, 0.000000, 
123.085721, 0.000000, 
124.019864, 0.000000, 
125.093176, 0.000000, 
126.092252, 0.000000, 
126.953800, 0.000000, 
128.076816, 0.000000, 
128.939132, 0.000000, 
130.065358, 0.000000, 
131.022288, 0.000000, 
132.001086, 0.000000, 
133.098980, 0.000000, 
133.918922, 0.000000, 
134.968379, 0.000000, 
136.019235, 0.000000, 
137.027368, 0.000000, 
137.914779, 0.000000, 
138.905756, 0.000000, 
139.939499, 0.000000, 
140.999653, 0.000000, 
141.936667, 0.000000, 
143.081105, 0.000000, 
143.980688, 0.000000, 
145.003788, 0.000000, 
146.041872, 0.000000, 
147.043482, 0.000000, 
148.090275, 0.000000, 
148.983784, 0.000000, 
150.099381, 0.000000, 
151.013434, 0.000000, 
152.089796, 0.000000, 
153.010311, 0.000000, 
154.066914, 0.000000, 
154.919971, 0.000000, 
155.959449, 0.000000, 
156.976049, 0.000000, 
158.092813, 0.000000, 
159.048398, 0.000000, 
160.034743, 0.000000, 
161.035115, 0.000000, 
161.941358, 0.000000, 
163.047027, 0.000000, 
163.942946, 0.000000, 
165.009791, 0.000000, 
165.988002, 0.000000, 
167.096874, 0.000000, 
168.098508, 0.000000, 
169.098478, 0.000000, 
170.015544, 0.000000, 
171.051142, 0.000000, 
172.080608, 0.000000, 
172.947711, 0.000000, 
174.041466, 0.000000, 
175.002461, 0.000000, 
175.994853, 0.000000, 
176.920112, 0.000000, 
177.901312, 0.000000, 
178.923983, 0.000000, 
179.981519, 0.000000, 
181.061360, 0.000000, 
181.964010, 0.000000, 
182.949928, 0.000000, 
183.947153, 0.000000, 
185.008663, 0.000000, 
185.971590, 0.000000, 
186.917434, 0.000000, 
188.011280, 0.000000, 
189.093585, 0.000000, 
189.954598, 0.000000, 
191.091406, 0.000000, 
192.089816, 0.000000, 
193.069489, 0.000000, 
194.011207, 0.000000, 
195.023096, 0.000000, 
196.006274, 0.000000, 
197.047780, 0.000000, 
198.042487, 0.000000, 
198.966036, 0.000000, 
