-0.026859, 0.000000, 
1.075576, 0.000000, 
1.988758, 0.000000, 
3.066379, 0.000000, 
4.059943, 0.000000, 
5.068249, 0.000000, 
5.991352, 0.000000, 
6.914319, 0.000000, 
8.023191, 0.000000, 
9.057274, 0.000000, 
10.038748, 0.000000, 
10.956362, 0.000000, 
11.943118, 0.000000, 
12.984558, 0.000000, 
13.917821, 0.000000, 
15.056564, 0.000000, 
15.969711, 0.000000, 
16.995203, 0.000000, 
18.010631, 0.000000, 
19.056145, 0.000000, 
20.039035, 0.000000, 
20.915283, 0.000000, 
21.959389, 0.000000, 
23.074614, 0.000000, 
23.929890, 0.000000, 
25.025975, 0.000000, 
25.947412, 0.000000, 
27.085074, 0.000000, 
28.049486, 0.000000, 
29.030484, 0.000000, 
29.979739, 0.000000, 
31.096444, 0.000000, 
32.094722, 0.000000, 
33.034456, 0.000000, 
33.942273, 0.000000, 
35.074841, 0.000000, 
36.074374, 0.000000, 
36.957570, 0.000000, 
37.923840, 0.000000, 
38.980786, 0.000000, 
40.011521, 0.000000, 
40.985245, 0.000000, 
41.912817, 0.000000, 
43.067506, 0.000000, 
44.040739, 0.000000, 
44.986304, 0.000000, 
46.090503, 0.000000, 
46.912469, 0.000000, 
48.053533, 0.000000, 
49.054722, 0.000000, 
50.067802, 0.000000, 
50.985042, 0.000000, 
52.009177, 0.000000, 
53.093036, 0.000000, 
54.088872, 0.000000, 
54.916004, 0.000000, 
55.911543, 0.000000, 
57.016378, 0.000000, 
58.024318, 0.000000, 
58.964089, 0.000000, 
60.031045, 0.000000, 
60.998934, 0.000000, 
62.087136, 0.000000, 
62.958798, 0.000000, 
64.019381, 0.000000, 
65.099398, 0.000000, 
65.905885, 0.000000, 
67.008880, 0.000000, 
68.047708, 0.000000, 
68.910182, 0.000000, 
70.003756, 0.000000, 
71.040730, 0.000000, 
72.089512, 0.000000, 
73.051221, 0.000000, 
73.988978, 0.000000, 
75.062314, 0.000000, 
76.029599, 0.000000, 
76.982292, 0.000000, 
77.951244, 0.000000, 
78.937239, 0.000000, 
80.005734, 0.000000, 
81.035053, 0.000000, 
82.017716, 0.000000, 
82.979268, 0.000000, 
83.975693, 0.000000, 
84.961625, 0.000000, 
85.927765, 0.000000, 
86.949045, 0.000000, 
88.030808, 0.000000, 
88.931671, 0.000000, 
89.971017, 0.000000, 
91.049324, 0.000000, 
92.023092, 0.000000, 
93.029483, 0.000000, 
93.956703, 0.000000, 
94.975069, 0.000000, 
95.964284, 0.000000, 
96.932305, 0.000000, 
97.904346, 0.000000, 
98.902225, 0.000000, 
100.073985, 0.000000, 
101.026551, 0.000000, 
101.912482, 0.000000, 
102.988278, 0.000000, 
104.067417, 0.000000, 
105.089960, 0.000000, 
106.056131, 0.000000, 
106.925476, 0.000000, 
107.933210, 0.000000, 
109.046930, 0.000000, 
110.083415, 0.000000, 
110.972664, 0.000000, 
112.090849, 0.000000, 
112.940475, 0.000000, 
113.905755, 0.000000, 
114.980094, 0.000000, 
115.986457, 0.000000, 
117.078628, 0.000000, 
117.909443, 0.000000, 
119.075280, 0.000000, 
120.010419, 0.000000, 
120.947495, 0.000000, 
121.919883, 0.000000, 
123.075722, 0.000000, 
123.949614, 0.000000, 
124.904968, 0.000000, 
126.067862, 0.000000, 
126.924964, 0.000000, 
127.963838, 0.000000, 
128.913474, 0.000000, 
130.079875, 0.000000, 
131.067542, 0.000000, 
132.025397, 0.000000, 
132.995175, 0.000000, 
133.963062, 0.000000, 
134.949265, 0.000000, 
135.911127, 0.000000, 
137.002216, 0.000000, 
138.015793, 0.000000, 
138.944521, 0.000000, 
140.001696, 0.000000, 
140.951253, 0.000000, 
142.082823, 0.000000, 
142.957353, 0.000000, 
144.017271, 0.000000, 
145.023369, 0.000000, 
145.919361, 0.000000, 
147.029672, 0.000000, 
147.998981, 0.000000, 
149.014412, 0.000000, 
149.908969, 0.000000, 
150.993990, 0.000000, 
152.011678, 0.000000, 
152.904550, 0.000000, 
154.092114, 0.000000, 
154.915113, 0.000000, 
156.050863, 0.000000, 
156.993012, 0.000000, 
157.906039, 0.000000, 
159.072315, 0.000000, 
159.931952, 0.000000, 
161.093608, 0.000000, 
162.017291, 0.000000, 
162.959908, 0.000000, 
164.076624, 0.000000, 
164.976644, 0.000000, 
166.045046, 0.000000, 
166.965005, 0.000000, 
167.997586, 0.000000, 
169.069795, 0.000000, 
169.960583, 0.000000, 
171.034583, 0.000000, 
171.901496, 0.000000, 
173.084096, 0.000000, 
173.907339, 0.000000, 
174.925079, 0.000000, 
175.949571, 0.000000, 
176.965300, 0.000000, 
178.060791, 0.000000, 
178.999027, 0.000000, 
179.949421, 0.000000, 
180.987548, 0.000000, 
182.002913, 0.000000, 
182.986200, 0.000000, 
183.962095, 0.000000, 
184.991002, 0.000000, 
185.989148, 0.000000, 
187.011824, 0.000000, 
187.927498, 0.000000, 
188.995922, 0.000000, 
189.925135, 0.000000, 
190.923158, 0.000000, 
192.098812, 0.000000, 
193.006531, 0.000000, 
193.915540, 0.000000, 
194.946858, 0.000000, 
195.966296, 0.000000, 
197.014585, 0.000000, 
198.079402, 0.000000, 
198.980880, 0.000000, 
