-0.043660, 0.000000, 
0.966941, 0.000000, 
2.084843, 0.000000, 
2.921763, 0.000000, 
4.095250, 0.000000, 
4.974541, 0.000000, 
5.968701, 0.000000, 
6.927983, 0.000000, 
7.999246, 0.000000, 
9.071379, 0.000000, 
10.006013, 0.000000, 
11.003591, 0.000000, 
12.029133, 0.000000, 
13.086892, 0.000000, 
13.915964, 0.000000, 
14.984099, 0.000000, 
15.990474, 0.000000, 
17.019370, 0.000000, 
17.981447, 0.000000, 
19.097449, 0.000000, 
20.097712, 0.000000, 
20.952225, 0.000000, 
21.984443, 0.000000, 
23.097155, 0.000000, 
23.922374, 0.000000, 
25.026124, 0.000000, 
26.007524, 0.000000, 
26.979607, 0.000000, 
28.032899, 0.000000, 
28.987339, 0.000000, 
29.951047, 0.000000, 
31.046720, 0.000000, 
31.984715, 0.000000, 
32.966582, 0.000000, 
34.066679, 0.000000, 
35.009785, 0.000000, 
36.079564, 0.000000, 
37.037714, 0.000000, 
37.916826, 0.000000, 
39.028690, 0.000000, 
39.909045, 0.000000, 
41.093723, 0.000000, 
42.076456, 0.000000, 
43.009535, 0.000000, 
44.047867, 0.000000, 
45.079518, 0.000000, 
45.951501, 0.000000, 
46.925150, 0.000000, 
48.021709, 0.000000, 
49.086131, 0.000000, 
49.909126, 0.000000, 
50.984342, 0.000000, 
51.942448, 0.000000, 
52.993803, 0.000000, 
53.939003, 0.000000, 
54.995335, 0.000000, 
55.966310, 0.000000, 
57.091090, 0.000000, 
58.060347, 0.000000, 
58.957080, 0.000000, 
60.095993, 0.000000, 
61.090511, 0.000000, 
61.989315, 0.000000, 
62.932375, 0.000000, 
63.909338, 0.000000, 
65.039353, 0.000000, 
66.074909, 0.000000, 
66.979905, 0.000000, 
67.980556, 0.000000, 
69.035957, 0.000000, 
70.018826, 0.000000, 
70.992602, 0.000000, 
72.011489, 0.000000, 
72.982502, 0.000000, 
73.920639, 0.000000, 
75.061833, 0.000000, 
75.969444, 0.000000, 
76.908008, 0.000000, 
77.905381, 0.000000, 
79.033027, 0.000000, 
79.977022, 0.000000, 
81.074104, 0.000000, 
82.065799, 0.000000, 
83.034999, 0.000000, 
84.087191, 0.000000, 
85.021085, 0.000000, 
86.098444, 0.000000, 
87.077208, 0.000000, 
87.977447, 0.000000, 
88.934296, 0.000000, 
90.031835, 0.000000, 
91.077751, 0.000000, 
91.973640, 0.000000, 
93.093736, 0.000000, 
94.076754, 0.000000, 
94.916858, 0.000000, 
96.037244, 0.000000, 
96.980428, 0.000000, 
98.067482, 0.000000, 
98.999222, 0.000000, 
99.999290, 0.000000, 
100.926965, 0.000000, 
102.010856, 0.000000, 
103.062810, 0.000000, 
103.941248, 0.000000, 
105.020829, 0.000000, 
105.966746, 0.000000, 
107.040115, 0.000000, 
108.006228, 0.000000, 
109.059628, 0.000000, 
110.010376, 0.000000, 
111.051340, 0.000000, 
111.975636, 0.000000, 
112.933824, 0.000000, 
114.032206, 0.000000, 
115.024309, 0.000000, 
116.040284, 0.000000, 
116.983670, 0.000000, 
118.024805, 0.000000, 
119.015858, 0.000000, 
120.031230, 0.000000, 
120.981624, 0.000000, 
122.049021, 0.000000, 
123.042308, 0.000000, 
124.008975, 0.000000, 
125.068921, 0.000000, 
126.017236, 0.000000, 
127.070496, 0.000000, 
128.011237, 0.000000, 
128.905112, 0.000000, 
129.911491, 0.000000, 
131.077101, 0.000000, 
132.049444, 0.000000, 
132.954658, 0.000000, 
134.050859, 0.000000, 
134.928024, 0.000000, 
136.051702, 0.000000, 
137.006941, 0.000000, 
138.086153, 0.000000, 
138.910095, 0.000000, 
139.918852, 0.000000, 
141.002114, 0.000000, 
141.928575, 0.000000, 
143.083481, 0.000000, 
143.977664, 0.000000, 
144.991177, 0.000000, 
146.090563, 0.000000, 
147.086040, 0.000000, 
148.074710, 0.000000, 
148.964869, 0.000000, 
150.083037, 0.000000, 
151.039980, 0.000000, 
151.980581, 0.000000, 
153.044927, 0.000000, 
153.969804, 0.000000, 
154.942149, 0.000000, 
155.991531, 0.000000, 
156.975144, 0.000000, 
158.071102, 0.000000, 
158.943001, 0.000000, 
159.963949, 0.000000, 
161.067065, 0.000000, 
162.037494, 0.000000, 
162.917877, 0.000000, 
163.928483, 0.000000, 
164.939483, 0.000000, 
166.094748, 0.000000, 
166.916752, 0.000000, 
168.087387, 0.000000, 
168.914846, 0.000000, 
169.981045, 0.000000, 
171.030579, 0.000000, 
172.068610, 0.000000, 
172.918626, 0.000000, 
173.929414, 0.000000, 
175.022274, 0.000000, 
176.092672, 0.000000, 
176.915355, 0.000000, 
177.921998, 0.000000, 
179.026800, 0.000000, 
180.081777, 0.000000, 
181.008026, 0.000000, 
182.023407, 0.000000, 
183.007743, 0.000000, 
184.088482, 0.000000, 
185.080378, 0.000000, 
185.987594, 0.000000, 
187.019528, 0.000000, 
187.915280, 0.000000, 
188.962041, 0.000000, 
190.037139, 0.000000, 
191.059613, 0.000000, 
192.048792, 0.000000, 
193.066784, 0.000000, 
194.013655, 0.000000, 
195.037631, 0.000000, 
195.995786, 0.000000, 
197.034063, 0.000000, 
198.090326, 0.000000, 
198.906960, 0.000000, 
