0.175556, 0.000000, 
1.023658, 0.000000, 
2.164649, 0.000000, 
3.045648, 0.000000, 
4.088017, 0.000000, 
4.848118, 0.000000, 
5.958899, 0.000000, 
6.822668, 0.000000, 
8.127293, 0.000000, 
9.054970, 0.000000, 
10.190859, 0.000000, 
11.006129, 0.000000, 
12.019746, 0.000000, 
13.003912, 0.000000, 
14.105234, 0.000000, 
15.187954, 0.000000, 
15.904893, 0.000000, 
17.100077, 0.000000, 
17.946680, 0.000000, 
19.096894, 0.000000, 
20.166464, 0.000000, 
20.912545, 0.000000, 
21.907160, 0.000000, 
22.971903, 0.000000, 
24.186518, 0.000000, 
24.801693, 0.000000, 
25.807528, 0.000000, 
26.914021, 0.000000, 
28.107919, 0.000000, 
29.151910, 0.000000, 
30.163548, 0.000000, 
30.996323, 0.000000, 
32.082339, 0.000000, 
32.952301, 0.000000, 
33.936572, 0.000000, 
35.098194, 0.000000, 
36.099759, 0.000000, 
37.197582, 0.000000, 
37.953440, 0.000000, 
39.007401, 0.000000, 
40.081108, 0.000000, 
40.947867, 0.000000, 
42.096740, 0.000000, 
43.163387, 0.000000, 
43.804249, 0.000000, 
44.800066, 0.000000, 
46.029654, 0.000000, 
46.909493, 0.000000, 
48.111330, 0.000000, 
49.148763, 0.000000, 
49.836013, 0.000000, 
50.892634, 0.000000, 
52.195294, 0.000000, 
52.971789, 0.000000, 
54.094298, 0.000000, 
55.159172, 0.000000, 
56.044967, 0.000000, 
56.841400, 0.000000, 
58.151516, 0.000000, 
58.845392, 0.000000, 
59.802190, 0.000000, 
61.072776, 0.000000, 
62.061116, 0.000000, 
62.956588, 0.000000, 
64.112151, 0.000000, 
64.915968, 0.000000, 
66.158596, 0.000000, 
66.920872, 0.000000, 
67.805361, 0.000000, 
69.036936, 0.000000, 
69.931799, 0.000000, 
71.180300, 0.000000, 
72.068744, 0.000000, 
72.955130, 0.000000, 
74.186988, 0.000000, 
74.992787, 0.000000, 
75.840244, 0.000000, 
76.920885, 0.000000, 
77.901494, 0.000000, 
78.955961, 0.000000, 
80.083216, 0.000000, 
81.154259, 0.000000, 
82.049568, 0.000000, 
82.846634, 0.000000, 
84.041630, 0.000000, 
85.159899, 0.000000, 
86.124541, 0.000000, 
86.997914, 0.000000, 
87.923148, 0.000000, 
89.175281, 0.000000, 
90.030169, 0.000000, 
90.805905, 0.000000, 
92.193243, 0.000000, 
93.130856, 0.000000, 
94.167946, 0.000000, 
95.053107, 0.000000, 
96.195615, 0.000000, 
96.828299, 0.000000, 
97.848130, 0.000000, 
98.921571, 0.000000, 
99.928073, 0.000000, 
100.998089, 0.000000, 
101.994883, 0.000000, 
102.969248, 0.000000, 
103.830115, 0.000000, 
105.013038, 0.000000, 
106.165979, 0.000000, 
106.906054, 0.000000, 
107.881035, 0.000000, 
108.901521, 0.000000, 
110.026155, 0.000000, 
110.960461, 0.000000, 
112.140048, 0.000000, 
112.828166, 0.000000, 
114.192727, 0.000000, 
114.844922, 0.000000, 
115.842863, 0.000000, 
117.042541, 0.000000, 
118.029396, 0.000000, 
119.163623, 0.000000, 
120.196469, 0.000000, 
121.131044, 0.000000, 
121.895754, 0.000000, 
122.983554, 0.000000, 
124.041629, 0.000000, 
125.052274, 0.000000, 
126.106833, 0.000000, 
127.194839, 0.000000, 
128.181958, 0.000000, 
129.173756, 0.000000, 
130.115038, 0.000000, 
130.849983, 0.000000, 
132.050736, 0.000000, 
133.158852, 0.000000, 
134.120991, 0.000000, 
135.092870, 0.000000, 
135.842098, 0.000000, 
136.996043, 0.000000, 
138.014355, 0.000000, 
139.150442, 0.000000, 
140.169783, 0.000000, 
141.054131, 0.000000, 
142.064226, 0.000000, 
142.828356, 0.000000, 
144.011563, 0.000000, 
144.883815, 0.000000, 
146.145109, 0.000000, 
146.820343, 0.000000, 
147.960694, 0.000000, 
149.158033, 0.000000, 
149.961991, 0.000000, 
150.844952, 0.000000, 
152.017053, 0.000000, 
152.846419, 0.000000, 
153.885543, 0.000000, 
155.151390, 0.000000, 
156.053372, 0.000000, 
156.953036, 0.000000, 
157.880369, 0.000000, 
159.185123, 0.000000, 
159.864821, 0.000000, 
161.111249, 0.000000, 
162.018569, 0.000000, 
162.871500, 0.000000, 
164.064273, 0.000000, 
165.109347, 0.000000, 
166.023091, 0.000000, 
166.877888, 0.000000, 
168.033863, 0.000000, 
168.988955, 0.000000, 
170.031702, 0.000000, 
170.805691, 0.000000, 
171.924047, 0.000000, 
172.996928, 0.000000, 
173.905703, 0.000000, 
174.934442, 0.000000, 
175.993437, 0.000000, 
177.133610, 0.000000, 
178.014934, 0.000000, 
179.066315, 0.000000, 
180.018822, 0.000000, 
180.929926, 0.000000, 
181.816097, 0.000000, 
183.171411, 0.000000, 
184.169801, 0.000000, 
184.825304, 0.000000, 
185.979758, 0.000000, 
187.017196, 0.000000, 
187.817993, 0.000000, 
188.935692, 0.000000, 
190.189858, 0.000000, 
191.188368, 0.000000, 
192.173318, 0.000000, 
192.804949, 0.000000, 
194.183334, 0.000000, 
195.061751, 0.000000, 
195.813055, 0.000000, 
196.959808, 0.000000, 
197.813915, 0.000000, 
198.930253, 0.000000, 
