-0.210292, 0.000000, 
0.633419, 0.000000, 
1.682534, 0.000000, 
3.241294, 0.000000, 
4.101084, 0.000000, 
5.297419, 0.000000, 
6.058848, 0.000000, 
6.722053, 0.000000, 
8.353604, 0.000000, 
9.263237, 0.000000, 
10.285305, 0.000000, 
10.787444, 0.000000, 
11.873500, 0.000000, 
12.894467, 0.000000, 
13.832458, 0.000000, 
14.970978, 0.000000, 
15.895351, 0.000000, 
17.278804, 0.000000, 
18.232180, 0.000000, 
18.611430, 0.000000, 
19.966720, 0.000000, 
20.956434, 0.000000, 
22.210487, 0.000000, 
23.192982, 0.000000, 
23.609033, 0.000000, 
25.064927, 0.000000, 
26.068597, 0.000000, 
26.757829, 0.000000, 
27.933228, 0.000000, 
29.382592, 0.000000, 
29.746910, 0.000000, 
30.670322, 0.000000, 
31.690418, 0.000000, 
32.829529, 0.000000, 
33.815467, 0.000000, 
35.189176, 0.000000, 
36.237697, 0.000000, 
37.066649, 0.000000, 
38.096566, 0.000000, 
39.217840, 0.000000, 
39.732120, 0.000000, 
40.848403, 0.000000, 
41.933587, 0.000000, 
42.794415, 0.000000, 
43.949992, 0.000000, 
44.624526, 0.000000, 
45.841727, 0.000000, 
46.928187, 0.000000, 
48.045892, 0.000000, 
49.239096, 0.000000, 
50.236199, 0.000000, 
50.891310, 0.000000, 
52.080484, 0.000000, 
52.668158, 0.000000, 
54.315492, 0.000000, 
55.261673, 0.000000, 
56.231788, 0.000000, 
56.651662, 0.000000, 
58.272066, 0.000000, 
59.050253, 0.000000, 
59.994612, 0.000000, 
61.214675, 0.000000, 
61.849634, 0.000000, 
62.632652, 0.000000, 
64.386369, 0.000000, 
64.814465, 0.000000, 
65.782838, 0.000000, 
67.254682, 0.000000, 
68.039710, 0.000000, 
68.689364, 0.000000, 
69.852928, 0.000000, 
71.288652, 0.000000, 
71.816509, 0.000000, 
73.170661, 0.000000, 
73.652170, 0.000000, 
74.911186, 0.000000, 
75.809704, 0.000000, 
76.799934, 0.000000, 
78.065659, 0.000000, 
79.221651, 0.000000, 
80.243741, 0.000000, 
81.064588, 0.000000, 
82.303030, 0.000000, 
83.226518, 0.000000, 
84.300163, 0.000000, 
84.794507, 0.000000, 
86.061550, 0.000000, 
86.875072, 0.000000, 
88.002031, 0.000000, 
88.854554, 0.000000, 
90.121069, 0.000000, 
90.743213, 0.000000, 
91.932282, 0.000000, 
92.937958, 0.000000, 
93.611434, 0.000000, 
94.677860, 0.000000, 
95.898351, 0.000000, 
96.697245, 0.000000, 
98.394502, 0.000000, 
99.172665, 0.000000, 
99.972292, 0.000000, 
100.898194, 0.000000, 
101.675367, 0.000000, 
102.915981, 0.000000, 
103.767290, 0.000000, 
105.037359, 0.000000, 
106.281601, 0.000000, 
106.601939, 0.000000, 
107.798352, 0.000000, 
108.648219, 0.000000, 
110.189286, 0.000000, 
110.769736, 0.000000, 
111.851054, 0.000000, 
113.368193, 0.000000, 
114.287594, 0.000000, 
115.141966, 0.000000, 
115.625713, 0.000000, 
117.379466, 0.000000, 
118.136192, 0.000000, 
118.905851, 0.000000, 
120.104899, 0.000000, 
121.086701, 0.000000, 
121.998030, 0.000000, 
122.993408, 0.000000, 
124.328193, 0.000000, 
125.187399, 0.000000, 
126.214849, 0.000000, 
126.838840, 0.000000, 
127.742367, 0.000000, 
129.310865, 0.000000, 
130.086869, 0.000000, 
131.267052, 0.000000, 
132.383622, 0.000000, 
132.662111, 0.000000, 
133.693616, 0.000000, 
135.235667, 0.000000, 
136.295722, 0.000000, 
136.915664, 0.000000, 
138.082582, 0.000000, 
138.900053, 0.000000, 
140.346308, 0.000000, 
140.824642, 0.000000, 
141.811140, 0.000000, 
143.122013, 0.000000, 
143.684699, 0.000000, 
145.193176, 0.000000, 
146.047117, 0.000000, 
146.772904, 0.000000, 
148.178720, 0.000000, 
149.103472, 0.000000, 
149.933678, 0.000000, 
150.753025, 0.000000, 
152.249036, 0.000000, 
153.374572, 0.000000, 
154.101059, 0.000000, 
155.269194, 0.000000, 
155.675585, 0.000000, 
156.615464, 0.000000, 
157.778790, 0.000000, 
158.974901, 0.000000, 
160.228088, 0.000000, 
160.916672, 0.000000, 
162.260758, 0.000000, 
163.096125, 0.000000, 
163.746063, 0.000000, 
165.235045, 0.000000, 
165.609355, 0.000000, 
167.189091, 0.000000, 
167.762991, 0.000000, 
169.344966, 0.000000, 
169.696472, 0.000000, 
171.316100, 0.000000, 
172.332214, 0.000000, 
173.350290, 0.000000, 
173.908257, 0.000000, 
175.081323, 0.000000, 
175.854650, 0.000000, 
176.861487, 0.000000, 
177.655287, 0.000000, 
179.249343, 0.000000, 
180.118030, 0.000000, 
181.229676, 0.000000, 
182.096460, 0.000000, 
183.015669, 0.000000, 
184.266792, 0.000000, 
185.270392, 0.000000, 
186.263251, 0.000000, 
187.360115, 0.000000, 
188.250217, 0.000000, 
189.212853, 0.000000, 
189.983556, 0.000000, 
190.646298, 0.000000, 
192.315830, 0.000000, 
192.647537, 0.000000, 
194.156501, 0.000000, 
194.655709, 0.000000, 
195.974321, 0.000000, 
197.282909, 0.000000, 
197.693178, 0.000000, 
198.655873, 0.000000, 
