-0.008502, 0.000000, 
1.162558, 0.000000, 
2.175202, 0.000000, 
2.818829, 0.000000, 
4.013451, 0.000000, 
4.913098, 0.000000, 
6.159974, 0.000000, 
7.009848, 0.000000, 
7.806495, 0.000000, 
8.892968, 0.000000, 
10.141356, 0.000000, 
11.081020, 0.000000, 
11.887608, 0.000000, 
12.918154, 0.000000, 
13.877264, 0.000000, 
14.930640, 0.000000, 
16.014191, 0.000000, 
17.196127, 0.000000, 
17.954560, 0.000000, 
18.871956, 0.000000, 
19.818530, 0.000000, 
20.939602, 0.000000, 
22.168074, 0.000000, 
23.100697, 0.000000, 
24.015727, 0.000000, 
25.164084, 0.000000, 
25.824883, 0.000000, 
26.895153, 0.000000, 
27.882657, 0.000000, 
28.810286, 0.000000, 
29.840748, 0.000000, 
30.817223, 0.000000, 
32.018479, 0.000000, 
33.172107, 0.000000, 
34.125528, 0.000000, 
35.008252, 0.000000, 
35.945236, 0.000000, 
37.141324, 0.000000, 
38.007507, 0.000000, 
39.195220, 0.000000, 
39.875567, 0.000000, 
40.979162, 0.000000, 
42.194656, 0.000000, 
43.012369, 0.000000, 
44.081124, 0.000000, 
45.004806, 0.000000, 
46.183537, 0.000000, 
46.969364, 0.000000, 
48.148360, 0.000000, 
49.197333, 0.000000, 
49.883806, 0.000000, 
51.185425, 0.000000, 
52.184021, 0.000000, 
52.823397, 0.000000, 
53.881576, 0.000000, 
55.061929, 0.000000, 
56.076614, 0.000000, 
57.112441, 0.000000, 
58.007215, 0.000000, 
59.147405, 0.000000, 
60.007383, 0.000000, 
60.898840, 0.000000, 
62.129051, 0.000000, 
62.921912, 0.000000, 
63.850887, 0.000000, 
64.813230, 0.000000, 
65.903950, 0.000000, 
67.142834, 0.000000, 
67.879443, 0.000000, 
68.941520, 0.000000, 
70.121856, 0.000000, 
70.846184, 0.000000, 
71.834294, 0.000000, 
72.805975, 0.000000, 
73.816041, 0.000000, 
75.011393, 0.000000, 
75.891301, 0.000000, 
77.141246, 0.000000, 
78.000002, 0.000000, 
78.937970, 0.000000, 
79.978712, 0.000000, 
81.002890, 0.000000, 
82.104857, 0.000000, 
83.078382, 0.000000, 
83.834947, 0.000000, 
85.060932, 0.000000, 
86.085982, 0.000000, 
86.812835, 0.000000, 
88.182449, 0.000000, 
89.072089, 0.000000, 
89.891061, 0.000000, 
91.155204, 0.000000, 
91.893524, 0.000000, 
92.977654, 0.000000, 
94.151901, 0.000000, 
94.938592, 0.000000, 
95.891200, 0.000000, 
96.925770, 0.000000, 
98.193157, 0.000000, 
98.810631, 0.000000, 
99.817473, 0.000000, 
100.881683, 0.000000, 
102.179788, 0.000000, 
102.834118, 0.000000, 
104.051140, 0.000000, 
104.937031, 0.000000, 
106.153674, 0.000000, 
106.980826, 0.000000, 
108.016427, 0.000000, 
108.858901, 0.000000, 
109.915291, 0.000000, 
110.912096, 0.000000, 
111.963000, 0.000000, 
112.815414, 0.000000, 
113.982985, 0.000000, 
114.984717, 0.000000, 
115.982401, 0.000000, 
116.922637, 0.000000, 
118.058018, 0.000000, 
119.038262, 0.000000, 
119.980628, 0.000000, 
121.174641, 0.000000, 
121.880853, 0.000000, 
122.843767, 0.000000, 
123.992229, 0.000000, 
125.054770, 0.000000, 
126.189775, 0.000000, 
127.018549, 0.000000, 
127.990054, 0.000000, 
129.157144, 0.000000, 
130.193660, 0.000000, 
130.942410, 0.000000, 
132.173679, 0.000000, 
132.837828, 0.000000, 
133.926471, 0.000000, 
135.046976, 0.000000, 
135.961042, 0.000000, 
136.814996, 0.000000, 
138.130273, 0.000000, 
138.940523, 0.000000, 
139.959825, 0.000000, 
141.069178, 0.000000, 
141.997144, 0.000000, 
142.875684, 0.000000, 
143.969457, 0.000000, 
144.906373, 0.000000, 
146.034120, 0.000000, 
147.129509, 0.000000, 
148.100517, 0.000000, 
148.803011, 0.000000, 
149.849488, 0.000000, 
150.972478, 0.000000, 
151.833836, 0.000000, 
152.963320, 0.000000, 
153.952963, 0.000000, 
154.961093, 0.000000, 
156.099030, 0.000000, 
156.905682, 0.000000, 
158.186661, 0.000000, 
158.958125, 0.000000, 
160.011857, 0.000000, 
161.183472, 0.000000, 
162.052712, 0.000000, 
163.160621, 0.000000, 
163.977208, 0.000000, 
165.164069, 0.000000, 
165.806748, 0.000000, 
166.822454, 0.000000, 
167.968353, 0.000000, 
169.014373, 0.000000, 
169.882607, 0.000000, 
171.013018, 0.000000, 
172.037987, 0.000000, 
172.907285, 0.000000, 
173.952934, 0.000000, 
175.136052, 0.000000, 
176.107982, 0.000000, 
176.822213, 0.000000, 
178.168711, 0.000000, 
178.830918, 0.000000, 
180.058112, 0.000000, 
181.089230, 0.000000, 
182.149629, 0.000000, 
182.886019, 0.000000, 
184.097716, 0.000000, 
185.040750, 0.000000, 
186.099446, 0.000000, 
187.015435, 0.000000, 
187.977591, 0.000000, 
189.137497, 0.000000, 
189.864516, 0.000000, 
190.986020, 0.000000, 
191.859388, 0.000000, 
193.160193, 0.000000, 
193.948260, 0.000000, 
195.134025, 0.000000, 
195.994908, 0.000000, 
196.829498, 0.000000, 
197.968856, 0.000000, 
199.126648, 0.000000, 
