0.267325, 0.000000, 
1.490869, 0.000000, 
1.923081, 0.000000, 
3.419766, 0.000000, 
3.564649, 0.000000, 
5.429352, 0.000000, 
6.297167, 0.000000, 
6.825053, 0.000000, 
7.512243, 0.000000, 
8.733736, 0.000000, 
9.954257, 0.000000, 
10.855113, 0.000000, 
11.618027, 0.000000, 
13.294385, 0.000000, 
13.720638, 0.000000, 
14.770416, 0.000000, 
15.631505, 0.000000, 
17.403959, 0.000000, 
17.959660, 0.000000, 
19.084565, 0.000000, 
19.960900, 0.000000, 
20.528807, 0.000000, 
22.376713, 0.000000, 
23.354827, 0.000000, 
23.800088, 0.000000, 
24.800095, 0.000000, 
26.117385, 0.000000, 
27.233700, 0.000000, 
28.498269, 0.000000, 
29.081656, 0.000000, 
29.984268, 0.000000, 
30.805104, 0.000000, 
32.236739, 0.000000, 
33.482341, 0.000000, 
33.937526, 0.000000, 
35.427663, 0.000000, 
36.201162, 0.000000, 
37.107876, 0.000000, 
37.795684, 0.000000, 
38.638064, 0.000000, 
39.672230, 0.000000, 
41.022830, 0.000000, 
42.195553, 0.000000, 
42.718282, 0.000000, 
44.124498, 0.000000, 
44.937541, 0.000000, 
45.707632, 0.000000, 
47.186084, 0.000000, 
47.792406, 0.000000, 
48.745914, 0.000000, 
49.745608, 0.000000, 
51.447784, 0.000000, 
51.900755, 0.000000, 
53.431117, 0.000000, 
53.924229, 0.000000, 
55.085198, 0.000000, 
56.142547, 0.000000, 
56.747787, 0.000000, 
58.317453, 0.000000, 
58.568126, 0.000000, 
60.193383, 0.000000, 
60.958978, 0.000000, 
61.725988, 0.000000, 
63.103661, 0.000000, 
64.138034, 0.000000, 
64.846605, 0.000000, 
66.094576, 0.000000, 
66.871728, 0.000000, 
68.188782, 0.000000, 
68.838784, 0.000000, 
70.468385, 0.000000, 
71.286009, 0.000000, 
72.278492, 0.000000, 
73.052884, 0.000000, 
73.873351, 0.000000, 
74.730924, 0.000000, 
75.643198, 0.000000, 
76.753338, 0.000000, 
78.115887, 0.000000, 
79.067988, 0.000000, 
79.598330, 0.000000, 
80.710496, 0.000000, 
82.065026, 0.000000, 
83.366221, 0.000000, 
83.988317, 0.000000, 
85.434390, 0.000000, 
86.068719, 0.000000, 
86.673032, 0.000000, 
88.331188, 0.000000, 
88.919904, 0.000000, 
90.366693, 0.000000, 
91.143787, 0.000000, 
92.442520, 0.000000, 
92.738341, 0.000000, 
93.632934, 0.000000, 
95.278092, 0.000000, 
95.946552, 0.000000, 
96.709893, 0.000000, 
97.833579, 0.000000, 
98.822710, 0.000000, 
100.195032, 0.000000, 
101.242232, 0.000000, 
102.482621, 0.000000, 
102.800111, 0.000000, 
104.052643, 0.000000, 
104.563752, 0.000000, 
105.978231, 0.000000, 
106.785514, 0.000000, 
108.399825, 0.000000, 
108.812825, 0.000000, 
110.123401, 0.000000, 
111.381840, 0.000000, 
111.875424, 0.000000, 
113.088968, 0.000000, 
114.058295, 0.000000, 
114.738518, 0.000000, 
115.961577, 0.000000, 
116.553663, 0.000000, 
118.081405, 0.000000, 
118.895838, 0.000000, 
120.187469, 0.000000, 
121.184586, 0.000000, 
122.302360, 0.000000, 
123.140773, 0.000000, 
124.381446, 0.000000, 
124.818054, 0.000000, 
125.871375, 0.000000, 
126.861804, 0.000000, 
127.545080, 0.000000, 
128.921416, 0.000000, 
130.304103, 0.000000, 
130.828450, 0.000000, 
132.415441, 0.000000, 
132.613468, 0.000000, 
133.718059, 0.000000, 
135.361970, 0.000000, 
136.193740, 0.000000, 
137.087014, 0.000000, 
138.490440, 0.000000, 
139.431473, 0.000000, 
139.698278, 0.000000, 
141.111597, 0.000000, 
141.989376, 0.000000, 
143.058773, 0.000000, 
143.554652, 0.000000, 
145.230248, 0.000000, 
146.100896, 0.000000, 
147.193014, 0.000000, 
147.938002, 0.000000, 
148.769792, 0.000000, 
150.471242, 0.000000, 
151.482460, 0.000000, 
151.767290, 0.000000, 
153.034235, 0.000000, 
153.767135, 0.000000, 
154.706312, 0.000000, 
156.422212, 0.000000, 
157.485675, 0.000000, 
158.184125, 0.000000, 
159.408309, 0.000000, 
159.951203, 0.000000, 
160.843524, 0.000000, 
161.802612, 0.000000, 
163.360402, 0.000000, 
163.681021, 0.000000, 
164.503267, 0.000000, 
165.875648, 0.000000, 
167.307061, 0.000000, 
167.998488, 0.000000, 
168.559302, 0.000000, 
170.220807, 0.000000, 
170.838433, 0.000000, 
171.644418, 0.000000, 
172.641256, 0.000000, 
174.312459, 0.000000, 
175.096596, 0.000000, 
176.046822, 0.000000, 
176.667719, 0.000000, 
178.212058, 0.000000, 
178.946031, 0.000000, 
179.657704, 0.000000, 
180.843613, 0.000000, 
181.578033, 0.000000, 
183.176039, 0.000000, 
183.777649, 0.000000, 
184.839483, 0.000000, 
185.749713, 0.000000, 
187.477671, 0.000000, 
188.474340, 0.000000, 
189.018186, 0.000000, 
189.914462, 0.000000, 
191.077321, 0.000000, 
192.239073, 0.000000, 
193.211950, 0.000000, 
194.249130, 0.000000, 
195.399791, 0.000000, 
196.385231, 0.000000, 
197.427064, 0.000000, 
197.650778, 0.000000, 
198.647407, 0.000000, 
