0.132279, 0.000000, 
0.896835, 0.000000, 
2.183574, 0.000000, 
2.848452, 0.000000, 
4.025722, 0.000000, 
5.029460, 0.000000, 
5.905405, 0.000000, 
7.128265, 0.000000, 
8.087242, 0.000000, 
8.871927, 0.000000, 
10.049646, 0.000000, 
11.032637, 0.000000, 
12.045898, 0.000000, 
12.853398, 0.000000, 
14.176396, 0.000000, 
15.091012, 0.000000, 
16.124124, 0.000000, 
16.937149, 0.000000, 
17.953619, 0.000000, 
18.881519, 0.000000, 
19.932768, 0.000000, 
20.890543, 0.000000, 
22.148740, 0.000000, 
23.176477, 0.000000, 
23.954881, 0.000000, 
24.909586, 0.000000, 
25.845871, 0.000000, 
27.163133, 0.000000, 
27.836780, 0.000000, 
29.163623, 0.000000, 
30.132401, 0.000000, 
30.921824, 0.000000, 
32.108857, 0.000000, 
33.111114, 0.000000, 
34.065154, 0.000000, 
35.169587, 0.000000, 
36.124867, 0.000000, 
37.098473, 0.000000, 
38.129992, 0.000000, 
39.095591, 0.000000, 
40.128923, 0.000000, 
40.897011, 0.000000, 
41.845072, 0.000000, 
43.140320, 0.000000, 
44.113164, 0.000000, 
45.183444, 0.000000, 
46.134342, 0.000000, 
47.131565, 0.000000, 
48.009889, 0.000000, 
48.863976, 0.000000, 
50.099615, 0.000000, 
50.807520, 0.000000, 
52.180861, 0.000000, 
52.821097, 0.000000, 
53.860779, 0.000000, 
55.067669, 0.000000, 
56.178754, 0.000000, 
57.036109, 0.000000, 
58.106400, 0.000000, 
58.974335, 0.000000, 
59.895376, 0.000000, 
60.886869, 0.000000, 
61.847673, 0.000000, 
63.049405, 0.000000, 
64.032344, 0.000000, 
65.105387, 0.000000, 
65.805995, 0.000000, 
66.862278, 0.000000, 
67.984898, 0.000000, 
69.039584, 0.000000, 
69.955773, 0.000000, 
71.181387, 0.000000, 
71.819921, 0.000000, 
72.926682, 0.000000, 
74.057668, 0.000000, 
75.149727, 0.000000, 
75.918929, 0.000000, 
77.130811, 0.000000, 
77.878296, 0.000000, 
79.104854, 0.000000, 
79.939587, 0.000000, 
80.877015, 0.000000, 
81.987056, 0.000000, 
82.888423, 0.000000, 
83.844958, 0.000000, 
85.136176, 0.000000, 
85.906538, 0.000000, 
86.889327, 0.000000, 
87.849484, 0.000000, 
89.033254, 0.000000, 
90.075311, 0.000000, 
91.152703, 0.000000, 
92.128943, 0.000000, 
92.895545, 0.000000, 
94.013022, 0.000000, 
94.875953, 0.000000, 
96.004397, 0.000000, 
96.881242, 0.000000, 
97.827444, 0.000000, 
98.873093, 0.000000, 
100.091794, 0.000000, 
101.103143, 0.000000, 
102.002953, 0.000000, 
103.195975, 0.000000, 
103.982939, 0.000000, 
105.104279, 0.000000, 
106.073398, 0.000000, 
106.938030, 0.000000, 
108.189182, 0.000000, 
108.901299, 0.000000, 
110.076042, 0.000000, 
110.932323, 0.000000, 
111.924089, 0.000000, 
112.967947, 0.000000, 
114.038361, 0.000000, 
114.928423, 0.000000, 
116.193526, 0.000000, 
116.924169, 0.000000, 
118.101824, 0.000000, 
119.188747, 0.000000, 
119.808066, 0.000000, 
120.857583, 0.000000, 
121.859321, 0.000000, 
122.874335, 0.000000, 
124.009019, 0.000000, 
125.029263, 0.000000, 
126.103752, 0.000000, 
126.925827, 0.000000, 
128.012490, 0.000000, 
129.103963, 0.000000, 
129.963924, 0.000000, 
131.013328, 0.000000, 
131.849564, 0.000000, 
132.973588, 0.000000, 
133.887391, 0.000000, 
134.880126, 0.000000, 
135.897627, 0.000000, 
136.801935, 0.000000, 
138.104477, 0.000000, 
138.870887, 0.000000, 
139.845135, 0.000000, 
141.094606, 0.000000, 
141.866022, 0.000000, 
142.871315, 0.000000, 
144.042004, 0.000000, 
144.874375, 0.000000, 
145.952275, 0.000000, 
146.956309, 0.000000, 
148.073481, 0.000000, 
149.037697, 0.000000, 
149.807325, 0.000000, 
150.932601, 0.000000, 
152.069020, 0.000000, 
152.905883, 0.000000, 
154.141897, 0.000000, 
155.156786, 0.000000, 
156.084183, 0.000000, 
157.107523, 0.000000, 
157.947862, 0.000000, 
159.110285, 0.000000, 
159.959634, 0.000000, 
160.812599, 0.000000, 
162.003535, 0.000000, 
162.868560, 0.000000, 
163.911551, 0.000000, 
165.019464, 0.000000, 
165.939548, 0.000000, 
167.045317, 0.000000, 
168.067454, 0.000000, 
168.918502, 0.000000, 
169.839302, 0.000000, 
171.197272, 0.000000, 
171.802507, 0.000000, 
173.117441, 0.000000, 
173.914143, 0.000000, 
174.959386, 0.000000, 
176.081027, 0.000000, 
177.040237, 0.000000, 
178.044592, 0.000000, 
178.925176, 0.000000, 
179.910811, 0.000000, 
180.931583, 0.000000, 
181.896040, 0.000000, 
182.845262, 0.000000, 
183.964455, 0.000000, 
185.099837, 0.000000, 
185.933233, 0.000000, 
187.178264, 0.000000, 
188.164479, 0.000000, 
189.076607, 0.000000, 
189.906571, 0.000000, 
190.872713, 0.000000, 
191.980277, 0.000000, 
193.125230, 0.000000, 
193.844248, 0.000000, 
194.991218, 0.000000, 
196.072152, 0.000000, 
196.861176, 0.000000, 
198.107470, 0.000000, 
198.919032, 0.000000, 
