0.392448, 0.000000, 
0.872041, 0.000000, 
1.739383, 0.000000, 
2.974298, 0.000000, 
4.246338, 0.000000, 
4.620983, 0.000000, 
6.237773, 0.000000, 
6.832818, 0.000000, 
7.918625, 0.000000, 
9.285547, 0.000000, 
10.346241, 0.000000, 
10.866289, 0.000000, 
11.631550, 0.000000, 
12.940994, 0.000000, 
14.096790, 0.000000, 
15.256610, 0.000000, 
15.946075, 0.000000, 
16.601557, 0.000000, 
18.024531, 0.000000, 
18.986391, 0.000000, 
19.834689, 0.000000, 
21.149634, 0.000000, 
22.071390, 0.000000, 
22.769253, 0.000000, 
23.929537, 0.000000, 
25.342012, 0.000000, 
25.703123, 0.000000, 
27.234219, 0.000000, 
27.835638, 0.000000, 
28.924082, 0.000000, 
30.031144, 0.000000, 
31.336765, 0.000000, 
32.074933, 0.000000, 
33.354105, 0.000000, 
34.341952, 0.000000, 
34.644245, 0.000000, 
36.278402, 0.000000, 
36.910329, 0.000000, 
38.110427, 0.000000, 
38.744920, 0.000000, 
40.117956, 0.000000, 
41.149265, 0.000000, 
41.882466, 0.000000, 
43.215934, 0.000000, 
44.163422, 0.000000, 
45.371355, 0.000000, 
46.043958, 0.000000, 
46.868446, 0.000000, 
47.735592, 0.000000, 
49.258544, 0.000000, 
49.925947, 0.000000, 
51.090546, 0.000000, 
51.815146, 0.000000, 
53.097724, 0.000000, 
53.852369, 0.000000, 
55.055153, 0.000000, 
55.682917, 0.000000, 
57.238195, 0.000000, 
57.981268, 0.000000, 
59.305920, 0.000000, 
60.393986, 0.000000, 
61.349756, 0.000000, 
62.095313, 0.000000, 
62.660587, 0.000000, 
64.062191, 0.000000, 
64.976177, 0.000000, 
66.201757, 0.000000, 
67.265591, 0.000000, 
67.625684, 0.000000, 
69.385932, 0.000000, 
69.994629, 0.000000, 
71.165648, 0.000000, 
71.826296, 0.000000, 
72.663953, 0.000000, 
74.249042, 0.000000, 
75.305154, 0.000000, 
75.821124, 0.000000, 
76.990712, 0.000000, 
78.385771, 0.000000, 
79.220463, 0.000000, 
79.655882, 0.000000, 
81.382736, 0.000000, 
81.679244, 0.000000, 
82.742577, 0.000000, 
84.351307, 0.000000, 
84.762936, 0.000000, 
85.672409, 0.000000, 
87.093343, 0.000000, 
88.223289, 0.000000, 
88.647285, 0.000000, 
90.375227, 0.000000, 
90.884091, 0.000000, 
91.899577, 0.000000, 
92.983091, 0.000000, 
93.978473, 0.000000, 
95.340300, 0.000000, 
96.040929, 0.000000, 
96.715564, 0.000000, 
97.890076, 0.000000, 
99.333332, 0.000000, 
100.229791, 0.000000, 
101.396503, 0.000000, 
101.677928, 0.000000, 
102.927944, 0.000000, 
104.348738, 0.000000, 
105.038101, 0.000000, 
106.048408, 0.000000, 
107.286023, 0.000000, 
107.600424, 0.000000, 
108.776971, 0.000000, 
110.353629, 0.000000, 
110.655468, 0.000000, 
112.326823, 0.000000, 
112.744568, 0.000000, 
114.324025, 0.000000, 
115.192289, 0.000000, 
116.109019, 0.000000, 
116.653135, 0.000000, 
118.292078, 0.000000, 
118.876614, 0.000000, 
120.191421, 0.000000, 
121.356658, 0.000000, 
121.930725, 0.000000, 
123.031807, 0.000000, 
124.250843, 0.000000, 
124.822506, 0.000000, 
125.665581, 0.000000, 
127.139001, 0.000000, 
127.772252, 0.000000, 
128.767704, 0.000000, 
130.096946, 0.000000, 
130.653017, 0.000000, 
132.385346, 0.000000, 
132.661132, 0.000000, 
133.772632, 0.000000, 
134.688050, 0.000000, 
135.659181, 0.000000, 
136.778540, 0.000000, 
137.617832, 0.000000, 
138.978140, 0.000000, 
140.087621, 0.000000, 
140.664506, 0.000000, 
142.324669, 0.000000, 
143.059326, 0.000000, 
143.976700, 0.000000, 
144.861412, 0.000000, 
146.267768, 0.000000, 
147.323632, 0.000000, 
147.778975, 0.000000, 
148.707640, 0.000000, 
149.763722, 0.000000, 
150.741218, 0.000000, 
151.997412, 0.000000, 
152.681055, 0.000000, 
154.042310, 0.000000, 
155.395515, 0.000000, 
155.797823, 0.000000, 
157.195662, 0.000000, 
158.270795, 0.000000, 
159.318786, 0.000000, 
160.031202, 0.000000, 
160.638806, 0.000000, 
162.049246, 0.000000, 
162.967298, 0.000000, 
163.647871, 0.000000, 
164.832260, 0.000000, 
166.250489, 0.000000, 
166.819121, 0.000000, 
168.028693, 0.000000, 
169.097847, 0.000000, 
169.967022, 0.000000, 
170.730837, 0.000000, 
171.951001, 0.000000, 
172.930357, 0.000000, 
173.946781, 0.000000, 
174.983693, 0.000000, 
175.976044, 0.000000, 
177.086263, 0.000000, 
177.715124, 0.000000, 
179.182448, 0.000000, 
179.894710, 0.000000, 
181.286858, 0.000000, 
182.269872, 0.000000, 
183.221880, 0.000000, 
184.022172, 0.000000, 
184.786794, 0.000000, 
186.289970, 0.000000, 
186.642291, 0.000000, 
188.171315, 0.000000, 
189.281558, 0.000000, 
190.087346, 0.000000, 
190.851905, 0.000000, 
191.933837, 0.000000, 
193.295460, 0.000000, 
193.966921, 0.000000, 
195.051436, 0.000000, 
196.135132, 0.000000, 
196.661702, 0.000000, 
197.655255, 0.000000, 
198.651902, 0.000000, 
