-0.036935, 0.000000, 
1.267379, 0.000000, 
2.020730, 0.000000, 
3.200508, 0.000000, 
4.244464, 0.000000, 
5.247214, 0.000000, 
6.087979, 0.000000, 
6.733724, 0.000000, 
8.287697, 0.000000, 
9.212671, 0.000000, 
9.914006, 0.000000, 
10.837481, 0.000000, 
11.822916, 0.000000, 
12.847072, 0.000000, 
13.817943, 0.000000, 
15.170817, 0.000000, 
16.079485, 0.000000, 
16.757436, 0.000000, 
17.967964, 0.000000, 
19.050845, 0.000000, 
19.826063, 0.000000, 
20.955205, 0.000000, 
21.914583, 0.000000, 
22.912026, 0.000000, 
23.785898, 0.000000, 
24.780147, 0.000000, 
26.282013, 0.000000, 
26.757916, 0.000000, 
28.278311, 0.000000, 
28.806109, 0.000000, 
29.789911, 0.000000, 
30.824923, 0.000000, 
32.079885, 0.000000, 
33.064843, 0.000000, 
34.114504, 0.000000, 
34.764625, 0.000000, 
36.126166, 0.000000, 
37.270960, 0.000000, 
38.052940, 0.000000, 
39.284336, 0.000000, 
39.949392, 0.000000, 
40.740875, 0.000000, 
42.082386, 0.000000, 
42.883437, 0.000000, 
44.089097, 0.000000, 
45.175139, 0.000000, 
45.737398, 0.000000, 
47.088720, 0.000000, 
47.887043, 0.000000, 
49.073035, 0.000000, 
49.793647, 0.000000, 
50.927716, 0.000000, 
52.237807, 0.000000, 
52.712808, 0.000000, 
53.751224, 0.000000, 
55.289008, 0.000000, 
56.189962, 0.000000, 
56.929121, 0.000000, 
57.797632, 0.000000, 
58.722810, 0.000000, 
60.159168, 0.000000, 
61.004666, 0.000000, 
62.212510, 0.000000, 
63.052856, 0.000000, 
63.973169, 0.000000, 
64.900203, 0.000000, 
65.902913, 0.000000, 
67.242748, 0.000000, 
68.262955, 0.000000, 
69.171719, 0.000000, 
69.820281, 0.000000, 
70.954556, 0.000000, 
71.822305, 0.000000, 
72.724759, 0.000000, 
74.267154, 0.000000, 
75.008424, 0.000000, 
75.866687, 0.000000, 
77.075697, 0.000000, 
77.953584, 0.000000, 
79.124778, 0.000000, 
79.873157, 0.000000, 
80.977220, 0.000000, 
81.861542, 0.000000, 
82.830735, 0.000000, 
83.968375, 0.000000, 
85.265242, 0.000000, 
85.728818, 0.000000, 
86.753319, 0.000000, 
88.271905, 0.000000, 
88.864313, 0.000000, 
90.182789, 0.000000, 
90.899961, 0.000000, 
91.700604, 0.000000, 
93.187137, 0.000000, 
93.741833, 0.000000, 
94.966174, 0.000000, 
96.049201, 0.000000, 
97.143912, 0.000000, 
97.814986, 0.000000, 
99.031114, 0.000000, 
99.947496, 0.000000, 
101.263485, 0.000000, 
101.736909, 0.000000, 
103.129298, 0.000000, 
103.821750, 0.000000, 
105.227987, 0.000000, 
105.867528, 0.000000, 
106.894812, 0.000000, 
107.903246, 0.000000, 
108.967018, 0.000000, 
109.744243, 0.000000, 
110.727300, 0.000000, 
112.233365, 0.000000, 
112.900393, 0.000000, 
113.780405, 0.000000, 
114.790283, 0.000000, 
115.918258, 0.000000, 
117.236732, 0.000000, 
118.008416, 0.000000, 
119.109269, 0.000000, 
120.158338, 0.000000, 
120.835456, 0.000000, 
122.126662, 0.000000, 
123.106015, 0.000000, 
124.188361, 0.000000, 
125.065198, 0.000000, 
125.962467, 0.000000, 
126.898285, 0.000000, 
127.881367, 0.000000, 
128.978468, 0.000000, 
130.176566, 0.000000, 
131.267756, 0.000000, 
131.792261, 0.000000, 
133.284609, 0.000000, 
134.126560, 0.000000, 
135.055686, 0.000000, 
136.055419, 0.000000, 
137.215775, 0.000000, 
138.166749, 0.000000, 
139.024273, 0.000000, 
140.269053, 0.000000, 
140.829613, 0.000000, 
142.168348, 0.000000, 
143.173667, 0.000000, 
144.125957, 0.000000, 
144.893686, 0.000000, 
146.025175, 0.000000, 
146.897518, 0.000000, 
147.934867, 0.000000, 
149.070460, 0.000000, 
149.894754, 0.000000, 
151.117361, 0.000000, 
151.870641, 0.000000, 
152.980141, 0.000000, 
153.894470, 0.000000, 
155.047381, 0.000000, 
156.240583, 0.000000, 
157.118440, 0.000000, 
157.797433, 0.000000, 
158.847361, 0.000000, 
159.990903, 0.000000, 
161.013791, 0.000000, 
161.856889, 0.000000, 
162.967290, 0.000000, 
163.775063, 0.000000, 
165.152501, 0.000000, 
166.289500, 0.000000, 
166.812476, 0.000000, 
167.861015, 0.000000, 
168.963847, 0.000000, 
169.859584, 0.000000, 
170.886619, 0.000000, 
172.199943, 0.000000, 
173.027922, 0.000000, 
174.019047, 0.000000, 
175.153627, 0.000000, 
175.771616, 0.000000, 
177.249944, 0.000000, 
177.710207, 0.000000, 
178.767644, 0.000000, 
179.912645, 0.000000, 
181.290898, 0.000000, 
182.017984, 0.000000, 
182.800972, 0.000000, 
184.230245, 0.000000, 
185.022518, 0.000000, 
186.280395, 0.000000, 
187.002238, 0.000000, 
188.026783, 0.000000, 
188.799234, 0.000000, 
190.030913, 0.000000, 
190.712478, 0.000000, 
192.208994, 0.000000, 
193.126346, 0.000000, 
193.773991, 0.000000, 
195.274994, 0.000000, 
195.965072, 0.000000, 
197.253768, 0.000000, 
198.103354, 0.000000, 
199.061293, 0.000000, 
