-0.119690, 0.000000, 
0.951152, 0.000000, 
2.102280, 0.000000, 
2.832870, 0.000000, 
4.052603, 0.000000, 
4.718324, 0.000000, 
5.905153, 0.000000, 
6.735475, 0.000000, 
7.966561, 0.000000, 
8.957907, 0.000000, 
9.846769, 0.000000, 
10.762794, 0.000000, 
11.769623, 0.000000, 
12.830521, 0.000000, 
13.890751, 0.000000, 
15.100185, 0.000000, 
15.777214, 0.000000, 
17.210341, 0.000000, 
17.813307, 0.000000, 
18.907636, 0.000000, 
19.782897, 0.000000, 
21.225623, 0.000000, 
21.779581, 0.000000, 
23.051571, 0.000000, 
23.928677, 0.000000, 
24.758977, 0.000000, 
26.251195, 0.000000, 
26.722383, 0.000000, 
28.240110, 0.000000, 
29.111293, 0.000000, 
29.822914, 0.000000, 
30.879431, 0.000000, 
31.908116, 0.000000, 
33.107089, 0.000000, 
33.887161, 0.000000, 
34.809844, 0.000000, 
36.268005, 0.000000, 
37.028015, 0.000000, 
37.734471, 0.000000, 
38.761342, 0.000000, 
40.117708, 0.000000, 
40.931141, 0.000000, 
41.759532, 0.000000, 
43.052529, 0.000000, 
44.088935, 0.000000, 
44.925926, 0.000000, 
45.867925, 0.000000, 
47.058573, 0.000000, 
48.042933, 0.000000, 
49.268975, 0.000000, 
50.155823, 0.000000, 
50.703146, 0.000000, 
51.846098, 0.000000, 
52.707819, 0.000000, 
54.232254, 0.000000, 
54.850387, 0.000000, 
56.198408, 0.000000, 
56.737750, 0.000000, 
58.187721, 0.000000, 
59.167803, 0.000000, 
59.796014, 0.000000, 
60.797814, 0.000000, 
62.177906, 0.000000, 
63.270071, 0.000000, 
64.100157, 0.000000, 
64.755374, 0.000000, 
66.095707, 0.000000, 
67.263076, 0.000000, 
68.042663, 0.000000, 
69.138147, 0.000000, 
70.274454, 0.000000, 
70.829215, 0.000000, 
72.183375, 0.000000, 
73.155960, 0.000000, 
73.855019, 0.000000, 
74.779170, 0.000000, 
75.942386, 0.000000, 
76.749903, 0.000000, 
78.155975, 0.000000, 
79.077394, 0.000000, 
80.114833, 0.000000, 
81.060654, 0.000000, 
81.881017, 0.000000, 
82.890196, 0.000000, 
83.842430, 0.000000, 
84.799017, 0.000000, 
86.188141, 0.000000, 
87.287586, 0.000000, 
88.042211, 0.000000, 
89.170429, 0.000000, 
89.778784, 0.000000, 
90.859682, 0.000000, 
92.115988, 0.000000, 
93.247363, 0.000000, 
93.859765, 0.000000, 
94.988500, 0.000000, 
96.257216, 0.000000, 
96.994849, 0.000000, 
98.159266, 0.000000, 
99.162440, 0.000000, 
100.180499, 0.000000, 
100.776800, 0.000000, 
102.023112, 0.000000, 
103.256609, 0.000000, 
104.098120, 0.000000, 
104.811890, 0.000000, 
105.926193, 0.000000, 
106.783886, 0.000000, 
108.159452, 0.000000, 
109.015317, 0.000000, 
110.104037, 0.000000, 
111.022523, 0.000000, 
111.906795, 0.000000, 
113.035738, 0.000000, 
114.137486, 0.000000, 
114.833773, 0.000000, 
116.268843, 0.000000, 
116.853778, 0.000000, 
118.280326, 0.000000, 
118.735032, 0.000000, 
119.897071, 0.000000, 
121.266696, 0.000000, 
122.005696, 0.000000, 
122.735091, 0.000000, 
123.771596, 0.000000, 
124.850625, 0.000000, 
125.734136, 0.000000, 
126.849950, 0.000000, 
127.763277, 0.000000, 
128.925409, 0.000000, 
130.058308, 0.000000, 
130.785343, 0.000000, 
132.062274, 0.000000, 
133.182598, 0.000000, 
133.918406, 0.000000, 
134.993869, 0.000000, 
136.050531, 0.000000, 
137.257457, 0.000000, 
137.786968, 0.000000, 
138.847077, 0.000000, 
140.009147, 0.000000, 
140.794392, 0.000000, 
142.252427, 0.000000, 
143.137344, 0.000000, 
143.957004, 0.000000, 
145.192979, 0.000000, 
145.793053, 0.000000, 
147.110505, 0.000000, 
148.001928, 0.000000, 
149.108281, 0.000000, 
150.192511, 0.000000, 
150.891642, 0.000000, 
151.926458, 0.000000, 
152.773342, 0.000000, 
153.916132, 0.000000, 
155.245759, 0.000000, 
155.983508, 0.000000, 
157.193936, 0.000000, 
157.868619, 0.000000, 
158.703338, 0.000000, 
159.880694, 0.000000, 
161.138987, 0.000000, 
161.917978, 0.000000, 
162.758745, 0.000000, 
163.784620, 0.000000, 
164.745784, 0.000000, 
165.836518, 0.000000, 
167.050145, 0.000000, 
167.923995, 0.000000, 
169.245849, 0.000000, 
170.181371, 0.000000, 
171.194573, 0.000000, 
172.225885, 0.000000, 
172.975782, 0.000000, 
174.058975, 0.000000, 
175.104011, 0.000000, 
175.717138, 0.000000, 
176.794192, 0.000000, 
178.055401, 0.000000, 
178.841432, 0.000000, 
180.196770, 0.000000, 
180.904691, 0.000000, 
181.869864, 0.000000, 
182.801127, 0.000000, 
183.989164, 0.000000, 
185.285502, 0.000000, 
186.123756, 0.000000, 
186.794322, 0.000000, 
188.198763, 0.000000, 
189.015245, 0.000000, 
189.826865, 0.000000, 
190.881475, 0.000000, 
192.186008, 0.000000, 
192.982739, 0.000000, 
193.984732, 0.000000, 
194.723503, 0.000000, 
195.748177, 0.000000, 
196.911538, 0.000000, 
198.198687, 0.000000, 
199.247775, 0.000000, 
