-0.076105, 0.000000, 
1.038436, 0.000000, 
2.048994, 0.000000, 
3.024847, 0.000000, 
3.982936, 0.000000, 
5.025019, 0.000000, 
6.092444, 0.000000, 
7.009738, 0.000000, 
8.062503, 0.000000, 
9.009775, 0.000000, 
10.007283, 0.000000, 
11.007397, 0.000000, 
11.908996, 0.000000, 
13.063797, 0.000000, 
14.059429, 0.000000, 
15.042522, 0.000000, 
16.078817, 0.000000, 
16.985339, 0.000000, 
17.959174, 0.000000, 
19.042317, 0.000000, 
20.073193, 0.000000, 
21.024769, 0.000000, 
22.067453, 0.000000, 
22.917100, 0.000000, 
24.090408, 0.000000, 
24.997776, 0.000000, 
25.959139, 0.000000, 
26.972124, 0.000000, 
27.998651, 0.000000, 
28.907668, 0.000000, 
29.931194, 0.000000, 
30.950157, 0.000000, 
32.033664, 0.000000, 
33.010637, 0.000000, 
34.020367, 0.000000, 
35.076484, 0.000000, 
36.040083, 0.000000, 
37.019458, 0.000000, 
38.067057, 0.000000, 
38.987920, 0.000000, 
40.000123, 0.000000, 
40.956383, 0.000000, 
41.909253, 0.000000, 
43.091237, 0.000000, 
44.028258, 0.000000, 
44.905553, 0.000000, 
45.993297, 0.000000, 
47.043511, 0.000000, 
47.944471, 0.000000, 
48.999956, 0.000000, 
49.979932, 0.000000, 
50.996327, 0.000000, 
51.918390, 0.000000, 
52.969094, 0.000000, 
53.944841, 0.000000, 
54.960868, 0.000000, 
55.909708, 0.000000, 
56.930003, 0.000000, 
58.061333, 0.000000, 
59.053996, 0.000000, 
59.944868, 0.000000, 
60.915036, 0.000000, 
61.985515, 0.000000, 
63.082640, 0.000000, 
64.097472, 0.000000, 
65.090013, 0.000000, 
66.000876, 0.000000, 
67.095726, 0.000000, 
68.095049, 0.000000, 
69.058434, 0.000000, 
69.969701, 0.000000, 
70.990153, 0.000000, 
72.094850, 0.000000, 
73.079526, 0.000000, 
74.064993, 0.000000, 
74.902793, 0.000000, 
76.048698, 0.000000, 
76.972300, 0.000000, 
78.007264, 0.000000, 
78.999000, 0.000000, 
79.944740, 0.000000, 
81.033834, 0.000000, 
82.095419, 0.000000, 
83.002856, 0.000000, 
83.993880, 0.000000, 
85.076856, 0.000000, 
86.095190, 0.000000, 
86.937562, 0.000000, 
88.044493, 0.000000, 
88.940275, 0.000000, 
89.976249, 0.000000, 
90.973679, 0.000000, 
92.091808, 0.000000, 
93.002672, 0.000000, 
93.913139, 0.000000, 
94.904539, 0.000000, 
96.005822, 0.000000, 
96.905493, 0.000000, 
98.014968, 0.000000, 
99.053378, 0.000000, 
99.966605, 0.000000, 
100.926995, 0.000000, 
101.981092, 0.000000, 
103.004119, 0.000000, 
104.084593, 0.000000, 
104.957702, 0.000000, 
105.979350, 0.000000, 
107.061100, 0.000000, 
107.996601, 0.000000, 
108.985553, 0.000000, 
109.980368, 0.000000, 
111.046596, 0.000000, 
112.001984, 0.000000, 
112.924310, 0.000000, 
113.980329, 0.000000, 
114.948199, 0.000000, 
115.997538, 0.000000, 
117.016575, 0.000000, 
117.917869, 0.000000, 
119.013926, 0.000000, 
119.927890, 0.000000, 
120.937750, 0.000000, 
122.025316, 0.000000, 
122.947756, 0.000000, 
123.912098, 0.000000, 
124.998591, 0.000000, 
126.009648, 0.000000, 
127.052016, 0.000000, 
128.060711, 0.000000, 
128.988832, 0.000000, 
129.947182, 0.000000, 
131.077997, 0.000000, 
132.059015, 0.000000, 
133.023789, 0.000000, 
134.047201, 0.000000, 
134.975771, 0.000000, 
135.985994, 0.000000, 
136.996406, 0.000000, 
137.911047, 0.000000, 
138.930053, 0.000000, 
140.050267, 0.000000, 
140.905592, 0.000000, 
142.035674, 0.000000, 
142.989505, 0.000000, 
143.993279, 0.000000, 
145.096743, 0.000000, 
146.034241, 0.000000, 
147.026907, 0.000000, 
147.955067, 0.000000, 
149.017891, 0.000000, 
149.934487, 0.000000, 
150.909630, 0.000000, 
151.923947, 0.000000, 
153.092959, 0.000000, 
153.991752, 0.000000, 
155.028584, 0.000000, 
155.984619, 0.000000, 
157.096292, 0.000000, 
158.046894, 0.000000, 
158.993157, 0.000000, 
160.010317, 0.000000, 
160.975362, 0.000000, 
161.928264, 0.000000, 
163.027558, 0.000000, 
163.920185, 0.000000, 
164.915268, 0.000000, 
166.082429, 0.000000, 
167.045676, 0.000000, 
167.957666, 0.000000, 
168.977654, 0.000000, 
170.018674, 0.000000, 
171.010818, 0.000000, 
171.923411, 0.000000, 
173.022238, 0.000000, 
173.950460, 0.000000, 
174.935357, 0.000000, 
175.903471, 0.000000, 
177.081745, 0.000000, 
178.027958, 0.000000, 
178.921826, 0.000000, 
180.035302, 0.000000, 
180.991631, 0.000000, 
181.942341, 0.000000, 
183.097036, 0.000000, 
183.932154, 0.000000, 
185.096106, 0.000000, 
186.083146, 0.000000, 
187.015763, 0.000000, 
187.933405, 0.000000, 
189.073188, 0.000000, 
189.974785, 0.000000, 
191.033305, 0.000000, 
191.918377, 0.000000, 
193.029832, 0.000000, 
194.017921, 0.000000, 
194.930014, 0.000000, 
196.093460, 0.000000, 
197.021800, 0.000000, 
197.977119, 0.000000, 
199.089574, 0.000000, 
