-0.059294, 0.000000, 
1.094934, 0.000000, 
1.947191, 0.000000, 
3.000492, 0.000000, 
4.043144, 0.000000, 
5.065674, 0.000000, 
6.063470, 0.000000, 
6.951870, 0.000000, 
8.020592, 0.000000, 
8.987688, 0.000000, 
10.036388, 0.000000, 
10.981138, 0.000000, 
11.981734, 0.000000, 
13.090509, 0.000000, 
14.039092, 0.000000, 
14.936463, 0.000000, 
15.920224, 0.000000, 
16.989920, 0.000000, 
17.987763, 0.000000, 
19.046956, 0.000000, 
19.903239, 0.000000, 
20.972198, 0.000000, 
21.967361, 0.000000, 
22.914020, 0.000000, 
24.085541, 0.000000, 
25.005159, 0.000000, 
25.910878, 0.000000, 
27.025411, 0.000000, 
28.024101, 0.000000, 
29.040384, 0.000000, 
29.985541, 0.000000, 
30.980106, 0.000000, 
31.935804, 0.000000, 
32.958318, 0.000000, 
33.920793, 0.000000, 
34.928175, 0.000000, 
35.980574, 0.000000, 
37.047084, 0.000000, 
37.913238, 0.000000, 
38.986923, 0.000000, 
39.930276, 0.000000, 
41.027171, 0.000000, 
41.985359, 0.000000, 
43.016105, 0.000000, 
43.965913, 0.000000, 
44.930005, 0.000000, 
45.941950, 0.000000, 
47.038178, 0.000000, 
48.040518, 0.000000, 
48.913342, 0.000000, 
50.042572, 0.000000, 
51.083831, 0.000000, 
52.040206, 0.000000, 
52.933068, 0.000000, 
53.981625, 0.000000, 
55.042065, 0.000000, 
55.972888, 0.000000, 
57.070295, 0.000000, 
57.990466, 0.000000, 
58.910088, 0.000000, 
60.044802, 0.000000, 
61.071926, 0.000000, 
61.986525, 0.000000, 
62.924319, 0.000000, 
64.062473, 0.000000, 
64.974821, 0.000000, 
66.099698, 0.000000, 
67.054246, 0.000000, 
67.909352, 0.000000, 
69.056962, 0.000000, 
70.092483, 0.000000, 
70.944026, 0.000000, 
71.979596, 0.000000, 
72.910319, 0.000000, 
74.086445, 0.000000, 
74.988099, 0.000000, 
76.024142, 0.000000, 
77.007029, 0.000000, 
78.004171, 0.000000, 
79.010970, 0.000000, 
79.932887, 0.000000, 
80.922864, 0.000000, 
82.043554, 0.000000, 
82.998969, 0.000000, 
84.098017, 0.000000, 
84.993074, 0.000000, 
86.017303, 0.000000, 
87.020943, 0.000000, 
88.040256, 0.000000, 
89.003741, 0.000000, 
89.934786, 0.000000, 
91.083047, 0.000000, 
91.986777, 0.000000, 
92.940913, 0.000000, 
93.945948, 0.000000, 
95.060052, 0.000000, 
96.047604, 0.000000, 
96.951818, 0.000000, 
97.950779, 0.000000, 
99.024347, 0.000000, 
100.074840, 0.000000, 
100.909926, 0.000000, 
101.975023, 0.000000, 
102.906922, 0.000000, 
104.067092, 0.000000, 
105.030430, 0.000000, 
106.011250, 0.000000, 
107.027082, 0.000000, 
108.026428, 0.000000, 
108.906065, 0.000000, 
109.916258, 0.000000, 
110.936391, 0.000000, 
112.094750, 0.000000, 
113.088094, 0.000000, 
114.081354, 0.000000, 
115.002712, 0.000000, 
115.900175, 0.000000, 
116.996537, 0.000000, 
118.077896, 0.000000, 
119.049982, 0.000000, 
119.954939, 0.000000, 
120.938001, 0.000000, 
121.907636, 0.000000, 
122.962091, 0.000000, 
124.075363, 0.000000, 
125.031272, 0.000000, 
126.089225, 0.000000, 
126.929515, 0.000000, 
128.072299, 0.000000, 
128.926953, 0.000000, 
129.900762, 0.000000, 
131.084713, 0.000000, 
131.937118, 0.000000, 
132.981045, 0.000000, 
134.033865, 0.000000, 
135.075857, 0.000000, 
136.035665, 0.000000, 
137.041282, 0.000000, 
138.016904, 0.000000, 
139.077181, 0.000000, 
139.969876, 0.000000, 
140.951962, 0.000000, 
141.941546, 0.000000, 
143.048780, 0.000000, 
144.002619, 0.000000, 
144.966673, 0.000000, 
145.968717, 0.000000, 
146.947853, 0.000000, 
147.961216, 0.000000, 
148.911455, 0.000000, 
149.946220, 0.000000, 
151.052894, 0.000000, 
152.037926, 0.000000, 
152.987266, 0.000000, 
154.007366, 0.000000, 
154.955326, 0.000000, 
156.009784, 0.000000, 
157.060429, 0.000000, 
157.932793, 0.000000, 
159.089295, 0.000000, 
160.090202, 0.000000, 
160.989350, 0.000000, 
162.075349, 0.000000, 
163.024624, 0.000000, 
163.923872, 0.000000, 
164.992228, 0.000000, 
165.911523, 0.000000, 
166.941798, 0.000000, 
168.081209, 0.000000, 
169.060068, 0.000000, 
169.932755, 0.000000, 
170.931721, 0.000000, 
172.096555, 0.000000, 
172.921589, 0.000000, 
174.065979, 0.000000, 
174.907713, 0.000000, 
175.995641, 0.000000, 
176.961288, 0.000000, 
178.062198, 0.000000, 
178.910699, 0.000000, 
180.066374, 0.000000, 
181.067294, 0.000000, 
181.930364, 0.000000, 
182.927014, 0.000000, 
184.011597, 0.000000, 
185.032748, 0.000000, 
185.908681, 0.000000, 
187.064717, 0.000000, 
188.053690, 0.000000, 
188.959262, 0.000000, 
190.081640, 0.000000, 
191.025020, 0.000000, 
191.946644, 0.000000, 
193.048085, 0.000000, 
194.011857, 0.000000, 
195.072264, 0.000000, 
196.083912, 0.000000, 
197.059944, 0.000000, 
197.920617, 0.000000, 
199.085896, 0.000000, 
