0.010165, 0.000000, 
0.856464, 0.000000, 
2.262659, 0.000000, 
2.737886, 0.000000, 
4.298070, 0.000000, 
4.705753, 0.000000, 
6.260977, 0.000000, 
6.886836, 0.000000, 
7.955322, 0.000000, 
9.195942, 0.000000, 
9.942790, 0.000000, 
10.872329, 0.000000, 
12.032335, 0.000000, 
13.024730, 0.000000, 
14.259099, 0.000000, 
15.143416, 0.000000, 
15.949484, 0.000000, 
16.905590, 0.000000, 
18.210163, 0.000000, 
18.779156, 0.000000, 
19.958555, 0.000000, 
20.875344, 0.000000, 
22.097502, 0.000000, 
23.233217, 0.000000, 
24.235826, 0.000000, 
25.015577, 0.000000, 
26.003167, 0.000000, 
27.136680, 0.000000, 
27.885216, 0.000000, 
28.950383, 0.000000, 
30.060386, 0.000000, 
30.851522, 0.000000, 
31.837871, 0.000000, 
33.285444, 0.000000, 
34.000882, 0.000000, 
35.022349, 0.000000, 
35.977978, 0.000000, 
36.723936, 0.000000, 
38.091819, 0.000000, 
38.992875, 0.000000, 
39.932629, 0.000000, 
41.089729, 0.000000, 
41.748318, 0.000000, 
43.154150, 0.000000, 
43.851175, 0.000000, 
44.841462, 0.000000, 
45.988106, 0.000000, 
47.145789, 0.000000, 
47.739106, 0.000000, 
49.259001, 0.000000, 
50.248667, 0.000000, 
51.229599, 0.000000, 
52.154605, 0.000000, 
53.113263, 0.000000, 
53.747623, 0.000000, 
55.249476, 0.000000, 
55.724960, 0.000000, 
57.210666, 0.000000, 
58.219577, 0.000000, 
59.046187, 0.000000, 
59.789219, 0.000000, 
61.081727, 0.000000, 
61.751332, 0.000000, 
63.227584, 0.000000, 
63.992328, 0.000000, 
64.889114, 0.000000, 
65.793730, 0.000000, 
67.058089, 0.000000, 
67.999049, 0.000000, 
69.132460, 0.000000, 
70.076717, 0.000000, 
70.867423, 0.000000, 
71.992731, 0.000000, 
72.836283, 0.000000, 
74.184653, 0.000000, 
74.893680, 0.000000, 
75.807858, 0.000000, 
77.026770, 0.000000, 
78.079646, 0.000000, 
79.187738, 0.000000, 
80.288980, 0.000000, 
81.139629, 0.000000, 
82.295553, 0.000000, 
82.759655, 0.000000, 
83.957573, 0.000000, 
84.746743, 0.000000, 
85.788344, 0.000000, 
86.811398, 0.000000, 
87.908151, 0.000000, 
89.220552, 0.000000, 
90.169796, 0.000000, 
90.851961, 0.000000, 
91.988707, 0.000000, 
93.088227, 0.000000, 
93.863837, 0.000000, 
95.012986, 0.000000, 
96.115600, 0.000000, 
96.966045, 0.000000, 
98.070795, 0.000000, 
99.109504, 0.000000, 
99.979137, 0.000000, 
100.816201, 0.000000, 
102.064309, 0.000000, 
102.839231, 0.000000, 
103.998507, 0.000000, 
104.815795, 0.000000, 
105.794678, 0.000000, 
107.072076, 0.000000, 
107.860791, 0.000000, 
109.198353, 0.000000, 
109.919532, 0.000000, 
110.848570, 0.000000, 
112.126713, 0.000000, 
112.778553, 0.000000, 
113.907292, 0.000000, 
114.847891, 0.000000, 
116.051281, 0.000000, 
117.152021, 0.000000, 
118.006430, 0.000000, 
118.792867, 0.000000, 
119.722897, 0.000000, 
121.172624, 0.000000, 
122.138616, 0.000000, 
122.854342, 0.000000, 
124.180414, 0.000000, 
124.961168, 0.000000, 
126.261530, 0.000000, 
127.059885, 0.000000, 
128.035703, 0.000000, 
129.050537, 0.000000, 
129.951506, 0.000000, 
130.786464, 0.000000, 
131.839306, 0.000000, 
132.986650, 0.000000, 
134.051163, 0.000000, 
135.297358, 0.000000, 
135.761397, 0.000000, 
137.263416, 0.000000, 
137.706242, 0.000000, 
139.294723, 0.000000, 
139.761715, 0.000000, 
141.072627, 0.000000, 
142.196347, 0.000000, 
142.727881, 0.000000, 
144.214699, 0.000000, 
145.164095, 0.000000, 
145.953190, 0.000000, 
147.138737, 0.000000, 
147.832866, 0.000000, 
149.170323, 0.000000, 
150.252003, 0.000000, 
150.837890, 0.000000, 
151.740243, 0.000000, 
152.856580, 0.000000, 
154.019145, 0.000000, 
154.884624, 0.000000, 
155.811675, 0.000000, 
156.839058, 0.000000, 
158.055484, 0.000000, 
158.815625, 0.000000, 
159.894062, 0.000000, 
160.715612, 0.000000, 
162.262544, 0.000000, 
162.746481, 0.000000, 
163.792669, 0.000000, 
165.059119, 0.000000, 
166.283001, 0.000000, 
167.259264, 0.000000, 
167.910578, 0.000000, 
169.255530, 0.000000, 
169.972380, 0.000000, 
170.854919, 0.000000, 
171.730127, 0.000000, 
172.811222, 0.000000, 
173.710704, 0.000000, 
174.839639, 0.000000, 
175.896396, 0.000000, 
177.021721, 0.000000, 
178.104332, 0.000000, 
178.814391, 0.000000, 
179.709591, 0.000000, 
180.948555, 0.000000, 
182.032204, 0.000000, 
182.971918, 0.000000, 
184.272907, 0.000000, 
184.857460, 0.000000, 
186.191152, 0.000000, 
186.826608, 0.000000, 
188.288593, 0.000000, 
189.193748, 0.000000, 
189.864203, 0.000000, 
191.146076, 0.000000, 
191.770399, 0.000000, 
192.813690, 0.000000, 
193.742256, 0.000000, 
195.144965, 0.000000, 
196.022934, 0.000000, 
197.108952, 0.000000, 
198.044993, 0.000000, 
198.979018, 0.000000, 
