-0.289142, 0.000000, 
0.964387, 0.000000, 
1.812305, 0.000000, 
3.168403, 0.000000, 
4.012486, 0.000000, 
4.757170, 0.000000, 
5.969773, 0.000000, 
6.989808, 0.000000, 
7.899030, 0.000000, 
9.281244, 0.000000, 
9.765077, 0.000000, 
10.936861, 0.000000, 
12.025195, 0.000000, 
13.169900, 0.000000, 
13.977511, 0.000000, 
14.703520, 0.000000, 
15.972315, 0.000000, 
17.021328, 0.000000, 
18.256331, 0.000000, 
18.959945, 0.000000, 
20.259744, 0.000000, 
21.191240, 0.000000, 
21.955979, 0.000000, 
23.245749, 0.000000, 
24.225648, 0.000000, 
24.752285, 0.000000, 
25.784108, 0.000000, 
27.067240, 0.000000, 
27.741946, 0.000000, 
28.995477, 0.000000, 
30.247284, 0.000000, 
31.233384, 0.000000, 
31.979325, 0.000000, 
33.164709, 0.000000, 
33.741351, 0.000000, 
34.733683, 0.000000, 
36.140066, 0.000000, 
36.771596, 0.000000, 
37.981161, 0.000000, 
38.922604, 0.000000, 
39.802067, 0.000000, 
41.054304, 0.000000, 
42.061211, 0.000000, 
43.206462, 0.000000, 
44.205487, 0.000000, 
44.835079, 0.000000, 
45.902269, 0.000000, 
47.294211, 0.000000, 
48.148439, 0.000000, 
49.072289, 0.000000, 
49.817737, 0.000000, 
51.196682, 0.000000, 
52.270135, 0.000000, 
53.036125, 0.000000, 
53.833398, 0.000000, 
55.140606, 0.000000, 
56.050603, 0.000000, 
56.839316, 0.000000, 
57.996873, 0.000000, 
58.812792, 0.000000, 
60.248795, 0.000000, 
60.808103, 0.000000, 
61.843545, 0.000000, 
62.762553, 0.000000, 
64.132949, 0.000000, 
65.118770, 0.000000, 
66.046066, 0.000000, 
67.269885, 0.000000, 
67.804719, 0.000000, 
69.050164, 0.000000, 
70.009656, 0.000000, 
71.168543, 0.000000, 
71.841738, 0.000000, 
72.987410, 0.000000, 
73.958304, 0.000000, 
74.702810, 0.000000, 
76.204807, 0.000000, 
77.198277, 0.000000, 
77.867673, 0.000000, 
78.836944, 0.000000, 
80.139241, 0.000000, 
80.711292, 0.000000, 
81.940233, 0.000000, 
82.845848, 0.000000, 
83.700657, 0.000000, 
84.955858, 0.000000, 
85.916793, 0.000000, 
87.207063, 0.000000, 
88.015810, 0.000000, 
89.205968, 0.000000, 
89.853586, 0.000000, 
90.879499, 0.000000, 
92.097746, 0.000000, 
93.030568, 0.000000, 
94.038852, 0.000000, 
94.898883, 0.000000, 
96.272988, 0.000000, 
97.033663, 0.000000, 
98.243046, 0.000000, 
99.030771, 0.000000, 
100.188108, 0.000000, 
100.956674, 0.000000, 
102.009627, 0.000000, 
102.988463, 0.000000, 
103.802390, 0.000000, 
104.922591, 0.000000, 
105.897350, 0.000000, 
107.180252, 0.000000, 
107.745211, 0.000000, 
109.254514, 0.000000, 
109.728417, 0.000000, 
111.286757, 0.000000, 
111.716032, 0.000000, 
113.237944, 0.000000, 
113.897937, 0.000000, 
115.146752, 0.000000, 
116.222254, 0.000000, 
116.802775, 0.000000, 
117.704264, 0.000000, 
119.200882, 0.000000, 
119.835936, 0.000000, 
121.131256, 0.000000, 
121.958473, 0.000000, 
123.177273, 0.000000, 
123.942999, 0.000000, 
125.025320, 0.000000, 
126.182163, 0.000000, 
127.125268, 0.000000, 
127.748341, 0.000000, 
128.916388, 0.000000, 
129.764651, 0.000000, 
131.100877, 0.000000, 
132.169465, 0.000000, 
133.178794, 0.000000, 
134.084384, 0.000000, 
134.842681, 0.000000, 
135.715268, 0.000000, 
136.894821, 0.000000, 
137.888507, 0.000000, 
139.246256, 0.000000, 
139.727209, 0.000000, 
140.835350, 0.000000, 
141.950425, 0.000000, 
143.291131, 0.000000, 
144.101339, 0.000000, 
145.258130, 0.000000, 
145.915185, 0.000000, 
146.847749, 0.000000, 
148.295938, 0.000000, 
149.254474, 0.000000, 
149.983056, 0.000000, 
151.139212, 0.000000, 
151.745570, 0.000000, 
153.138583, 0.000000, 
153.967986, 0.000000, 
155.171769, 0.000000, 
155.777180, 0.000000, 
156.901542, 0.000000, 
158.219662, 0.000000, 
158.863009, 0.000000, 
160.086682, 0.000000, 
161.081184, 0.000000, 
162.012473, 0.000000, 
162.964408, 0.000000, 
163.881793, 0.000000, 
165.007861, 0.000000, 
165.919538, 0.000000, 
166.851930, 0.000000, 
167.912956, 0.000000, 
168.924275, 0.000000, 
170.061364, 0.000000, 
171.259587, 0.000000, 
172.194566, 0.000000, 
173.214579, 0.000000, 
174.267869, 0.000000, 
175.141937, 0.000000, 
176.150758, 0.000000, 
176.753017, 0.000000, 
178.142445, 0.000000, 
179.177232, 0.000000, 
180.091208, 0.000000, 
180.770513, 0.000000, 
181.954573, 0.000000, 
183.020615, 0.000000, 
183.750314, 0.000000, 
185.179358, 0.000000, 
185.888370, 0.000000, 
186.754987, 0.000000, 
187.799381, 0.000000, 
188.879351, 0.000000, 
189.953803, 0.000000, 
191.137670, 0.000000, 
191.934170, 0.000000, 
193.226639, 0.000000, 
193.977646, 0.000000, 
194.710583, 0.000000, 
195.810053, 0.000000, 
197.100622, 0.000000, 
197.909777, 0.000000, 
199.298024, 0.000000, 
