-0.137560, 0.000000, 
0.846328, 0.000000, 
2.129725, 0.000000, 
3.026433, 0.000000, 
4.072679, 0.000000, 
4.968919, 0.000000, 
6.156061, 0.000000, 
6.871496, 0.000000, 
8.181716, 0.000000, 
8.991763, 0.000000, 
9.951094, 0.000000, 
11.072697, 0.000000, 
11.908057, 0.000000, 
12.966982, 0.000000, 
14.166887, 0.000000, 
14.851926, 0.000000, 
16.055403, 0.000000, 
16.854500, 0.000000, 
17.849739, 0.000000, 
19.072497, 0.000000, 
19.987915, 0.000000, 
21.149147, 0.000000, 
21.875667, 0.000000, 
23.074919, 0.000000, 
24.065057, 0.000000, 
25.168845, 0.000000, 
26.047447, 0.000000, 
26.913529, 0.000000, 
28.128609, 0.000000, 
29.009610, 0.000000, 
30.174142, 0.000000, 
31.186380, 0.000000, 
31.878483, 0.000000, 
32.855056, 0.000000, 
34.134802, 0.000000, 
35.008315, 0.000000, 
35.838342, 0.000000, 
36.913582, 0.000000, 
38.091275, 0.000000, 
39.076068, 0.000000, 
40.044709, 0.000000, 
41.051777, 0.000000, 
41.919103, 0.000000, 
43.184611, 0.000000, 
44.052357, 0.000000, 
45.166431, 0.000000, 
46.081304, 0.000000, 
46.821482, 0.000000, 
47.935269, 0.000000, 
49.077785, 0.000000, 
50.197745, 0.000000, 
51.118947, 0.000000, 
52.180442, 0.000000, 
53.062712, 0.000000, 
53.870045, 0.000000, 
55.110742, 0.000000, 
56.155094, 0.000000, 
56.826980, 0.000000, 
57.818513, 0.000000, 
58.985713, 0.000000, 
60.115394, 0.000000, 
60.827318, 0.000000, 
61.884383, 0.000000, 
62.922720, 0.000000, 
63.943845, 0.000000, 
65.124698, 0.000000, 
65.888729, 0.000000, 
66.958077, 0.000000, 
68.078355, 0.000000, 
69.077203, 0.000000, 
69.802918, 0.000000, 
71.181932, 0.000000, 
71.843347, 0.000000, 
72.862043, 0.000000, 
73.833442, 0.000000, 
75.143006, 0.000000, 
76.136498, 0.000000, 
77.100861, 0.000000, 
78.097974, 0.000000, 
78.939550, 0.000000, 
80.067542, 0.000000, 
81.070557, 0.000000, 
81.836188, 0.000000, 
82.948834, 0.000000, 
84.139382, 0.000000, 
84.811687, 0.000000, 
85.982161, 0.000000, 
86.886493, 0.000000, 
87.975959, 0.000000, 
88.886974, 0.000000, 
90.084375, 0.000000, 
90.843903, 0.000000, 
91.895568, 0.000000, 
93.028502, 0.000000, 
93.997493, 0.000000, 
94.983027, 0.000000, 
96.164583, 0.000000, 
96.997649, 0.000000, 
98.056291, 0.000000, 
98.834532, 0.000000, 
100.066956, 0.000000, 
100.892628, 0.000000, 
101.921164, 0.000000, 
102.885335, 0.000000, 
103.911661, 0.000000, 
105.178294, 0.000000, 
105.975582, 0.000000, 
107.081416, 0.000000, 
108.053397, 0.000000, 
109.110709, 0.000000, 
110.145318, 0.000000, 
111.197752, 0.000000, 
112.039523, 0.000000, 
112.904003, 0.000000, 
114.044320, 0.000000, 
114.965300, 0.000000, 
115.807984, 0.000000, 
116.960439, 0.000000, 
117.913136, 0.000000, 
118.894079, 0.000000, 
120.155644, 0.000000, 
121.172534, 0.000000, 
121.995410, 0.000000, 
122.934362, 0.000000, 
124.171502, 0.000000, 
125.045597, 0.000000, 
126.039701, 0.000000, 
126.963192, 0.000000, 
128.057492, 0.000000, 
128.938698, 0.000000, 
130.159304, 0.000000, 
130.966088, 0.000000, 
131.899776, 0.000000, 
133.028333, 0.000000, 
134.011365, 0.000000, 
134.833726, 0.000000, 
136.037863, 0.000000, 
137.132184, 0.000000, 
137.809971, 0.000000, 
139.127359, 0.000000, 
139.801052, 0.000000, 
141.054983, 0.000000, 
142.028070, 0.000000, 
142.914383, 0.000000, 
143.899802, 0.000000, 
144.955050, 0.000000, 
146.129353, 0.000000, 
146.912556, 0.000000, 
148.093135, 0.000000, 
148.852128, 0.000000, 
150.197386, 0.000000, 
151.020511, 0.000000, 
152.154041, 0.000000, 
153.104316, 0.000000, 
153.802482, 0.000000, 
155.187308, 0.000000, 
156.112411, 0.000000, 
157.147579, 0.000000, 
158.183256, 0.000000, 
159.033707, 0.000000, 
160.107674, 0.000000, 
160.832950, 0.000000, 
161.810909, 0.000000, 
163.141161, 0.000000, 
164.119633, 0.000000, 
165.111846, 0.000000, 
165.999327, 0.000000, 
167.129007, 0.000000, 
167.917360, 0.000000, 
168.804510, 0.000000, 
170.115838, 0.000000, 
171.198739, 0.000000, 
171.866895, 0.000000, 
172.985079, 0.000000, 
174.180375, 0.000000, 
175.030810, 0.000000, 
176.139856, 0.000000, 
176.953099, 0.000000, 
178.076686, 0.000000, 
179.089961, 0.000000, 
180.099623, 0.000000, 
181.095715, 0.000000, 
181.941418, 0.000000, 
182.950364, 0.000000, 
183.862488, 0.000000, 
185.122611, 0.000000, 
186.092529, 0.000000, 
187.128140, 0.000000, 
188.012622, 0.000000, 
189.131389, 0.000000, 
189.827630, 0.000000, 
190.874547, 0.000000, 
192.027372, 0.000000, 
193.139223, 0.000000, 
193.887839, 0.000000, 
195.041239, 0.000000, 
196.170907, 0.000000, 
196.997631, 0.000000, 
197.940492, 0.000000, 
198.994963, 0.000000, 
