0.321868, 0.000000, 
0.650540, 0.000000, 
2.033285, 0.000000, 
3.064810, 0.000000, 
4.075431, 0.000000, 
5.115758, 0.000000, 
5.901539, 0.000000, 
6.837277, 0.000000, 
7.880306, 0.000000, 
8.791155, 0.000000, 
9.809778, 0.000000, 
10.679417, 0.000000, 
12.071335, 0.000000, 
12.993744, 0.000000, 
14.346823, 0.000000, 
15.130044, 0.000000, 
15.975839, 0.000000, 
16.889361, 0.000000, 
17.735211, 0.000000, 
19.357676, 0.000000, 
20.152460, 0.000000, 
20.608232, 0.000000, 
21.941301, 0.000000, 
22.796495, 0.000000, 
23.667675, 0.000000, 
25.130280, 0.000000, 
26.132066, 0.000000, 
27.278594, 0.000000, 
28.251846, 0.000000, 
29.307449, 0.000000, 
29.692245, 0.000000, 
30.731086, 0.000000, 
31.623507, 0.000000, 
32.682687, 0.000000, 
33.853806, 0.000000, 
34.805093, 0.000000, 
35.962101, 0.000000, 
36.647414, 0.000000, 
38.243275, 0.000000, 
38.796068, 0.000000, 
40.024779, 0.000000, 
40.764863, 0.000000, 
42.097155, 0.000000, 
43.231335, 0.000000, 
43.974228, 0.000000, 
44.661888, 0.000000, 
45.706554, 0.000000, 
47.210066, 0.000000, 
48.243373, 0.000000, 
48.907824, 0.000000, 
49.956252, 0.000000, 
50.826577, 0.000000, 
51.659183, 0.000000, 
53.057556, 0.000000, 
54.363808, 0.000000, 
55.307171, 0.000000, 
55.809438, 0.000000, 
57.280335, 0.000000, 
57.724571, 0.000000, 
58.630122, 0.000000, 
59.602311, 0.000000, 
60.791218, 0.000000, 
61.726340, 0.000000, 
63.175824, 0.000000, 
63.827183, 0.000000, 
65.169998, 0.000000, 
65.965935, 0.000000, 
67.125492, 0.000000, 
68.163066, 0.000000, 
68.912820, 0.000000, 
69.887571, 0.000000, 
71.334227, 0.000000, 
72.381714, 0.000000, 
72.721577, 0.000000, 
73.789441, 0.000000, 
75.310484, 0.000000, 
76.213968, 0.000000, 
76.957375, 0.000000, 
78.238871, 0.000000, 
78.691658, 0.000000, 
80.076282, 0.000000, 
80.779539, 0.000000, 
82.236601, 0.000000, 
82.789153, 0.000000, 
83.954813, 0.000000, 
85.208411, 0.000000, 
86.238647, 0.000000, 
86.641276, 0.000000, 
88.053050, 0.000000, 
88.976643, 0.000000, 
89.917062, 0.000000, 
91.090212, 0.000000, 
92.358775, 0.000000, 
93.386294, 0.000000, 
94.123763, 0.000000, 
94.971946, 0.000000, 
95.823876, 0.000000, 
97.237102, 0.000000, 
97.750789, 0.000000, 
99.202065, 0.000000, 
99.965850, 0.000000, 
100.939273, 0.000000, 
102.179604, 0.000000, 
102.745056, 0.000000, 
103.651359, 0.000000, 
105.258172, 0.000000, 
105.942052, 0.000000, 
107.196945, 0.000000, 
108.241006, 0.000000, 
109.010159, 0.000000, 
110.105537, 0.000000, 
110.609209, 0.000000, 
112.210273, 0.000000, 
112.857096, 0.000000, 
113.939394, 0.000000, 
115.151297, 0.000000, 
116.367476, 0.000000, 
116.676238, 0.000000, 
117.949534, 0.000000, 
119.049239, 0.000000, 
120.318816, 0.000000, 
121.211466, 0.000000, 
122.249451, 0.000000, 
123.248571, 0.000000, 
123.804973, 0.000000, 
125.158124, 0.000000, 
126.316521, 0.000000, 
127.179496, 0.000000, 
127.981572, 0.000000, 
129.061400, 0.000000, 
129.648274, 0.000000, 
131.053388, 0.000000, 
132.294337, 0.000000, 
133.395222, 0.000000, 
134.005765, 0.000000, 
135.058368, 0.000000, 
136.074308, 0.000000, 
137.020417, 0.000000, 
138.278820, 0.000000, 
138.879344, 0.000000, 
140.007321, 0.000000, 
140.605382, 0.000000, 
141.923832, 0.000000, 
143.136039, 0.000000, 
144.075538, 0.000000, 
145.232047, 0.000000, 
146.042802, 0.000000, 
147.211854, 0.000000, 
147.693852, 0.000000, 
148.662044, 0.000000, 
150.050075, 0.000000, 
150.648801, 0.000000, 
152.029052, 0.000000, 
153.385617, 0.000000, 
153.890730, 0.000000, 
154.839987, 0.000000, 
156.338955, 0.000000, 
157.012321, 0.000000, 
157.777832, 0.000000, 
158.608476, 0.000000, 
159.974406, 0.000000, 
160.686536, 0.000000, 
161.841423, 0.000000, 
163.011823, 0.000000, 
163.667565, 0.000000, 
165.040317, 0.000000, 
165.845307, 0.000000, 
167.386036, 0.000000, 
168.030636, 0.000000, 
169.057423, 0.000000, 
169.634473, 0.000000, 
171.224997, 0.000000, 
171.843001, 0.000000, 
173.379570, 0.000000, 
174.240743, 0.000000, 
175.149974, 0.000000, 
175.619745, 0.000000, 
176.830778, 0.000000, 
177.938563, 0.000000, 
179.249798, 0.000000, 
180.105623, 0.000000, 
181.078653, 0.000000, 
181.780709, 0.000000, 
182.955357, 0.000000, 
183.872406, 0.000000, 
184.913412, 0.000000, 
185.699729, 0.000000, 
187.251622, 0.000000, 
188.340934, 0.000000, 
188.863909, 0.000000, 
189.795168, 0.000000, 
191.316749, 0.000000, 
191.971607, 0.000000, 
192.937021, 0.000000, 
194.353105, 0.000000, 
194.782739, 0.000000, 
196.102794, 0.000000, 
196.932625, 0.000000, 
197.630879, 0.000000, 
199.138998, 0.000000, 
