0.088039, 0.000000, 
1.105887, 0.000000, 
1.985414, 0.000000, 
2.980107, 0.000000, 
3.948698, 0.000000, 
5.189124, 0.000000, 
6.040522, 0.000000, 
7.143855, 0.000000, 
7.856855, 0.000000, 
9.185534, 0.000000, 
10.124193, 0.000000, 
11.089403, 0.000000, 
12.064974, 0.000000, 
13.197341, 0.000000, 
13.895143, 0.000000, 
14.915304, 0.000000, 
15.903556, 0.000000, 
17.136869, 0.000000, 
17.951544, 0.000000, 
18.981817, 0.000000, 
20.178518, 0.000000, 
21.107975, 0.000000, 
21.882908, 0.000000, 
23.067988, 0.000000, 
23.842451, 0.000000, 
25.164958, 0.000000, 
25.980073, 0.000000, 
27.174114, 0.000000, 
28.195254, 0.000000, 
28.856081, 0.000000, 
30.179601, 0.000000, 
30.876693, 0.000000, 
32.084376, 0.000000, 
33.148746, 0.000000, 
34.088322, 0.000000, 
35.148652, 0.000000, 
36.137817, 0.000000, 
37.083809, 0.000000, 
38.040260, 0.000000, 
38.867091, 0.000000, 
40.160067, 0.000000, 
41.033116, 0.000000, 
41.813816, 0.000000, 
42.985089, 0.000000, 
44.190438, 0.000000, 
45.093976, 0.000000, 
45.872858, 0.000000, 
46.908955, 0.000000, 
47.859011, 0.000000, 
49.113138, 0.000000, 
49.969559, 0.000000, 
51.090511, 0.000000, 
52.039077, 0.000000, 
53.018446, 0.000000, 
53.887607, 0.000000, 
55.133520, 0.000000, 
56.079547, 0.000000, 
57.185825, 0.000000, 
58.168263, 0.000000, 
59.127782, 0.000000, 
60.089019, 0.000000, 
60.964399, 0.000000, 
62.187451, 0.000000, 
63.053155, 0.000000, 
63.952697, 0.000000, 
65.160650, 0.000000, 
66.042730, 0.000000, 
67.189123, 0.000000, 
67.845882, 0.000000, 
68.949634, 0.000000, 
69.972130, 0.000000, 
71.124674, 0.000000, 
71.948091, 0.000000, 
73.152115, 0.000000, 
73.835738, 0.000000, 
74.990672, 0.000000, 
75.952722, 0.000000, 
77.066517, 0.000000, 
78.064792, 0.000000, 
78.887505, 0.000000, 
79.967067, 0.000000, 
80.890634, 0.000000, 
81.889808, 0.000000, 
83.059674, 0.000000, 
83.957587, 0.000000, 
84.832569, 0.000000, 
86.192454, 0.000000, 
87.099128, 0.000000, 
87.926472, 0.000000, 
89.053621, 0.000000, 
89.968600, 0.000000, 
90.940495, 0.000000, 
92.148794, 0.000000, 
93.057434, 0.000000, 
94.141740, 0.000000, 
94.832474, 0.000000, 
95.932068, 0.000000, 
97.046747, 0.000000, 
97.893099, 0.000000, 
99.091719, 0.000000, 
100.069919, 0.000000, 
101.088522, 0.000000, 
101.945134, 0.000000, 
103.080339, 0.000000, 
103.921005, 0.000000, 
105.182979, 0.000000, 
105.874588, 0.000000, 
106.979635, 0.000000, 
108.047322, 0.000000, 
108.815677, 0.000000, 
110.020384, 0.000000, 
110.801681, 0.000000, 
112.084516, 0.000000, 
113.037968, 0.000000, 
113.865016, 0.000000, 
115.165698, 0.000000, 
116.130212, 0.000000, 
117.155871, 0.000000, 
117.959062, 0.000000, 
119.002685, 0.000000, 
119.887362, 0.000000, 
121.155539, 0.000000, 
122.061605, 0.000000, 
122.845859, 0.000000, 
123.812323, 0.000000, 
125.144514, 0.000000, 
126.088020, 0.000000, 
127.007995, 0.000000, 
127.918353, 0.000000, 
128.849586, 0.000000, 
130.097156, 0.000000, 
130.837832, 0.000000, 
132.007021, 0.000000, 
132.998593, 0.000000, 
134.045747, 0.000000, 
135.003109, 0.000000, 
136.107070, 0.000000, 
137.113003, 0.000000, 
137.805478, 0.000000, 
138.885904, 0.000000, 
139.850425, 0.000000, 
140.927963, 0.000000, 
142.153037, 0.000000, 
143.139591, 0.000000, 
144.119989, 0.000000, 
145.056986, 0.000000, 
146.029900, 0.000000, 
147.180990, 0.000000, 
148.113144, 0.000000, 
148.850298, 0.000000, 
149.987990, 0.000000, 
151.001501, 0.000000, 
152.120453, 0.000000, 
153.010077, 0.000000, 
154.168971, 0.000000, 
154.913835, 0.000000, 
155.917934, 0.000000, 
156.825411, 0.000000, 
158.131630, 0.000000, 
159.197878, 0.000000, 
159.978149, 0.000000, 
160.995762, 0.000000, 
162.185503, 0.000000, 
162.922811, 0.000000, 
164.080703, 0.000000, 
164.966897, 0.000000, 
165.889969, 0.000000, 
166.906078, 0.000000, 
168.154706, 0.000000, 
169.120509, 0.000000, 
170.012653, 0.000000, 
171.054576, 0.000000, 
172.095007, 0.000000, 
172.971365, 0.000000, 
173.968454, 0.000000, 
175.043976, 0.000000, 
176.021554, 0.000000, 
176.954718, 0.000000, 
177.893076, 0.000000, 
179.136330, 0.000000, 
180.022198, 0.000000, 
180.867917, 0.000000, 
182.197469, 0.000000, 
183.052417, 0.000000, 
183.827957, 0.000000, 
185.011011, 0.000000, 
186.070562, 0.000000, 
186.881984, 0.000000, 
188.014817, 0.000000, 
188.852708, 0.000000, 
190.183152, 0.000000, 
190.881675, 0.000000, 
192.014460, 0.000000, 
192.991621, 0.000000, 
194.107407, 0.000000, 
194.837127, 0.000000, 
196.097934, 0.000000, 
196.989953, 0.000000, 
198.031599, 0.000000, 
198.839345, 0.000000, 
