0.325126, 0.000000, 
1.074406, 0.000000, 
2.380028, 0.000000, 
3.165179, 0.000000, 
3.885716, 0.000000, 
4.909145, 0.000000, 
6.397036, 0.000000, 
7.058784, 0.000000, 
8.149271, 0.000000, 
8.729182, 0.000000, 
9.741102, 0.000000, 
11.017962, 0.000000, 
12.068760, 0.000000, 
12.861096, 0.000000, 
14.066285, 0.000000, 
14.773299, 0.000000, 
15.774180, 0.000000, 
16.627142, 0.000000, 
18.262571, 0.000000, 
18.907604, 0.000000, 
19.743578, 0.000000, 
21.147460, 0.000000, 
21.752717, 0.000000, 
22.968147, 0.000000, 
24.246067, 0.000000, 
24.850727, 0.000000, 
25.632648, 0.000000, 
27.103589, 0.000000, 
28.140419, 0.000000, 
29.024675, 0.000000, 
29.685621, 0.000000, 
30.793819, 0.000000, 
32.043852, 0.000000, 
33.126134, 0.000000, 
34.038487, 0.000000, 
35.065965, 0.000000, 
35.753069, 0.000000, 
36.962489, 0.000000, 
38.105370, 0.000000, 
39.388060, 0.000000, 
39.673210, 0.000000, 
41.240691, 0.000000, 
41.721670, 0.000000, 
43.127826, 0.000000, 
43.809191, 0.000000, 
44.684454, 0.000000, 
46.097324, 0.000000, 
47.160234, 0.000000, 
48.030930, 0.000000, 
48.754093, 0.000000, 
50.058924, 0.000000, 
51.169039, 0.000000, 
52.043476, 0.000000, 
52.796693, 0.000000, 
53.775731, 0.000000, 
54.792580, 0.000000, 
55.604663, 0.000000, 
56.628805, 0.000000, 
57.857774, 0.000000, 
59.258970, 0.000000, 
59.899441, 0.000000, 
60.702431, 0.000000, 
61.869905, 0.000000, 
63.109029, 0.000000, 
64.388071, 0.000000, 
64.639271, 0.000000, 
65.782441, 0.000000, 
66.666160, 0.000000, 
68.287194, 0.000000, 
68.726296, 0.000000, 
69.628108, 0.000000, 
70.869344, 0.000000, 
71.916090, 0.000000, 
72.644750, 0.000000, 
74.103056, 0.000000, 
74.642484, 0.000000, 
75.891660, 0.000000, 
77.371659, 0.000000, 
77.754614, 0.000000, 
79.396666, 0.000000, 
80.122941, 0.000000, 
81.105552, 0.000000, 
81.863846, 0.000000, 
82.781576, 0.000000, 
83.698193, 0.000000, 
85.107771, 0.000000, 
86.151818, 0.000000, 
87.135701, 0.000000, 
88.016776, 0.000000, 
89.113791, 0.000000, 
90.285039, 0.000000, 
91.009431, 0.000000, 
92.278500, 0.000000, 
93.008904, 0.000000, 
94.216383, 0.000000, 
94.792769, 0.000000, 
95.735120, 0.000000, 
97.333142, 0.000000, 
98.027560, 0.000000, 
98.816005, 0.000000, 
100.208952, 0.000000, 
100.811853, 0.000000, 
102.262326, 0.000000, 
103.314292, 0.000000, 
103.933954, 0.000000, 
104.760757, 0.000000, 
105.692681, 0.000000, 
107.027636, 0.000000, 
107.871178, 0.000000, 
109.075225, 0.000000, 
110.175647, 0.000000, 
111.264499, 0.000000, 
112.023851, 0.000000, 
113.150342, 0.000000, 
114.186248, 0.000000, 
114.671931, 0.000000, 
115.760108, 0.000000, 
116.770098, 0.000000, 
117.850464, 0.000000, 
118.841543, 0.000000, 
120.174402, 0.000000, 
120.905268, 0.000000, 
122.007218, 0.000000, 
122.824633, 0.000000, 
124.155220, 0.000000, 
124.920797, 0.000000, 
126.107903, 0.000000, 
126.640254, 0.000000, 
127.932410, 0.000000, 
129.177236, 0.000000, 
130.153215, 0.000000, 
131.110582, 0.000000, 
131.769901, 0.000000, 
133.032427, 0.000000, 
134.137173, 0.000000, 
134.752547, 0.000000, 
135.639462, 0.000000, 
137.196695, 0.000000, 
137.958261, 0.000000, 
138.769798, 0.000000, 
140.348745, 0.000000, 
141.287242, 0.000000, 
141.991003, 0.000000, 
143.378168, 0.000000, 
143.867019, 0.000000, 
144.924833, 0.000000, 
146.364083, 0.000000, 
147.369732, 0.000000, 
148.375654, 0.000000, 
148.789592, 0.000000, 
150.061638, 0.000000, 
150.940647, 0.000000, 
152.026663, 0.000000, 
152.761076, 0.000000, 
153.609495, 0.000000, 
155.262617, 0.000000, 
155.991341, 0.000000, 
156.783528, 0.000000, 
158.278747, 0.000000, 
159.144943, 0.000000, 
159.973675, 0.000000, 
160.650081, 0.000000, 
162.357739, 0.000000, 
163.095937, 0.000000, 
163.858200, 0.000000, 
165.134346, 0.000000, 
165.882395, 0.000000, 
167.203124, 0.000000, 
167.981122, 0.000000, 
168.815055, 0.000000, 
170.022054, 0.000000, 
171.339903, 0.000000, 
171.944444, 0.000000, 
172.636078, 0.000000, 
174.051468, 0.000000, 
175.284344, 0.000000, 
175.670853, 0.000000, 
176.707339, 0.000000, 
178.199735, 0.000000, 
178.899535, 0.000000, 
179.963833, 0.000000, 
180.836002, 0.000000, 
182.097059, 0.000000, 
183.046325, 0.000000, 
183.641683, 0.000000, 
185.001139, 0.000000, 
186.212683, 0.000000, 
186.631130, 0.000000, 
187.672380, 0.000000, 
189.260123, 0.000000, 
189.604975, 0.000000, 
191.219906, 0.000000, 
191.719878, 0.000000, 
192.968418, 0.000000, 
193.937218, 0.000000, 
195.004477, 0.000000, 
196.305831, 0.000000, 
196.663914, 0.000000, 
198.315311, 0.000000, 
198.865152, 0.000000, 
