0.385921, 0.000000, 
0.679420, 0.000000, 
1.611067, 0.000000, 
3.109128, 0.000000, 
4.334768, 0.000000, 
5.202241, 0.000000, 
6.093253, 0.000000, 
7.158731, 0.000000, 
8.336371, 0.000000, 
9.023361, 0.000000, 
10.092017, 0.000000, 
11.283905, 0.000000, 
12.290756, 0.000000, 
12.675766, 0.000000, 
14.239828, 0.000000, 
15.099196, 0.000000, 
15.822760, 0.000000, 
17.015391, 0.000000, 
18.206799, 0.000000, 
18.735869, 0.000000, 
19.699916, 0.000000, 
20.686975, 0.000000, 
22.346892, 0.000000, 
22.735148, 0.000000, 
23.691199, 0.000000, 
25.133368, 0.000000, 
26.270500, 0.000000, 
27.085792, 0.000000, 
27.811910, 0.000000, 
29.090631, 0.000000, 
30.392144, 0.000000, 
31.092804, 0.000000, 
31.862284, 0.000000, 
33.334569, 0.000000, 
34.118904, 0.000000, 
34.672684, 0.000000, 
36.058321, 0.000000, 
36.764832, 0.000000, 
38.239089, 0.000000, 
39.283427, 0.000000, 
40.364674, 0.000000, 
41.386992, 0.000000, 
42.345833, 0.000000, 
42.832210, 0.000000, 
43.881848, 0.000000, 
44.986360, 0.000000, 
45.765653, 0.000000, 
47.200372, 0.000000, 
48.348574, 0.000000, 
48.981744, 0.000000, 
49.763652, 0.000000, 
51.239477, 0.000000, 
52.163965, 0.000000, 
53.320090, 0.000000, 
53.627139, 0.000000, 
54.702952, 0.000000, 
56.101145, 0.000000, 
57.148538, 0.000000, 
57.638859, 0.000000, 
59.153766, 0.000000, 
59.681972, 0.000000, 
61.142710, 0.000000, 
62.058623, 0.000000, 
63.086137, 0.000000, 
63.771735, 0.000000, 
65.347167, 0.000000, 
66.142594, 0.000000, 
67.334448, 0.000000, 
67.695272, 0.000000, 
68.756312, 0.000000, 
70.360042, 0.000000, 
70.752149, 0.000000, 
72.030214, 0.000000, 
73.250184, 0.000000, 
73.887471, 0.000000, 
74.604349, 0.000000, 
76.084470, 0.000000, 
76.643774, 0.000000, 
78.248103, 0.000000, 
78.910321, 0.000000, 
80.134433, 0.000000, 
80.799731, 0.000000, 
82.324978, 0.000000, 
83.369752, 0.000000, 
84.385256, 0.000000, 
84.613429, 0.000000, 
85.723976, 0.000000, 
86.914904, 0.000000, 
88.315734, 0.000000, 
89.275709, 0.000000, 
89.649474, 0.000000, 
91.008825, 0.000000, 
91.625314, 0.000000, 
93.146317, 0.000000, 
94.166672, 0.000000, 
95.253384, 0.000000, 
96.268887, 0.000000, 
97.042873, 0.000000, 
97.638772, 0.000000, 
98.909987, 0.000000, 
100.259851, 0.000000, 
101.017132, 0.000000, 
102.253269, 0.000000, 
102.811171, 0.000000, 
103.682122, 0.000000, 
105.102140, 0.000000, 
105.667100, 0.000000, 
106.712776, 0.000000, 
108.301752, 0.000000, 
109.239577, 0.000000, 
109.834394, 0.000000, 
110.951439, 0.000000, 
112.283396, 0.000000, 
113.024596, 0.000000, 
113.860824, 0.000000, 
115.124585, 0.000000, 
116.345109, 0.000000, 
117.200429, 0.000000, 
118.222219, 0.000000, 
118.891655, 0.000000, 
120.102541, 0.000000, 
120.615545, 0.000000, 
122.370412, 0.000000, 
122.723876, 0.000000, 
124.206002, 0.000000, 
125.016347, 0.000000, 
126.051079, 0.000000, 
127.035680, 0.000000, 
128.121584, 0.000000, 
128.742204, 0.000000, 
129.887986, 0.000000, 
131.021033, 0.000000, 
131.805352, 0.000000, 
133.006197, 0.000000, 
134.394871, 0.000000, 
134.914928, 0.000000, 
136.281174, 0.000000, 
137.065598, 0.000000, 
137.842127, 0.000000, 
138.743161, 0.000000, 
139.740775, 0.000000, 
140.894171, 0.000000, 
141.894229, 0.000000, 
143.354872, 0.000000, 
143.635994, 0.000000, 
144.952309, 0.000000, 
146.223059, 0.000000, 
147.216878, 0.000000, 
147.962537, 0.000000, 
148.878041, 0.000000, 
149.865090, 0.000000, 
151.346425, 0.000000, 
152.073601, 0.000000, 
152.780633, 0.000000, 
154.383249, 0.000000, 
155.294643, 0.000000, 
156.061681, 0.000000, 
156.903506, 0.000000, 
157.830321, 0.000000, 
159.184002, 0.000000, 
160.120881, 0.000000, 
160.696624, 0.000000, 
162.222842, 0.000000, 
162.635151, 0.000000, 
164.267181, 0.000000, 
165.156209, 0.000000, 
166.268181, 0.000000, 
166.674952, 0.000000, 
168.124760, 0.000000, 
168.951492, 0.000000, 
169.769330, 0.000000, 
171.362307, 0.000000, 
172.394384, 0.000000, 
172.895203, 0.000000, 
174.334732, 0.000000, 
175.262785, 0.000000, 
175.690810, 0.000000, 
176.963845, 0.000000, 
178.169137, 0.000000, 
179.322413, 0.000000, 
180.015436, 0.000000, 
180.961935, 0.000000, 
181.760253, 0.000000, 
183.174956, 0.000000, 
184.010468, 0.000000, 
184.837973, 0.000000, 
185.827605, 0.000000, 
186.942974, 0.000000, 
188.285896, 0.000000, 
188.979233, 0.000000, 
189.804428, 0.000000, 
191.391285, 0.000000, 
192.265835, 0.000000, 
193.101756, 0.000000, 
194.185405, 0.000000, 
195.229378, 0.000000, 
196.398630, 0.000000, 
196.691371, 0.000000, 
198.185251, 0.000000, 
198.983993, 0.000000, 
