-0.085147, 0.000000, 
0.883921, 0.000000, 
2.020080, 0.000000, 
2.824682, 0.000000, 
3.878979, 0.000000, 
4.958125, 0.000000, 
5.992879, 0.000000, 
7.002449, 0.000000, 
7.900404, 0.000000, 
8.975808, 0.000000, 
10.097338, 0.000000, 
11.140525, 0.000000, 
11.919814, 0.000000, 
13.006864, 0.000000, 
14.067146, 0.000000, 
14.827482, 0.000000, 
15.812362, 0.000000, 
16.934305, 0.000000, 
18.157573, 0.000000, 
19.103710, 0.000000, 
19.840664, 0.000000, 
20.942429, 0.000000, 
22.191396, 0.000000, 
22.844999, 0.000000, 
24.127724, 0.000000, 
24.938195, 0.000000, 
25.826883, 0.000000, 
26.801959, 0.000000, 
28.007151, 0.000000, 
29.165669, 0.000000, 
29.896707, 0.000000, 
30.937162, 0.000000, 
32.040522, 0.000000, 
32.863029, 0.000000, 
34.039909, 0.000000, 
35.033358, 0.000000, 
36.173540, 0.000000, 
37.186196, 0.000000, 
37.955162, 0.000000, 
38.802801, 0.000000, 
39.832250, 0.000000, 
41.016699, 0.000000, 
41.955110, 0.000000, 
43.162091, 0.000000, 
44.173800, 0.000000, 
45.076880, 0.000000, 
46.139924, 0.000000, 
47.119006, 0.000000, 
48.173886, 0.000000, 
48.851266, 0.000000, 
49.957646, 0.000000, 
51.150860, 0.000000, 
51.817635, 0.000000, 
52.900271, 0.000000, 
53.862428, 0.000000, 
55.116503, 0.000000, 
55.984449, 0.000000, 
57.090430, 0.000000, 
58.150165, 0.000000, 
58.994326, 0.000000, 
60.169827, 0.000000, 
61.163633, 0.000000, 
61.907023, 0.000000, 
63.145768, 0.000000, 
64.101860, 0.000000, 
64.962600, 0.000000, 
65.888614, 0.000000, 
67.178528, 0.000000, 
68.011528, 0.000000, 
69.082547, 0.000000, 
69.903275, 0.000000, 
70.971301, 0.000000, 
71.925013, 0.000000, 
73.097574, 0.000000, 
74.105589, 0.000000, 
74.842503, 0.000000, 
75.976745, 0.000000, 
77.118996, 0.000000, 
78.089445, 0.000000, 
79.083715, 0.000000, 
80.033821, 0.000000, 
81.074629, 0.000000, 
82.187384, 0.000000, 
83.009614, 0.000000, 
84.165831, 0.000000, 
84.893981, 0.000000, 
86.112683, 0.000000, 
86.997270, 0.000000, 
88.185816, 0.000000, 
88.942281, 0.000000, 
90.159810, 0.000000, 
91.091366, 0.000000, 
91.834554, 0.000000, 
93.041822, 0.000000, 
94.129098, 0.000000, 
95.184978, 0.000000, 
96.191641, 0.000000, 
96.955362, 0.000000, 
98.001637, 0.000000, 
99.199133, 0.000000, 
99.800078, 0.000000, 
101.072234, 0.000000, 
101.972660, 0.000000, 
102.993088, 0.000000, 
103.913389, 0.000000, 
104.999986, 0.000000, 
106.156560, 0.000000, 
107.161081, 0.000000, 
108.101546, 0.000000, 
108.845279, 0.000000, 
109.882706, 0.000000, 
111.018300, 0.000000, 
111.902466, 0.000000, 
113.016994, 0.000000, 
113.985348, 0.000000, 
115.003828, 0.000000, 
116.098334, 0.000000, 
117.156162, 0.000000, 
117.861546, 0.000000, 
119.094976, 0.000000, 
120.005441, 0.000000, 
121.097242, 0.000000, 
121.858752, 0.000000, 
122.967250, 0.000000, 
124.156432, 0.000000, 
124.899937, 0.000000, 
125.950122, 0.000000, 
126.877453, 0.000000, 
127.980717, 0.000000, 
128.800441, 0.000000, 
130.123333, 0.000000, 
131.136099, 0.000000, 
131.807844, 0.000000, 
133.011099, 0.000000, 
133.815224, 0.000000, 
135.059724, 0.000000, 
136.004529, 0.000000, 
136.810319, 0.000000, 
138.156623, 0.000000, 
138.807653, 0.000000, 
140.131296, 0.000000, 
140.803060, 0.000000, 
141.953114, 0.000000, 
142.889435, 0.000000, 
144.109481, 0.000000, 
144.839370, 0.000000, 
145.929442, 0.000000, 
146.927792, 0.000000, 
147.862022, 0.000000, 
149.051870, 0.000000, 
150.040980, 0.000000, 
150.879455, 0.000000, 
152.103015, 0.000000, 
152.815080, 0.000000, 
153.943888, 0.000000, 
155.187004, 0.000000, 
155.882830, 0.000000, 
157.040167, 0.000000, 
158.093533, 0.000000, 
159.124267, 0.000000, 
159.940936, 0.000000, 
161.105107, 0.000000, 
161.804728, 0.000000, 
162.843530, 0.000000, 
163.928778, 0.000000, 
165.001022, 0.000000, 
165.947523, 0.000000, 
166.931002, 0.000000, 
167.998547, 0.000000, 
168.929057, 0.000000, 
169.999364, 0.000000, 
170.941120, 0.000000, 
171.858616, 0.000000, 
172.894090, 0.000000, 
173.870675, 0.000000, 
174.930385, 0.000000, 
176.121287, 0.000000, 
177.024000, 0.000000, 
177.988587, 0.000000, 
179.071138, 0.000000, 
180.120241, 0.000000, 
180.886525, 0.000000, 
182.058729, 0.000000, 
183.164278, 0.000000, 
183.830522, 0.000000, 
184.996194, 0.000000, 
186.135446, 0.000000, 
187.141945, 0.000000, 
187.987202, 0.000000, 
188.959802, 0.000000, 
190.079008, 0.000000, 
190.816392, 0.000000, 
192.024417, 0.000000, 
192.982100, 0.000000, 
194.053299, 0.000000, 
195.066722, 0.000000, 
196.107204, 0.000000, 
197.147074, 0.000000, 
198.076742, 0.000000, 
198.872623, 0.000000, 
