0.070858, 0.000000, 
0.913879, 0.000000, 
1.983877, 0.000000, 
3.065402, 0.000000, 
4.029890, 0.000000, 
4.974546, 0.000000, 
5.997602, 0.000000, 
6.960610, 0.000000, 
8.044927, 0.000000, 
8.959651, 0.000000, 
9.970882, 0.000000, 
11.062827, 0.000000, 
12.080885, 0.000000, 
13.039476, 0.000000, 
13.953037, 0.000000, 
15.084153, 0.000000, 
16.005777, 0.000000, 
17.069784, 0.000000, 
17.952067, 0.000000, 
18.914826, 0.000000, 
20.016547, 0.000000, 
20.958639, 0.000000, 
22.070503, 0.000000, 
23.043518, 0.000000, 
24.010882, 0.000000, 
25.081702, 0.000000, 
25.957897, 0.000000, 
26.926486, 0.000000, 
28.002829, 0.000000, 
29.028341, 0.000000, 
30.046503, 0.000000, 
30.951832, 0.000000, 
31.985395, 0.000000, 
33.053509, 0.000000, 
33.949690, 0.000000, 
34.974093, 0.000000, 
36.044073, 0.000000, 
37.055042, 0.000000, 
37.957488, 0.000000, 
39.059132, 0.000000, 
40.092405, 0.000000, 
41.002173, 0.000000, 
42.071506, 0.000000, 
42.994126, 0.000000, 
43.910407, 0.000000, 
45.084090, 0.000000, 
46.020907, 0.000000, 
46.901193, 0.000000, 
48.005358, 0.000000, 
48.930931, 0.000000, 
50.044881, 0.000000, 
50.919675, 0.000000, 
51.997618, 0.000000, 
53.061029, 0.000000, 
53.972582, 0.000000, 
54.947170, 0.000000, 
56.051783, 0.000000, 
56.999514, 0.000000, 
57.916279, 0.000000, 
59.031720, 0.000000, 
59.904686, 0.000000, 
61.015907, 0.000000, 
62.006144, 0.000000, 
62.904783, 0.000000, 
64.025335, 0.000000, 
65.067689, 0.000000, 
66.010965, 0.000000, 
66.912293, 0.000000, 
67.994002, 0.000000, 
68.957722, 0.000000, 
70.078727, 0.000000, 
71.013570, 0.000000, 
71.907445, 0.000000, 
72.994475, 0.000000, 
73.954867, 0.000000, 
75.031309, 0.000000, 
75.984804, 0.000000, 
76.912475, 0.000000, 
77.951399, 0.000000, 
79.091155, 0.000000, 
80.070466, 0.000000, 
81.008459, 0.000000, 
81.902335, 0.000000, 
83.097370, 0.000000, 
83.955831, 0.000000, 
84.996736, 0.000000, 
86.008967, 0.000000, 
87.098072, 0.000000, 
88.070496, 0.000000, 
88.993053, 0.000000, 
90.081343, 0.000000, 
91.027671, 0.000000, 
92.024771, 0.000000, 
92.953220, 0.000000, 
94.074298, 0.000000, 
95.044808, 0.000000, 
95.982875, 0.000000, 
96.993944, 0.000000, 
97.927406, 0.000000, 
99.060342, 0.000000, 
99.924215, 0.000000, 
101.051665, 0.000000, 
102.045600, 0.000000, 
102.975801, 0.000000, 
104.007251, 0.000000, 
104.972482, 0.000000, 
105.986577, 0.000000, 
107.062308, 0.000000, 
108.046934, 0.000000, 
108.968077, 0.000000, 
109.910746, 0.000000, 
110.963578, 0.000000, 
111.933157, 0.000000, 
112.966677, 0.000000, 
113.948411, 0.000000, 
114.991250, 0.000000, 
116.041071, 0.000000, 
116.970356, 0.000000, 
117.972382, 0.000000, 
119.018846, 0.000000, 
120.032115, 0.000000, 
121.021170, 0.000000, 
121.964700, 0.000000, 
123.094929, 0.000000, 
123.972111, 0.000000, 
124.925853, 0.000000, 
125.985428, 0.000000, 
126.922346, 0.000000, 
128.015320, 0.000000, 
128.926811, 0.000000, 
129.953583, 0.000000, 
131.090733, 0.000000, 
132.028013, 0.000000, 
132.953266, 0.000000, 
133.971069, 0.000000, 
134.935512, 0.000000, 
135.939233, 0.000000, 
137.051707, 0.000000, 
138.051409, 0.000000, 
138.990625, 0.000000, 
139.918321, 0.000000, 
141.086612, 0.000000, 
141.918246, 0.000000, 
142.900159, 0.000000, 
144.026484, 0.000000, 
145.091112, 0.000000, 
145.909716, 0.000000, 
146.999866, 0.000000, 
148.023356, 0.000000, 
148.910648, 0.000000, 
150.014919, 0.000000, 
150.949886, 0.000000, 
151.900713, 0.000000, 
153.010503, 0.000000, 
153.972847, 0.000000, 
155.077574, 0.000000, 
155.921194, 0.000000, 
156.942655, 0.000000, 
158.042298, 0.000000, 
158.954472, 0.000000, 
159.934614, 0.000000, 
161.072554, 0.000000, 
162.017342, 0.000000, 
162.950063, 0.000000, 
164.086067, 0.000000, 
165.072681, 0.000000, 
166.078459, 0.000000, 
167.054088, 0.000000, 
167.994609, 0.000000, 
168.951625, 0.000000, 
169.948449, 0.000000, 
171.003385, 0.000000, 
172.055159, 0.000000, 
172.976005, 0.000000, 
174.013089, 0.000000, 
174.940383, 0.000000, 
176.078038, 0.000000, 
177.077046, 0.000000, 
178.033847, 0.000000, 
178.941998, 0.000000, 
180.074257, 0.000000, 
181.020579, 0.000000, 
182.064118, 0.000000, 
183.083245, 0.000000, 
183.985555, 0.000000, 
185.038431, 0.000000, 
186.067547, 0.000000, 
186.993913, 0.000000, 
188.004454, 0.000000, 
189.073128, 0.000000, 
189.943206, 0.000000, 
191.085975, 0.000000, 
191.934867, 0.000000, 
192.980542, 0.000000, 
193.965923, 0.000000, 
195.023275, 0.000000, 
196.093823, 0.000000, 
196.928822, 0.000000, 
197.944478, 0.000000, 
198.949815, 0.000000, 
