-0.001653, 0.000000, 
0.921909, 0.000000, 
1.954150, 0.000000, 
2.854678, 0.000000, 
4.036288, 0.000000, 
5.045122, 0.000000, 
5.839474, 0.000000, 
6.861560, 0.000000, 
8.082531, 0.000000, 
9.036973, 0.000000, 
10.095922, 0.000000, 
10.915606, 0.000000, 
12.054513, 0.000000, 
12.902365, 0.000000, 
13.903266, 0.000000, 
14.898508, 0.000000, 
16.163272, 0.000000, 
17.169202, 0.000000, 
18.155345, 0.000000, 
19.183042, 0.000000, 
20.103876, 0.000000, 
21.146535, 0.000000, 
22.089642, 0.000000, 
22.810999, 0.000000, 
24.081007, 0.000000, 
24.844984, 0.000000, 
26.109322, 0.000000, 
27.163367, 0.000000, 
27.994273, 0.000000, 
28.870436, 0.000000, 
29.949142, 0.000000, 
30.954864, 0.000000, 
32.020327, 0.000000, 
33.054068, 0.000000, 
33.972546, 0.000000, 
34.872142, 0.000000, 
35.846338, 0.000000, 
36.977083, 0.000000, 
37.945457, 0.000000, 
39.000962, 0.000000, 
40.029723, 0.000000, 
40.964413, 0.000000, 
41.801876, 0.000000, 
43.092581, 0.000000, 
44.156435, 0.000000, 
44.955409, 0.000000, 
45.866548, 0.000000, 
46.807390, 0.000000, 
48.111065, 0.000000, 
48.896149, 0.000000, 
50.180164, 0.000000, 
51.130080, 0.000000, 
52.094975, 0.000000, 
52.825569, 0.000000, 
54.043047, 0.000000, 
55.124870, 0.000000, 
56.116221, 0.000000, 
56.989968, 0.000000, 
58.093505, 0.000000, 
59.127862, 0.000000, 
59.869021, 0.000000, 
60.954965, 0.000000, 
61.829195, 0.000000, 
63.049888, 0.000000, 
63.920097, 0.000000, 
64.912252, 0.000000, 
65.914459, 0.000000, 
67.026685, 0.000000, 
68.053551, 0.000000, 
69.187343, 0.000000, 
70.153346, 0.000000, 
71.167898, 0.000000, 
71.946619, 0.000000, 
72.897438, 0.000000, 
73.829143, 0.000000, 
75.149498, 0.000000, 
76.090155, 0.000000, 
77.178294, 0.000000, 
77.841362, 0.000000, 
79.107075, 0.000000, 
79.849997, 0.000000, 
80.841573, 0.000000, 
82.023064, 0.000000, 
83.093496, 0.000000, 
84.124417, 0.000000, 
84.966013, 0.000000, 
85.888179, 0.000000, 
86.868815, 0.000000, 
87.836605, 0.000000, 
88.848999, 0.000000, 
90.185267, 0.000000, 
91.101464, 0.000000, 
92.172001, 0.000000, 
93.162998, 0.000000, 
94.074010, 0.000000, 
94.822262, 0.000000, 
95.875993, 0.000000, 
97.086349, 0.000000, 
97.925757, 0.000000, 
98.920344, 0.000000, 
99.964692, 0.000000, 
100.978984, 0.000000, 
101.935325, 0.000000, 
103.199000, 0.000000, 
104.062146, 0.000000, 
104.911333, 0.000000, 
106.011998, 0.000000, 
107.102812, 0.000000, 
108.059381, 0.000000, 
109.148102, 0.000000, 
110.032226, 0.000000, 
111.034925, 0.000000, 
111.983520, 0.000000, 
113.197688, 0.000000, 
113.850537, 0.000000, 
115.174379, 0.000000, 
115.966373, 0.000000, 
117.039661, 0.000000, 
118.194215, 0.000000, 
118.887332, 0.000000, 
119.877719, 0.000000, 
120.873687, 0.000000, 
121.988363, 0.000000, 
122.968826, 0.000000, 
123.952190, 0.000000, 
124.896658, 0.000000, 
126.092218, 0.000000, 
126.879606, 0.000000, 
127.999723, 0.000000, 
129.074115, 0.000000, 
130.061586, 0.000000, 
131.196981, 0.000000, 
131.814061, 0.000000, 
132.958887, 0.000000, 
134.014781, 0.000000, 
135.091759, 0.000000, 
135.876860, 0.000000, 
137.169861, 0.000000, 
138.197158, 0.000000, 
138.809930, 0.000000, 
139.974426, 0.000000, 
140.837630, 0.000000, 
142.131381, 0.000000, 
142.909898, 0.000000, 
143.833940, 0.000000, 
144.996419, 0.000000, 
146.117853, 0.000000, 
146.813621, 0.000000, 
147.865751, 0.000000, 
149.064922, 0.000000, 
150.094936, 0.000000, 
150.950101, 0.000000, 
151.907626, 0.000000, 
152.939032, 0.000000, 
154.152293, 0.000000, 
154.821886, 0.000000, 
156.010103, 0.000000, 
157.126822, 0.000000, 
158.175514, 0.000000, 
158.921854, 0.000000, 
160.039660, 0.000000, 
161.154101, 0.000000, 
162.009988, 0.000000, 
163.053802, 0.000000, 
163.870480, 0.000000, 
164.997768, 0.000000, 
166.115721, 0.000000, 
167.197653, 0.000000, 
168.150553, 0.000000, 
168.841357, 0.000000, 
170.058924, 0.000000, 
171.159652, 0.000000, 
172.182063, 0.000000, 
173.077194, 0.000000, 
173.990911, 0.000000, 
174.996731, 0.000000, 
176.128048, 0.000000, 
176.809546, 0.000000, 
178.113805, 0.000000, 
179.006621, 0.000000, 
179.894873, 0.000000, 
181.059647, 0.000000, 
182.083826, 0.000000, 
183.122250, 0.000000, 
184.141679, 0.000000, 
185.061530, 0.000000, 
186.011948, 0.000000, 
186.944303, 0.000000, 
188.125054, 0.000000, 
188.897697, 0.000000, 
189.943140, 0.000000, 
191.058213, 0.000000, 
192.032860, 0.000000, 
192.873182, 0.000000, 
194.160008, 0.000000, 
195.152532, 0.000000, 
195.946819, 0.000000, 
196.943113, 0.000000, 
197.837194, 0.000000, 
198.922880, 0.000000, 
