-0.170669, 0.000000, 
0.876254, 0.000000, 
1.910352, 0.000000, 
3.123940, 0.000000, 
4.071591, 0.000000, 
5.198220, 0.000000, 
5.850094, 0.000000, 
7.125468, 0.000000, 
8.094393, 0.000000, 
8.917516, 0.000000, 
10.027814, 0.000000, 
11.010403, 0.000000, 
12.122655, 0.000000, 
13.175945, 0.000000, 
13.971163, 0.000000, 
15.107038, 0.000000, 
15.941916, 0.000000, 
16.837551, 0.000000, 
18.012290, 0.000000, 
19.197805, 0.000000, 
19.877994, 0.000000, 
20.890890, 0.000000, 
22.024253, 0.000000, 
22.925189, 0.000000, 
24.066019, 0.000000, 
25.010710, 0.000000, 
25.850828, 0.000000, 
26.858545, 0.000000, 
27.983831, 0.000000, 
29.114767, 0.000000, 
29.815783, 0.000000, 
30.938322, 0.000000, 
32.115451, 0.000000, 
33.063801, 0.000000, 
34.189500, 0.000000, 
34.825479, 0.000000, 
35.882769, 0.000000, 
37.155052, 0.000000, 
37.988611, 0.000000, 
39.043954, 0.000000, 
39.831010, 0.000000, 
41.068172, 0.000000, 
42.023633, 0.000000, 
43.168602, 0.000000, 
43.967192, 0.000000, 
44.920457, 0.000000, 
45.951677, 0.000000, 
46.824690, 0.000000, 
48.186705, 0.000000, 
49.002229, 0.000000, 
49.883921, 0.000000, 
50.808887, 0.000000, 
51.866864, 0.000000, 
53.079550, 0.000000, 
53.881643, 0.000000, 
54.867630, 0.000000, 
55.854231, 0.000000, 
57.060790, 0.000000, 
58.086744, 0.000000, 
59.197538, 0.000000, 
60.070434, 0.000000, 
61.066706, 0.000000, 
61.950578, 0.000000, 
63.015105, 0.000000, 
63.952577, 0.000000, 
64.912154, 0.000000, 
65.884430, 0.000000, 
66.873077, 0.000000, 
68.112372, 0.000000, 
69.153213, 0.000000, 
69.916044, 0.000000, 
70.804779, 0.000000, 
72.104358, 0.000000, 
72.983900, 0.000000, 
73.920530, 0.000000, 
75.037331, 0.000000, 
75.891666, 0.000000, 
77.115418, 0.000000, 
77.925630, 0.000000, 
78.988835, 0.000000, 
80.040817, 0.000000, 
81.194917, 0.000000, 
81.947119, 0.000000, 
83.031232, 0.000000, 
84.114517, 0.000000, 
84.842099, 0.000000, 
85.880846, 0.000000, 
86.966703, 0.000000, 
87.931490, 0.000000, 
88.857201, 0.000000, 
90.191529, 0.000000, 
90.966575, 0.000000, 
91.834092, 0.000000, 
93.011036, 0.000000, 
94.042361, 0.000000, 
95.079036, 0.000000, 
95.841808, 0.000000, 
97.121259, 0.000000, 
98.083744, 0.000000, 
99.051621, 0.000000, 
99.995861, 0.000000, 
101.041012, 0.000000, 
102.064803, 0.000000, 
102.854109, 0.000000, 
104.062209, 0.000000, 
104.958163, 0.000000, 
106.194745, 0.000000, 
107.092472, 0.000000, 
107.991051, 0.000000, 
108.803148, 0.000000, 
110.169228, 0.000000, 
111.146408, 0.000000, 
112.161512, 0.000000, 
113.174337, 0.000000, 
114.084207, 0.000000, 
114.801885, 0.000000, 
116.164313, 0.000000, 
116.858794, 0.000000, 
118.096986, 0.000000, 
118.948699, 0.000000, 
120.183336, 0.000000, 
121.034150, 0.000000, 
121.891838, 0.000000, 
122.891255, 0.000000, 
123.863965, 0.000000, 
125.021747, 0.000000, 
126.054462, 0.000000, 
127.091113, 0.000000, 
127.968601, 0.000000, 
128.819787, 0.000000, 
130.146032, 0.000000, 
131.191199, 0.000000, 
131.873516, 0.000000, 
133.064127, 0.000000, 
133.815181, 0.000000, 
134.920213, 0.000000, 
136.121356, 0.000000, 
137.159604, 0.000000, 
138.095881, 0.000000, 
139.121552, 0.000000, 
139.849164, 0.000000, 
141.086617, 0.000000, 
141.959884, 0.000000, 
143.039694, 0.000000, 
144.116672, 0.000000, 
144.841388, 0.000000, 
146.111042, 0.000000, 
147.002724, 0.000000, 
148.121165, 0.000000, 
148.895640, 0.000000, 
149.832259, 0.000000, 
150.839006, 0.000000, 
152.086342, 0.000000, 
152.994889, 0.000000, 
154.199884, 0.000000, 
155.152013, 0.000000, 
156.184491, 0.000000, 
157.198545, 0.000000, 
158.162085, 0.000000, 
159.144859, 0.000000, 
160.073155, 0.000000, 
160.805318, 0.000000, 
162.196167, 0.000000, 
162.987213, 0.000000, 
163.847275, 0.000000, 
164.875376, 0.000000, 
165.968592, 0.000000, 
167.088428, 0.000000, 
168.181047, 0.000000, 
168.836785, 0.000000, 
170.132125, 0.000000, 
171.017980, 0.000000, 
172.002249, 0.000000, 
173.091276, 0.000000, 
174.012027, 0.000000, 
175.082888, 0.000000, 
175.924163, 0.000000, 
177.069707, 0.000000, 
177.956007, 0.000000, 
178.999505, 0.000000, 
179.804810, 0.000000, 
181.138060, 0.000000, 
182.097605, 0.000000, 
183.003217, 0.000000, 
183.965230, 0.000000, 
184.800749, 0.000000, 
186.177182, 0.000000, 
186.809112, 0.000000, 
188.148255, 0.000000, 
188.944542, 0.000000, 
190.136905, 0.000000, 
190.952687, 0.000000, 
191.921719, 0.000000, 
193.154836, 0.000000, 
194.150200, 0.000000, 
195.009390, 0.000000, 
196.197702, 0.000000, 
196.903738, 0.000000, 
197.980505, 0.000000, 
199.002502, 0.000000, 
