0.103128, 0.000000, 
0.813659, 0.000000, 
2.100606, 0.000000, 
2.915272, 0.000000, 
4.165957, 0.000000, 
4.936994, 0.000000, 
5.949204, 0.000000, 
7.062579, 0.000000, 
7.834146, 0.000000, 
9.070242, 0.000000, 
10.172375, 0.000000, 
11.053119, 0.000000, 
12.016674, 0.000000, 
13.140218, 0.000000, 
14.153677, 0.000000, 
15.013084, 0.000000, 
15.863432, 0.000000, 
16.975779, 0.000000, 
17.862798, 0.000000, 
19.109832, 0.000000, 
19.873763, 0.000000, 
21.022159, 0.000000, 
21.884048, 0.000000, 
22.985353, 0.000000, 
23.967871, 0.000000, 
25.139053, 0.000000, 
26.089671, 0.000000, 
26.882068, 0.000000, 
27.857702, 0.000000, 
28.877111, 0.000000, 
30.089536, 0.000000, 
31.136716, 0.000000, 
32.030257, 0.000000, 
33.095318, 0.000000, 
34.196952, 0.000000, 
35.014062, 0.000000, 
35.806497, 0.000000, 
37.140369, 0.000000, 
37.834181, 0.000000, 
38.966917, 0.000000, 
40.025318, 0.000000, 
40.927461, 0.000000, 
41.898945, 0.000000, 
42.967849, 0.000000, 
43.987775, 0.000000, 
45.028416, 0.000000, 
45.849488, 0.000000, 
47.114608, 0.000000, 
47.933315, 0.000000, 
48.992325, 0.000000, 
49.923887, 0.000000, 
51.171946, 0.000000, 
51.805299, 0.000000, 
52.809271, 0.000000, 
53.875939, 0.000000, 
54.820668, 0.000000, 
55.835782, 0.000000, 
56.925627, 0.000000, 
57.936502, 0.000000, 
59.156873, 0.000000, 
60.193224, 0.000000, 
61.049312, 0.000000, 
61.806285, 0.000000, 
62.923978, 0.000000, 
64.144522, 0.000000, 
64.937982, 0.000000, 
66.155243, 0.000000, 
66.938270, 0.000000, 
67.871709, 0.000000, 
68.976534, 0.000000, 
70.021307, 0.000000, 
71.022514, 0.000000, 
72.070988, 0.000000, 
72.862309, 0.000000, 
74.194190, 0.000000, 
75.173422, 0.000000, 
75.879455, 0.000000, 
77.190547, 0.000000, 
77.897584, 0.000000, 
79.089294, 0.000000, 
79.829199, 0.000000, 
81.025230, 0.000000, 
81.922298, 0.000000, 
83.145060, 0.000000, 
83.856225, 0.000000, 
85.016725, 0.000000, 
86.046903, 0.000000, 
86.946850, 0.000000, 
88.176387, 0.000000, 
89.150306, 0.000000, 
89.868825, 0.000000, 
90.952161, 0.000000, 
91.861975, 0.000000, 
92.861328, 0.000000, 
94.187975, 0.000000, 
94.872865, 0.000000, 
96.125126, 0.000000, 
96.939545, 0.000000, 
97.997764, 0.000000, 
98.825298, 0.000000, 
100.100598, 0.000000, 
101.085091, 0.000000, 
102.106119, 0.000000, 
102.824303, 0.000000, 
104.118725, 0.000000, 
104.962674, 0.000000, 
106.094013, 0.000000, 
107.029348, 0.000000, 
107.970386, 0.000000, 
108.823909, 0.000000, 
109.968543, 0.000000, 
111.013064, 0.000000, 
112.077428, 0.000000, 
112.876291, 0.000000, 
113.918122, 0.000000, 
115.173134, 0.000000, 
116.000552, 0.000000, 
117.110269, 0.000000, 
117.861574, 0.000000, 
118.883872, 0.000000, 
119.905413, 0.000000, 
121.099238, 0.000000, 
122.135913, 0.000000, 
123.022095, 0.000000, 
123.972997, 0.000000, 
124.844056, 0.000000, 
125.859306, 0.000000, 
126.918441, 0.000000, 
127.976303, 0.000000, 
128.905856, 0.000000, 
129.802747, 0.000000, 
131.024868, 0.000000, 
132.027838, 0.000000, 
133.068129, 0.000000, 
134.189437, 0.000000, 
134.838508, 0.000000, 
135.868245, 0.000000, 
136.950824, 0.000000, 
137.954399, 0.000000, 
139.095150, 0.000000, 
140.084008, 0.000000, 
141.058698, 0.000000, 
141.924654, 0.000000, 
142.859380, 0.000000, 
143.902338, 0.000000, 
144.974141, 0.000000, 
146.061359, 0.000000, 
147.019693, 0.000000, 
148.093436, 0.000000, 
148.936591, 0.000000, 
150.136236, 0.000000, 
150.947731, 0.000000, 
152.029100, 0.000000, 
153.181872, 0.000000, 
154.168408, 0.000000, 
154.801221, 0.000000, 
155.997902, 0.000000, 
157.013209, 0.000000, 
158.121081, 0.000000, 
159.101261, 0.000000, 
159.919797, 0.000000, 
161.100188, 0.000000, 
162.161428, 0.000000, 
162.962281, 0.000000, 
163.904833, 0.000000, 
164.956574, 0.000000, 
166.035245, 0.000000, 
166.981829, 0.000000, 
167.904937, 0.000000, 
169.118640, 0.000000, 
169.972361, 0.000000, 
171.022351, 0.000000, 
171.846415, 0.000000, 
172.878301, 0.000000, 
173.895643, 0.000000, 
175.086269, 0.000000, 
176.142856, 0.000000, 
177.152026, 0.000000, 
177.853727, 0.000000, 
178.862276, 0.000000, 
180.049162, 0.000000, 
180.957869, 0.000000, 
182.169555, 0.000000, 
182.994652, 0.000000, 
184.168611, 0.000000, 
185.003073, 0.000000, 
185.881268, 0.000000, 
186.989370, 0.000000, 
187.924706, 0.000000, 
188.938027, 0.000000, 
190.024569, 0.000000, 
191.045722, 0.000000, 
192.097474, 0.000000, 
192.990604, 0.000000, 
193.987215, 0.000000, 
194.922510, 0.000000, 
195.980946, 0.000000, 
197.032898, 0.000000, 
197.861724, 0.000000, 
198.824315, 0.000000, 
