0.028033, 0.000000, 
0.852117, 0.000000, 
2.068415, 0.000000, 
3.096171, 0.000000, 
4.151282, 0.000000, 
4.742427, 0.000000, 
6.299536, 0.000000, 
6.788450, 0.000000, 
7.854317, 0.000000, 
9.109614, 0.000000, 
10.272533, 0.000000, 
11.284971, 0.000000, 
12.262699, 0.000000, 
13.051637, 0.000000, 
13.767031, 0.000000, 
15.176294, 0.000000, 
15.913405, 0.000000, 
16.968243, 0.000000, 
17.790389, 0.000000, 
18.710820, 0.000000, 
20.084183, 0.000000, 
21.180762, 0.000000, 
22.230916, 0.000000, 
23.076703, 0.000000, 
24.035077, 0.000000, 
25.057097, 0.000000, 
25.723816, 0.000000, 
26.736001, 0.000000, 
27.715528, 0.000000, 
29.077524, 0.000000, 
29.848033, 0.000000, 
30.714067, 0.000000, 
32.295980, 0.000000, 
33.098373, 0.000000, 
34.010992, 0.000000, 
34.914053, 0.000000, 
35.897131, 0.000000, 
37.079925, 0.000000, 
38.056226, 0.000000, 
39.273131, 0.000000, 
39.940532, 0.000000, 
40.850617, 0.000000, 
42.089075, 0.000000, 
42.871855, 0.000000, 
43.856660, 0.000000, 
45.103164, 0.000000, 
45.888723, 0.000000, 
46.702584, 0.000000, 
48.283413, 0.000000, 
48.834172, 0.000000, 
50.031578, 0.000000, 
50.930615, 0.000000, 
51.741199, 0.000000, 
52.775912, 0.000000, 
53.853230, 0.000000, 
54.836093, 0.000000, 
56.063479, 0.000000, 
56.835726, 0.000000, 
58.063653, 0.000000, 
59.099550, 0.000000, 
59.732483, 0.000000, 
61.273892, 0.000000, 
61.837828, 0.000000, 
62.758030, 0.000000, 
64.011011, 0.000000, 
64.882635, 0.000000, 
65.908137, 0.000000, 
66.806774, 0.000000, 
68.112859, 0.000000, 
69.127917, 0.000000, 
70.047105, 0.000000, 
71.124187, 0.000000, 
71.870537, 0.000000, 
73.070568, 0.000000, 
73.753829, 0.000000, 
75.289725, 0.000000, 
76.040344, 0.000000, 
77.292115, 0.000000, 
77.951946, 0.000000, 
79.095528, 0.000000, 
80.243105, 0.000000, 
80.934552, 0.000000, 
81.826259, 0.000000, 
82.838853, 0.000000, 
83.797015, 0.000000, 
85.225618, 0.000000, 
85.817370, 0.000000, 
86.754656, 0.000000, 
87.934382, 0.000000, 
89.253161, 0.000000, 
89.965739, 0.000000, 
90.752152, 0.000000, 
92.288515, 0.000000, 
93.131547, 0.000000, 
94.135446, 0.000000, 
94.752181, 0.000000, 
96.294985, 0.000000, 
96.869332, 0.000000, 
98.287279, 0.000000, 
98.725909, 0.000000, 
99.850102, 0.000000, 
101.047736, 0.000000, 
101.941810, 0.000000, 
103.132996, 0.000000, 
104.187918, 0.000000, 
104.942720, 0.000000, 
105.841621, 0.000000, 
106.826661, 0.000000, 
107.875771, 0.000000, 
109.069172, 0.000000, 
110.250431, 0.000000, 
111.037799, 0.000000, 
112.186524, 0.000000, 
113.177556, 0.000000, 
114.095971, 0.000000, 
115.150823, 0.000000, 
116.264505, 0.000000, 
116.833469, 0.000000, 
117.708966, 0.000000, 
119.212629, 0.000000, 
120.297508, 0.000000, 
121.247131, 0.000000, 
121.946530, 0.000000, 
123.167463, 0.000000, 
124.054913, 0.000000, 
124.729804, 0.000000, 
126.028363, 0.000000, 
126.936570, 0.000000, 
128.210521, 0.000000, 
129.211375, 0.000000, 
130.009571, 0.000000, 
131.013971, 0.000000, 
131.933393, 0.000000, 
132.865278, 0.000000, 
134.066419, 0.000000, 
134.739126, 0.000000, 
135.811508, 0.000000, 
136.830969, 0.000000, 
138.016575, 0.000000, 
139.083574, 0.000000, 
140.164920, 0.000000, 
140.958487, 0.000000, 
142.260363, 0.000000, 
142.862137, 0.000000, 
144.065239, 0.000000, 
144.816238, 0.000000, 
145.871659, 0.000000, 
146.836965, 0.000000, 
148.277154, 0.000000, 
148.975732, 0.000000, 
149.824443, 0.000000, 
151.067359, 0.000000, 
152.214414, 0.000000, 
153.183918, 0.000000, 
153.899166, 0.000000, 
154.784824, 0.000000, 
155.993538, 0.000000, 
157.003601, 0.000000, 
158.102239, 0.000000, 
158.896428, 0.000000, 
160.194780, 0.000000, 
160.841695, 0.000000, 
162.129585, 0.000000, 
162.881897, 0.000000, 
164.283705, 0.000000, 
165.237396, 0.000000, 
165.879290, 0.000000, 
166.867247, 0.000000, 
167.893005, 0.000000, 
168.705673, 0.000000, 
170.131074, 0.000000, 
170.897286, 0.000000, 
171.761336, 0.000000, 
172.731476, 0.000000, 
173.883851, 0.000000, 
175.054049, 0.000000, 
176.019868, 0.000000, 
176.847926, 0.000000, 
177.951523, 0.000000, 
178.838038, 0.000000, 
179.745757, 0.000000, 
180.934138, 0.000000, 
181.718960, 0.000000, 
182.912749, 0.000000, 
183.914530, 0.000000, 
184.765195, 0.000000, 
186.293414, 0.000000, 
186.790431, 0.000000, 
188.031714, 0.000000, 
188.768427, 0.000000, 
190.067701, 0.000000, 
190.875693, 0.000000, 
192.010932, 0.000000, 
192.958810, 0.000000, 
194.299920, 0.000000, 
194.899179, 0.000000, 
195.835474, 0.000000, 
197.280306, 0.000000, 
197.929399, 0.000000, 
198.859503, 0.000000, 
