0.313966, 0.000000, 
0.719414, 0.000000, 
1.509292, 0.000000, 
3.275195, 0.000000, 
3.545773, 0.000000, 
4.917114, 0.000000, 
6.178266, 0.000000, 
6.635002, 0.000000, 
8.353205, 0.000000, 
8.938273, 0.000000, 
10.204902, 0.000000, 
10.693707, 0.000000, 
12.380648, 0.000000, 
13.076072, 0.000000, 
14.139272, 0.000000, 
14.977015, 0.000000, 
16.034849, 0.000000, 
16.992342, 0.000000, 
18.153254, 0.000000, 
18.579244, 0.000000, 
20.004982, 0.000000, 
21.071355, 0.000000, 
21.946852, 0.000000, 
23.171632, 0.000000, 
23.961600, 0.000000, 
24.941345, 0.000000, 
26.186731, 0.000000, 
27.041769, 0.000000, 
27.932616, 0.000000, 
29.384655, 0.000000, 
30.466739, 0.000000, 
30.592831, 0.000000, 
31.867553, 0.000000, 
32.594374, 0.000000, 
34.012945, 0.000000, 
35.149629, 0.000000, 
35.977303, 0.000000, 
37.378908, 0.000000, 
37.788622, 0.000000, 
39.022239, 0.000000, 
39.748244, 0.000000, 
41.336627, 0.000000, 
42.459654, 0.000000, 
42.912319, 0.000000, 
44.032799, 0.000000, 
45.163713, 0.000000, 
45.564334, 0.000000, 
47.234755, 0.000000, 
48.009121, 0.000000, 
49.004779, 0.000000, 
50.362833, 0.000000, 
50.901495, 0.000000, 
52.279320, 0.000000, 
53.240118, 0.000000, 
54.484504, 0.000000, 
54.943149, 0.000000, 
56.189485, 0.000000, 
57.486763, 0.000000, 
57.503557, 0.000000, 
58.650213, 0.000000, 
59.562809, 0.000000, 
61.285725, 0.000000, 
62.382819, 0.000000, 
62.627113, 0.000000, 
64.179683, 0.000000, 
64.883185, 0.000000, 
65.808158, 0.000000, 
67.231182, 0.000000, 
68.260536, 0.000000, 
69.058415, 0.000000, 
70.197173, 0.000000, 
70.665711, 0.000000, 
71.541627, 0.000000, 
72.846347, 0.000000, 
74.481864, 0.000000, 
74.671825, 0.000000, 
76.387669, 0.000000, 
76.899568, 0.000000, 
77.798046, 0.000000, 
79.286815, 0.000000, 
80.497312, 0.000000, 
80.914697, 0.000000, 
82.126328, 0.000000, 
82.538358, 0.000000, 
83.746182, 0.000000, 
84.798303, 0.000000, 
86.045831, 0.000000, 
86.841158, 0.000000, 
88.200570, 0.000000, 
89.114058, 0.000000, 
90.225956, 0.000000, 
90.637886, 0.000000, 
92.135903, 0.000000, 
93.153152, 0.000000, 
94.064477, 0.000000, 
95.331592, 0.000000, 
95.760073, 0.000000, 
97.235497, 0.000000, 
97.877191, 0.000000, 
99.124842, 0.000000, 
100.190428, 0.000000, 
100.700049, 0.000000, 
102.102079, 0.000000, 
103.180582, 0.000000, 
104.458961, 0.000000, 
104.621941, 0.000000, 
106.486283, 0.000000, 
106.852142, 0.000000, 
108.454853, 0.000000, 
108.756751, 0.000000, 
110.113177, 0.000000, 
111.290178, 0.000000, 
111.717810, 0.000000, 
112.924259, 0.000000, 
114.498142, 0.000000, 
114.840292, 0.000000, 
116.120255, 0.000000, 
117.144504, 0.000000, 
117.726394, 0.000000, 
118.643956, 0.000000, 
120.401735, 0.000000, 
120.721366, 0.000000, 
121.694064, 0.000000, 
122.702499, 0.000000, 
124.055524, 0.000000, 
125.480824, 0.000000, 
126.105417, 0.000000, 
127.386448, 0.000000, 
128.413104, 0.000000, 
128.664916, 0.000000, 
129.836032, 0.000000, 
131.445981, 0.000000, 
132.474833, 0.000000, 
133.462367, 0.000000, 
133.972369, 0.000000, 
135.208541, 0.000000, 
135.928288, 0.000000, 
137.091884, 0.000000, 
137.648860, 0.000000, 
139.271192, 0.000000, 
139.826292, 0.000000, 
140.826591, 0.000000, 
142.169004, 0.000000, 
143.164640, 0.000000, 
144.103442, 0.000000, 
145.229293, 0.000000, 
146.450191, 0.000000, 
146.853474, 0.000000, 
147.871052, 0.000000, 
148.970156, 0.000000, 
149.664757, 0.000000, 
151.345773, 0.000000, 
151.702211, 0.000000, 
153.387176, 0.000000, 
153.725007, 0.000000, 
154.675569, 0.000000, 
155.878701, 0.000000, 
157.070746, 0.000000, 
158.338786, 0.000000, 
158.573275, 0.000000, 
160.211712, 0.000000, 
161.402388, 0.000000, 
162.033537, 0.000000, 
163.332905, 0.000000, 
164.308814, 0.000000, 
164.648244, 0.000000, 
165.825080, 0.000000, 
166.788626, 0.000000, 
167.770546, 0.000000, 
169.469521, 0.000000, 
169.802726, 0.000000, 
171.235491, 0.000000, 
171.610022, 0.000000, 
173.482375, 0.000000, 
174.489685, 0.000000, 
174.934799, 0.000000, 
175.897819, 0.000000, 
177.484598, 0.000000, 
177.703543, 0.000000, 
179.098033, 0.000000, 
179.737933, 0.000000, 
181.016098, 0.000000, 
182.420143, 0.000000, 
183.418455, 0.000000, 
184.019276, 0.000000, 
185.166049, 0.000000, 
186.044167, 0.000000, 
186.542271, 0.000000, 
187.970364, 0.000000, 
189.238281, 0.000000, 
189.969167, 0.000000, 
191.489538, 0.000000, 
191.765979, 0.000000, 
193.039295, 0.000000, 
193.732508, 0.000000, 
194.698951, 0.000000, 
195.941210, 0.000000, 
197.477092, 0.000000, 
198.130240, 0.000000, 
198.952341, 0.000000, 
