-0.172274, 0.000000, 
0.815644, 0.000000, 
1.943900, 0.000000, 
2.938475, 0.000000, 
4.081285, 0.000000, 
4.825106, 0.000000, 
6.082616, 0.000000, 
6.861451, 0.000000, 
7.940093, 0.000000, 
8.852004, 0.000000, 
9.893355, 0.000000, 
10.901853, 0.000000, 
11.903064, 0.000000, 
12.920022, 0.000000, 
14.098657, 0.000000, 
14.938108, 0.000000, 
16.151061, 0.000000, 
16.926094, 0.000000, 
18.101696, 0.000000, 
18.949746, 0.000000, 
20.117547, 0.000000, 
21.029593, 0.000000, 
21.997730, 0.000000, 
22.954977, 0.000000, 
23.949558, 0.000000, 
24.952051, 0.000000, 
25.839228, 0.000000, 
27.165404, 0.000000, 
27.896987, 0.000000, 
29.030983, 0.000000, 
30.038292, 0.000000, 
31.107364, 0.000000, 
31.976827, 0.000000, 
32.869800, 0.000000, 
33.895154, 0.000000, 
35.033500, 0.000000, 
35.941289, 0.000000, 
36.850273, 0.000000, 
37.896767, 0.000000, 
38.817533, 0.000000, 
39.900188, 0.000000, 
41.105265, 0.000000, 
41.903632, 0.000000, 
43.000326, 0.000000, 
44.048748, 0.000000, 
45.189390, 0.000000, 
45.862850, 0.000000, 
47.108064, 0.000000, 
48.081373, 0.000000, 
48.905449, 0.000000, 
49.847273, 0.000000, 
50.918816, 0.000000, 
52.038349, 0.000000, 
52.981046, 0.000000, 
54.083270, 0.000000, 
55.154400, 0.000000, 
55.968614, 0.000000, 
56.903774, 0.000000, 
58.051522, 0.000000, 
59.056262, 0.000000, 
60.147660, 0.000000, 
60.938252, 0.000000, 
61.982148, 0.000000, 
62.886070, 0.000000, 
63.966704, 0.000000, 
65.024873, 0.000000, 
65.990009, 0.000000, 
67.193945, 0.000000, 
67.894808, 0.000000, 
69.109758, 0.000000, 
70.131897, 0.000000, 
71.176302, 0.000000, 
71.875476, 0.000000, 
72.845210, 0.000000, 
74.079342, 0.000000, 
74.966778, 0.000000, 
76.127445, 0.000000, 
77.163174, 0.000000, 
77.906372, 0.000000, 
79.187272, 0.000000, 
80.139208, 0.000000, 
80.824087, 0.000000, 
82.085219, 0.000000, 
82.871830, 0.000000, 
84.117218, 0.000000, 
85.001967, 0.000000, 
85.995029, 0.000000, 
86.996830, 0.000000, 
88.000948, 0.000000, 
88.818054, 0.000000, 
89.902542, 0.000000, 
91.021779, 0.000000, 
91.875643, 0.000000, 
93.085489, 0.000000, 
94.146759, 0.000000, 
95.067500, 0.000000, 
96.146483, 0.000000, 
97.148362, 0.000000, 
98.044725, 0.000000, 
99.027498, 0.000000, 
100.184894, 0.000000, 
101.047382, 0.000000, 
101.916747, 0.000000, 
102.826645, 0.000000, 
104.092356, 0.000000, 
104.865823, 0.000000, 
106.102034, 0.000000, 
106.853438, 0.000000, 
108.165536, 0.000000, 
109.003509, 0.000000, 
109.996930, 0.000000, 
110.869130, 0.000000, 
111.828705, 0.000000, 
112.912486, 0.000000, 
113.813778, 0.000000, 
114.934315, 0.000000, 
116.035280, 0.000000, 
117.158304, 0.000000, 
118.111976, 0.000000, 
118.904074, 0.000000, 
119.834584, 0.000000, 
121.133501, 0.000000, 
122.146990, 0.000000, 
122.938530, 0.000000, 
123.993376, 0.000000, 
125.155656, 0.000000, 
125.930595, 0.000000, 
127.106624, 0.000000, 
128.126233, 0.000000, 
129.133017, 0.000000, 
130.003953, 0.000000, 
131.161101, 0.000000, 
131.832694, 0.000000, 
133.174796, 0.000000, 
133.911906, 0.000000, 
135.165006, 0.000000, 
135.923313, 0.000000, 
137.174758, 0.000000, 
137.866653, 0.000000, 
138.914091, 0.000000, 
139.921352, 0.000000, 
140.843866, 0.000000, 
142.083473, 0.000000, 
142.985512, 0.000000, 
144.080769, 0.000000, 
144.976887, 0.000000, 
145.864850, 0.000000, 
146.896480, 0.000000, 
148.030934, 0.000000, 
148.995069, 0.000000, 
150.112021, 0.000000, 
151.009652, 0.000000, 
152.036778, 0.000000, 
153.140609, 0.000000, 
154.146611, 0.000000, 
155.078864, 0.000000, 
156.004016, 0.000000, 
157.143336, 0.000000, 
157.951095, 0.000000, 
159.027375, 0.000000, 
159.974264, 0.000000, 
160.959798, 0.000000, 
161.841042, 0.000000, 
163.119280, 0.000000, 
164.096109, 0.000000, 
164.890707, 0.000000, 
165.888188, 0.000000, 
167.197142, 0.000000, 
168.172772, 0.000000, 
168.975039, 0.000000, 
169.938879, 0.000000, 
170.978914, 0.000000, 
172.092104, 0.000000, 
173.023130, 0.000000, 
174.095085, 0.000000, 
174.915568, 0.000000, 
176.126339, 0.000000, 
176.963138, 0.000000, 
177.834824, 0.000000, 
178.903820, 0.000000, 
180.057725, 0.000000, 
181.061079, 0.000000, 
181.987024, 0.000000, 
182.828867, 0.000000, 
184.037075, 0.000000, 
184.803087, 0.000000, 
185.937087, 0.000000, 
186.947421, 0.000000, 
187.882109, 0.000000, 
188.830781, 0.000000, 
190.084604, 0.000000, 
191.052111, 0.000000, 
192.152554, 0.000000, 
193.176149, 0.000000, 
193.945493, 0.000000, 
194.825453, 0.000000, 
195.890110, 0.000000, 
196.912941, 0.000000, 
197.894745, 0.000000, 
198.966968, 0.000000, 
