0.076977, 0.000000, 
1.008801, 0.000000, 
1.846448, 0.000000, 
3.101613, 0.000000, 
3.957918, 0.000000, 
5.124443, 0.000000, 
6.001105, 0.000000, 
6.835463, 0.000000, 
8.187070, 0.000000, 
8.993809, 0.000000, 
9.974332, 0.000000, 
11.047939, 0.000000, 
11.997512, 0.000000, 
13.016066, 0.000000, 
14.014303, 0.000000, 
14.959212, 0.000000, 
16.177258, 0.000000, 
17.141659, 0.000000, 
17.951197, 0.000000, 
18.981823, 0.000000, 
19.949839, 0.000000, 
21.015042, 0.000000, 
21.991969, 0.000000, 
22.948666, 0.000000, 
24.107932, 0.000000, 
25.128593, 0.000000, 
25.848257, 0.000000, 
27.095183, 0.000000, 
27.996993, 0.000000, 
28.820508, 0.000000, 
29.854678, 0.000000, 
31.044707, 0.000000, 
32.127118, 0.000000, 
32.842407, 0.000000, 
33.811525, 0.000000, 
34.822995, 0.000000, 
35.822349, 0.000000, 
36.855837, 0.000000, 
37.950314, 0.000000, 
39.023590, 0.000000, 
40.121064, 0.000000, 
41.113117, 0.000000, 
41.989209, 0.000000, 
43.146330, 0.000000, 
44.187263, 0.000000, 
45.179543, 0.000000, 
46.086031, 0.000000, 
47.120777, 0.000000, 
48.144070, 0.000000, 
49.049070, 0.000000, 
49.986853, 0.000000, 
51.103980, 0.000000, 
52.126375, 0.000000, 
52.948202, 0.000000, 
54.171455, 0.000000, 
55.197050, 0.000000, 
56.035110, 0.000000, 
56.826453, 0.000000, 
58.182722, 0.000000, 
59.024081, 0.000000, 
60.116150, 0.000000, 
60.960027, 0.000000, 
62.197685, 0.000000, 
62.988109, 0.000000, 
64.188533, 0.000000, 
64.897757, 0.000000, 
65.830859, 0.000000, 
66.991360, 0.000000, 
67.804807, 0.000000, 
68.944427, 0.000000, 
69.867969, 0.000000, 
71.186720, 0.000000, 
72.126375, 0.000000, 
72.812422, 0.000000, 
74.130006, 0.000000, 
74.915956, 0.000000, 
75.924052, 0.000000, 
76.884774, 0.000000, 
78.021933, 0.000000, 
78.967555, 0.000000, 
80.190401, 0.000000, 
81.045076, 0.000000, 
82.032603, 0.000000, 
82.801422, 0.000000, 
83.847403, 0.000000, 
85.007331, 0.000000, 
85.991325, 0.000000, 
87.182092, 0.000000, 
87.944410, 0.000000, 
88.934137, 0.000000, 
89.872712, 0.000000, 
90.964955, 0.000000, 
91.882681, 0.000000, 
93.083939, 0.000000, 
94.161470, 0.000000, 
95.030866, 0.000000, 
95.963898, 0.000000, 
96.895154, 0.000000, 
98.115503, 0.000000, 
99.170416, 0.000000, 
100.175541, 0.000000, 
100.834623, 0.000000, 
101.822276, 0.000000, 
103.009860, 0.000000, 
104.010957, 0.000000, 
104.895625, 0.000000, 
105.900060, 0.000000, 
106.985171, 0.000000, 
107.894038, 0.000000, 
109.101855, 0.000000, 
110.100893, 0.000000, 
110.866957, 0.000000, 
112.086979, 0.000000, 
113.140423, 0.000000, 
114.135686, 0.000000, 
114.951040, 0.000000, 
116.064637, 0.000000, 
116.914741, 0.000000, 
118.197810, 0.000000, 
119.180858, 0.000000, 
119.951008, 0.000000, 
120.953658, 0.000000, 
121.918898, 0.000000, 
122.855077, 0.000000, 
124.012610, 0.000000, 
124.875236, 0.000000, 
125.934885, 0.000000, 
127.187894, 0.000000, 
128.188814, 0.000000, 
128.899060, 0.000000, 
130.046140, 0.000000, 
130.993190, 0.000000, 
132.140762, 0.000000, 
133.016503, 0.000000, 
134.024802, 0.000000, 
135.035221, 0.000000, 
136.061498, 0.000000, 
137.041511, 0.000000, 
138.133431, 0.000000, 
139.074348, 0.000000, 
139.835407, 0.000000, 
141.110928, 0.000000, 
141.859339, 0.000000, 
143.043680, 0.000000, 
144.155313, 0.000000, 
144.822103, 0.000000, 
145.932649, 0.000000, 
147.058412, 0.000000, 
147.994106, 0.000000, 
149.034679, 0.000000, 
150.170517, 0.000000, 
151.006052, 0.000000, 
151.883623, 0.000000, 
153.018762, 0.000000, 
154.116540, 0.000000, 
154.841670, 0.000000, 
155.958150, 0.000000, 
157.047189, 0.000000, 
157.985486, 0.000000, 
158.829990, 0.000000, 
160.030392, 0.000000, 
161.054539, 0.000000, 
161.803505, 0.000000, 
162.978339, 0.000000, 
163.931668, 0.000000, 
165.186951, 0.000000, 
165.872148, 0.000000, 
166.920361, 0.000000, 
168.059872, 0.000000, 
169.028223, 0.000000, 
170.137080, 0.000000, 
170.997044, 0.000000, 
172.150934, 0.000000, 
172.972396, 0.000000, 
173.971251, 0.000000, 
175.193704, 0.000000, 
175.917203, 0.000000, 
176.983542, 0.000000, 
177.947368, 0.000000, 
179.048151, 0.000000, 
180.183554, 0.000000, 
180.970153, 0.000000, 
182.100208, 0.000000, 
182.928445, 0.000000, 
183.931613, 0.000000, 
184.810773, 0.000000, 
185.834111, 0.000000, 
187.112629, 0.000000, 
188.193562, 0.000000, 
189.033696, 0.000000, 
189.820156, 0.000000, 
190.890917, 0.000000, 
191.826571, 0.000000, 
192.905409, 0.000000, 
193.940903, 0.000000, 
194.945301, 0.000000, 
195.900016, 0.000000, 
197.096359, 0.000000, 
198.048704, 0.000000, 
198.946454, 0.000000, 
