0.010872, 0.000000, 
1.076486, 0.000000, 
1.969086, 0.000000, 
2.988217, 0.000000, 
4.000762, 0.000000, 
5.060069, 0.000000, 
6.064370, 0.000000, 
7.077838, 0.000000, 
8.008322, 0.000000, 
9.029406, 0.000000, 
9.917208, 0.000000, 
10.958874, 0.000000, 
12.006119, 0.000000, 
12.991555, 0.000000, 
14.006093, 0.000000, 
15.009955, 0.000000, 
16.070735, 0.000000, 
16.956365, 0.000000, 
18.002425, 0.000000, 
19.036188, 0.000000, 
20.031049, 0.000000, 
20.981522, 0.000000, 
21.933719, 0.000000, 
22.964660, 0.000000, 
24.061082, 0.000000, 
25.086345, 0.000000, 
25.923060, 0.000000, 
27.020540, 0.000000, 
28.068543, 0.000000, 
28.981886, 0.000000, 
29.981037, 0.000000, 
31.087694, 0.000000, 
32.011113, 0.000000, 
33.035532, 0.000000, 
33.965737, 0.000000, 
35.070750, 0.000000, 
36.096212, 0.000000, 
37.053836, 0.000000, 
38.079005, 0.000000, 
39.027434, 0.000000, 
40.027221, 0.000000, 
41.052496, 0.000000, 
41.958157, 0.000000, 
42.944407, 0.000000, 
44.045112, 0.000000, 
44.949984, 0.000000, 
45.955775, 0.000000, 
47.053636, 0.000000, 
48.036657, 0.000000, 
48.997728, 0.000000, 
50.059803, 0.000000, 
51.038363, 0.000000, 
51.902322, 0.000000, 
53.075735, 0.000000, 
54.068555, 0.000000, 
54.965654, 0.000000, 
56.011665, 0.000000, 
56.941173, 0.000000, 
57.934853, 0.000000, 
58.902843, 0.000000, 
60.074530, 0.000000, 
60.901127, 0.000000, 
61.959107, 0.000000, 
62.912176, 0.000000, 
63.986708, 0.000000, 
64.983549, 0.000000, 
66.032675, 0.000000, 
66.974405, 0.000000, 
67.933002, 0.000000, 
68.971114, 0.000000, 
69.986626, 0.000000, 
70.975516, 0.000000, 
71.934369, 0.000000, 
72.990105, 0.000000, 
73.912440, 0.000000, 
74.908122, 0.000000, 
75.970173, 0.000000, 
76.990562, 0.000000, 
77.981845, 0.000000, 
79.051729, 0.000000, 
80.096020, 0.000000, 
81.064455, 0.000000, 
81.977965, 0.000000, 
83.049024, 0.000000, 
83.999947, 0.000000, 
85.096865, 0.000000, 
85.935953, 0.000000, 
86.931803, 0.000000, 
88.068308, 0.000000, 
89.077755, 0.000000, 
90.009653, 0.000000, 
90.919680, 0.000000, 
91.936337, 0.000000, 
93.037261, 0.000000, 
93.949085, 0.000000, 
95.060188, 0.000000, 
96.023443, 0.000000, 
96.940465, 0.000000, 
97.977968, 0.000000, 
99.022751, 0.000000, 
100.040242, 0.000000, 
100.933412, 0.000000, 
101.989707, 0.000000, 
103.006680, 0.000000, 
103.945455, 0.000000, 
105.055151, 0.000000, 
105.938689, 0.000000, 
107.087101, 0.000000, 
108.097720, 0.000000, 
108.929557, 0.000000, 
110.040277, 0.000000, 
111.081661, 0.000000, 
111.979940, 0.000000, 
113.022673, 0.000000, 
114.043024, 0.000000, 
115.098494, 0.000000, 
115.980709, 0.000000, 
116.992472, 0.000000, 
117.937216, 0.000000, 
118.914427, 0.000000, 
119.920253, 0.000000, 
121.013651, 0.000000, 
121.915566, 0.000000, 
122.998181, 0.000000, 
124.066182, 0.000000, 
124.947935, 0.000000, 
125.917947, 0.000000, 
126.949167, 0.000000, 
128.050388, 0.000000, 
128.930942, 0.000000, 
129.943051, 0.000000, 
131.040701, 0.000000, 
132.001561, 0.000000, 
132.964867, 0.000000, 
133.918848, 0.000000, 
135.010429, 0.000000, 
135.995540, 0.000000, 
136.992495, 0.000000, 
137.972624, 0.000000, 
139.098141, 0.000000, 
139.994903, 0.000000, 
140.967963, 0.000000, 
141.989113, 0.000000, 
142.942938, 0.000000, 
143.941636, 0.000000, 
145.067851, 0.000000, 
145.906710, 0.000000, 
146.949706, 0.000000, 
148.006921, 0.000000, 
149.075098, 0.000000, 
150.022816, 0.000000, 
151.078689, 0.000000, 
152.030695, 0.000000, 
152.922145, 0.000000, 
154.085778, 0.000000, 
154.923863, 0.000000, 
155.913224, 0.000000, 
156.917384, 0.000000, 
157.967883, 0.000000, 
159.076078, 0.000000, 
159.939345, 0.000000, 
160.956012, 0.000000, 
162.063533, 0.000000, 
163.034546, 0.000000, 
163.970320, 0.000000, 
164.938018, 0.000000, 
166.013019, 0.000000, 
166.902830, 0.000000, 
167.981175, 0.000000, 
169.032490, 0.000000, 
169.947401, 0.000000, 
171.001908, 0.000000, 
171.948648, 0.000000, 
173.093192, 0.000000, 
174.061123, 0.000000, 
174.953836, 0.000000, 
175.900777, 0.000000, 
176.969828, 0.000000, 
177.920489, 0.000000, 
178.981110, 0.000000, 
180.033715, 0.000000, 
181.003170, 0.000000, 
181.927004, 0.000000, 
183.034773, 0.000000, 
183.933772, 0.000000, 
184.901503, 0.000000, 
186.055328, 0.000000, 
186.909007, 0.000000, 
187.907125, 0.000000, 
188.934184, 0.000000, 
189.960630, 0.000000, 
191.004186, 0.000000, 
191.953176, 0.000000, 
192.983225, 0.000000, 
194.055078, 0.000000, 
194.951518, 0.000000, 
196.005717, 0.000000, 
197.054820, 0.000000, 
198.012266, 0.000000, 
199.051015, 0.000000, 
