-0.345596, 0.000000, 
1.224978, 0.000000, 
1.824952, 0.000000, 
2.832021, 0.000000, 
4.113215, 0.000000, 
4.957830, 0.000000, 
5.808059, 0.000000, 
6.754720, 0.000000, 
8.193520, 0.000000, 
9.147906, 0.000000, 
10.060188, 0.000000, 
11.474487, 0.000000, 
12.448065, 0.000000, 
12.626223, 0.000000, 
13.504003, 0.000000, 
15.214197, 0.000000, 
16.166442, 0.000000, 
17.291360, 0.000000, 
18.315764, 0.000000, 
19.122081, 0.000000, 
19.651590, 0.000000, 
21.387810, 0.000000, 
22.357605, 0.000000, 
22.922183, 0.000000, 
23.597468, 0.000000, 
24.532059, 0.000000, 
26.277907, 0.000000, 
26.706643, 0.000000, 
27.804543, 0.000000, 
29.001982, 0.000000, 
30.394371, 0.000000, 
31.254119, 0.000000, 
31.700424, 0.000000, 
33.050752, 0.000000, 
33.802790, 0.000000, 
35.373318, 0.000000, 
36.079249, 0.000000, 
37.125770, 0.000000, 
38.014964, 0.000000, 
39.156592, 0.000000, 
40.487821, 0.000000, 
40.883981, 0.000000, 
41.574465, 0.000000, 
42.826389, 0.000000, 
43.983268, 0.000000, 
45.081078, 0.000000, 
46.356079, 0.000000, 
46.787899, 0.000000, 
47.838358, 0.000000, 
49.189166, 0.000000, 
49.818718, 0.000000, 
51.108079, 0.000000, 
51.872707, 0.000000, 
53.183069, 0.000000, 
54.107703, 0.000000, 
55.279313, 0.000000, 
56.063892, 0.000000, 
56.833719, 0.000000, 
58.377576, 0.000000, 
59.371754, 0.000000, 
59.553511, 0.000000, 
61.400901, 0.000000, 
61.942006, 0.000000, 
63.225584, 0.000000, 
64.432905, 0.000000, 
65.066214, 0.000000, 
66.282757, 0.000000, 
67.067434, 0.000000, 
68.011796, 0.000000, 
68.505935, 0.000000, 
69.732550, 0.000000, 
70.579637, 0.000000, 
71.668144, 0.000000, 
72.669886, 0.000000, 
73.738572, 0.000000, 
75.267844, 0.000000, 
76.281308, 0.000000, 
76.931657, 0.000000, 
78.478018, 0.000000, 
78.588214, 0.000000, 
80.056705, 0.000000, 
80.950890, 0.000000, 
82.088661, 0.000000, 
83.311551, 0.000000, 
83.802655, 0.000000, 
84.817272, 0.000000, 
85.501711, 0.000000, 
87.235448, 0.000000, 
88.219726, 0.000000, 
89.044598, 0.000000, 
89.622594, 0.000000, 
90.654068, 0.000000, 
91.621675, 0.000000, 
93.099423, 0.000000, 
93.574554, 0.000000, 
95.029616, 0.000000, 
96.364251, 0.000000, 
96.696832, 0.000000, 
98.304837, 0.000000, 
98.948056, 0.000000, 
99.704399, 0.000000, 
100.962479, 0.000000, 
101.939683, 0.000000, 
102.957786, 0.000000, 
104.343920, 0.000000, 
104.616816, 0.000000, 
105.572215, 0.000000, 
106.818021, 0.000000, 
107.735853, 0.000000, 
109.435029, 0.000000, 
110.284190, 0.000000, 
110.566624, 0.000000, 
111.546978, 0.000000, 
112.507225, 0.000000, 
114.224542, 0.000000, 
114.654153, 0.000000, 
115.556462, 0.000000, 
116.945792, 0.000000, 
118.046246, 0.000000, 
118.592683, 0.000000, 
120.190484, 0.000000, 
121.408484, 0.000000, 
121.894155, 0.000000, 
122.836561, 0.000000, 
124.149069, 0.000000, 
125.369498, 0.000000, 
126.241030, 0.000000, 
127.288123, 0.000000, 
127.502039, 0.000000, 
129.177998, 0.000000, 
130.193383, 0.000000, 
130.560178, 0.000000, 
131.811002, 0.000000, 
132.992822, 0.000000, 
134.411107, 0.000000, 
134.538032, 0.000000, 
136.485965, 0.000000, 
136.799834, 0.000000, 
137.778818, 0.000000, 
138.646654, 0.000000, 
139.978123, 0.000000, 
140.977180, 0.000000, 
141.836399, 0.000000, 
143.427360, 0.000000, 
144.059676, 0.000000, 
144.534625, 0.000000, 
145.747261, 0.000000, 
147.265084, 0.000000, 
147.595498, 0.000000, 
149.220152, 0.000000, 
150.453020, 0.000000, 
150.942275, 0.000000, 
151.928284, 0.000000, 
152.952000, 0.000000, 
153.584146, 0.000000, 
155.151238, 0.000000, 
155.937594, 0.000000, 
156.827330, 0.000000, 
158.143110, 0.000000, 
158.801973, 0.000000, 
160.059873, 0.000000, 
160.856653, 0.000000, 
162.017766, 0.000000, 
163.276821, 0.000000, 
163.685882, 0.000000, 
164.894093, 0.000000, 
165.953907, 0.000000, 
167.472174, 0.000000, 
167.535237, 0.000000, 
168.750270, 0.000000, 
170.356322, 0.000000, 
170.694128, 0.000000, 
172.252972, 0.000000, 
172.946011, 0.000000, 
173.501473, 0.000000, 
175.304339, 0.000000, 
176.050850, 0.000000, 
177.234394, 0.000000, 
177.517734, 0.000000, 
178.927764, 0.000000, 
180.413345, 0.000000, 
181.345625, 0.000000, 
182.491163, 0.000000, 
182.881674, 0.000000, 
183.661840, 0.000000, 
184.805931, 0.000000, 
186.280210, 0.000000, 
186.733844, 0.000000, 
187.551631, 0.000000, 
189.166318, 0.000000, 
190.176658, 0.000000, 
190.519847, 0.000000, 
191.678645, 0.000000, 
193.050512, 0.000000, 
194.084536, 0.000000, 
194.858466, 0.000000, 
195.902824, 0.000000, 
197.446901, 0.000000, 
197.977418, 0.000000, 
198.888172, 0.000000, 
