0.268596, 0.000000, 
1.487850, 0.000000, 
1.610022, 0.000000, 
2.873929, 0.000000, 
3.960290, 0.000000, 
4.872584, 0.000000, 
6.324810, 0.000000, 
6.996264, 0.000000, 
8.088331, 0.000000, 
9.117773, 0.000000, 
9.950102, 0.000000, 
11.118933, 0.000000, 
12.255330, 0.000000, 
12.735044, 0.000000, 
14.172599, 0.000000, 
14.519091, 0.000000, 
15.978903, 0.000000, 
16.824704, 0.000000, 
17.883452, 0.000000, 
18.687461, 0.000000, 
20.309561, 0.000000, 
20.830905, 0.000000, 
22.167336, 0.000000, 
22.981667, 0.000000, 
24.110511, 0.000000, 
25.406322, 0.000000, 
26.306507, 0.000000, 
26.665745, 0.000000, 
27.890763, 0.000000, 
28.673799, 0.000000, 
30.036574, 0.000000, 
30.535116, 0.000000, 
32.242788, 0.000000, 
32.943320, 0.000000, 
34.301726, 0.000000, 
34.976204, 0.000000, 
35.581188, 0.000000, 
36.542201, 0.000000, 
37.870571, 0.000000, 
38.901435, 0.000000, 
40.133713, 0.000000, 
41.308184, 0.000000, 
42.168706, 0.000000, 
42.894131, 0.000000, 
43.660464, 0.000000, 
44.805620, 0.000000, 
46.414027, 0.000000, 
47.301433, 0.000000, 
47.647148, 0.000000, 
48.819165, 0.000000, 
49.802604, 0.000000, 
50.839375, 0.000000, 
51.884034, 0.000000, 
52.868848, 0.000000, 
54.068062, 0.000000, 
54.522257, 0.000000, 
56.361879, 0.000000, 
56.792014, 0.000000, 
57.703774, 0.000000, 
59.290599, 0.000000, 
59.541374, 0.000000, 
60.703827, 0.000000, 
61.604113, 0.000000, 
62.713402, 0.000000, 
63.727134, 0.000000, 
65.486229, 0.000000, 
65.911054, 0.000000, 
66.823076, 0.000000, 
68.186912, 0.000000, 
69.056737, 0.000000, 
69.842476, 0.000000, 
70.826588, 0.000000, 
71.994875, 0.000000, 
72.771152, 0.000000, 
73.789437, 0.000000, 
75.172123, 0.000000, 
76.425513, 0.000000, 
76.566430, 0.000000, 
78.449824, 0.000000, 
78.613713, 0.000000, 
80.454262, 0.000000, 
81.406361, 0.000000, 
82.275439, 0.000000, 
83.490239, 0.000000, 
84.319603, 0.000000, 
85.187675, 0.000000, 
85.834516, 0.000000, 
87.283007, 0.000000, 
88.285022, 0.000000, 
88.736156, 0.000000, 
90.229753, 0.000000, 
90.690938, 0.000000, 
91.591049, 0.000000, 
93.284765, 0.000000, 
93.563179, 0.000000, 
94.826834, 0.000000, 
96.152353, 0.000000, 
96.937494, 0.000000, 
98.445111, 0.000000, 
98.598721, 0.000000, 
99.573313, 0.000000, 
101.193797, 0.000000, 
101.605001, 0.000000, 
103.216959, 0.000000, 
103.768600, 0.000000, 
105.201231, 0.000000, 
105.810785, 0.000000, 
107.492179, 0.000000, 
107.885693, 0.000000, 
109.400254, 0.000000, 
109.900972, 0.000000, 
111.015479, 0.000000, 
111.869776, 0.000000, 
112.901160, 0.000000, 
114.060994, 0.000000, 
114.796134, 0.000000, 
115.787531, 0.000000, 
117.325632, 0.000000, 
117.560335, 0.000000, 
118.552999, 0.000000, 
119.760981, 0.000000, 
121.464803, 0.000000, 
121.871297, 0.000000, 
122.664845, 0.000000, 
124.063158, 0.000000, 
125.344296, 0.000000, 
125.951158, 0.000000, 
126.604123, 0.000000, 
127.804705, 0.000000, 
128.684139, 0.000000, 
130.078506, 0.000000, 
130.832501, 0.000000, 
131.732346, 0.000000, 
132.844717, 0.000000, 
134.375219, 0.000000, 
135.404134, 0.000000, 
136.429969, 0.000000, 
137.462489, 0.000000, 
138.442305, 0.000000, 
138.761823, 0.000000, 
139.579958, 0.000000, 
140.876790, 0.000000, 
142.319700, 0.000000, 
143.269885, 0.000000, 
143.536806, 0.000000, 
145.356607, 0.000000, 
145.953040, 0.000000, 
146.627144, 0.000000, 
147.681008, 0.000000, 
148.915485, 0.000000, 
149.713087, 0.000000, 
151.079000, 0.000000, 
151.640591, 0.000000, 
152.993975, 0.000000, 
153.813029, 0.000000, 
154.969733, 0.000000, 
156.107446, 0.000000, 
157.352190, 0.000000, 
157.624458, 0.000000, 
159.395714, 0.000000, 
160.383913, 0.000000, 
160.906504, 0.000000, 
161.523239, 0.000000, 
163.299558, 0.000000, 
163.889357, 0.000000, 
165.437861, 0.000000, 
166.032917, 0.000000, 
167.010576, 0.000000, 
168.462461, 0.000000, 
169.181684, 0.000000, 
169.505923, 0.000000, 
170.854124, 0.000000, 
172.149489, 0.000000, 
173.425716, 0.000000, 
173.860299, 0.000000, 
175.307954, 0.000000, 
175.741479, 0.000000, 
177.485023, 0.000000, 
177.671583, 0.000000, 
179.238240, 0.000000, 
179.669926, 0.000000, 
181.407607, 0.000000, 
181.614403, 0.000000, 
183.135436, 0.000000, 
183.676828, 0.000000, 
184.864753, 0.000000, 
185.944202, 0.000000, 
186.900038, 0.000000, 
187.685791, 0.000000, 
188.761319, 0.000000, 
190.250774, 0.000000, 
191.199675, 0.000000, 
191.568761, 0.000000, 
192.810173, 0.000000, 
193.679016, 0.000000, 
195.223187, 0.000000, 
195.972920, 0.000000, 
196.773894, 0.000000, 
197.690862, 0.000000, 
199.120613, 0.000000, 
