0.015523, 0.000000, 
0.565320, 0.000000, 
1.859450, 0.000000, 
2.868908, 0.000000, 
3.557779, 0.000000, 
5.472238, 0.000000, 
6.234689, 0.000000, 
6.805990, 0.000000, 
8.044786, 0.000000, 
9.297668, 0.000000, 
9.933310, 0.000000, 
10.725800, 0.000000, 
11.869592, 0.000000, 
12.547922, 0.000000, 
14.448327, 0.000000, 
15.230508, 0.000000, 
15.858708, 0.000000, 
17.263213, 0.000000, 
17.928763, 0.000000, 
19.194693, 0.000000, 
20.398848, 0.000000, 
21.490348, 0.000000, 
21.727175, 0.000000, 
22.815813, 0.000000, 
24.153989, 0.000000, 
24.974468, 0.000000, 
25.654438, 0.000000, 
26.589275, 0.000000, 
27.796490, 0.000000, 
28.528604, 0.000000, 
29.915404, 0.000000, 
30.656432, 0.000000, 
32.315954, 0.000000, 
33.102427, 0.000000, 
34.324178, 0.000000, 
35.148828, 0.000000, 
36.294559, 0.000000, 
37.094005, 0.000000, 
37.731590, 0.000000, 
38.531936, 0.000000, 
40.324090, 0.000000, 
41.434765, 0.000000, 
42.056253, 0.000000, 
42.792772, 0.000000, 
43.861735, 0.000000, 
44.861256, 0.000000, 
46.409609, 0.000000, 
47.108653, 0.000000, 
48.330000, 0.000000, 
48.719234, 0.000000, 
49.590551, 0.000000, 
50.781098, 0.000000, 
52.456912, 0.000000, 
52.991095, 0.000000, 
53.898633, 0.000000, 
54.863836, 0.000000, 
55.689566, 0.000000, 
56.695016, 0.000000, 
57.771044, 0.000000, 
58.749073, 0.000000, 
60.278654, 0.000000, 
61.489813, 0.000000, 
62.103658, 0.000000, 
62.572350, 0.000000, 
63.982513, 0.000000, 
64.842786, 0.000000, 
66.387567, 0.000000, 
66.652437, 0.000000, 
68.166951, 0.000000, 
69.027417, 0.000000, 
69.717398, 0.000000, 
70.965163, 0.000000, 
72.278284, 0.000000, 
73.129989, 0.000000, 
73.680664, 0.000000, 
74.884751, 0.000000, 
76.330708, 0.000000, 
76.789269, 0.000000, 
78.367161, 0.000000, 
79.095386, 0.000000, 
79.532981, 0.000000, 
80.741700, 0.000000, 
82.253414, 0.000000, 
82.603456, 0.000000, 
84.008248, 0.000000, 
84.615713, 0.000000, 
86.486324, 0.000000, 
87.469808, 0.000000, 
88.308250, 0.000000, 
89.319800, 0.000000, 
90.105640, 0.000000, 
90.638787, 0.000000, 
91.682071, 0.000000, 
92.679751, 0.000000, 
94.263734, 0.000000, 
94.756169, 0.000000, 
96.298997, 0.000000, 
97.266346, 0.000000, 
98.410232, 0.000000, 
98.958406, 0.000000, 
100.179737, 0.000000, 
101.468949, 0.000000, 
102.191239, 0.000000, 
102.728510, 0.000000, 
104.389665, 0.000000, 
104.978985, 0.000000, 
105.822721, 0.000000, 
106.836122, 0.000000, 
108.045423, 0.000000, 
109.240844, 0.000000, 
109.870183, 0.000000, 
111.035430, 0.000000, 
111.838159, 0.000000, 
113.103070, 0.000000, 
114.046027, 0.000000, 
114.840814, 0.000000, 
115.786174, 0.000000, 
117.087946, 0.000000, 
118.251189, 0.000000, 
118.890557, 0.000000, 
119.982332, 0.000000, 
120.537107, 0.000000, 
121.591623, 0.000000, 
123.047930, 0.000000, 
124.129514, 0.000000, 
124.614130, 0.000000, 
126.102336, 0.000000, 
127.408964, 0.000000, 
127.759808, 0.000000, 
128.942255, 0.000000, 
129.612573, 0.000000, 
131.017830, 0.000000, 
132.101552, 0.000000, 
132.553389, 0.000000, 
133.776055, 0.000000, 
135.416920, 0.000000, 
135.608503, 0.000000, 
136.935626, 0.000000, 
138.291977, 0.000000, 
138.943206, 0.000000, 
140.251952, 0.000000, 
140.762556, 0.000000, 
142.072658, 0.000000, 
142.961321, 0.000000, 
143.917942, 0.000000, 
144.656211, 0.000000, 
146.132241, 0.000000, 
146.728005, 0.000000, 
147.993861, 0.000000, 
149.173293, 0.000000, 
149.774555, 0.000000, 
150.941322, 0.000000, 
152.146459, 0.000000, 
153.485435, 0.000000, 
153.890378, 0.000000, 
154.927857, 0.000000, 
155.747225, 0.000000, 
157.453806, 0.000000, 
158.382595, 0.000000, 
159.087986, 0.000000, 
160.065234, 0.000000, 
160.616080, 0.000000, 
162.161830, 0.000000, 
163.024480, 0.000000, 
164.076060, 0.000000, 
164.646493, 0.000000, 
166.083734, 0.000000, 
167.148677, 0.000000, 
167.987863, 0.000000, 
168.936733, 0.000000, 
170.246838, 0.000000, 
170.655725, 0.000000, 
171.917015, 0.000000, 
173.197523, 0.000000, 
174.026889, 0.000000, 
175.418439, 0.000000, 
176.155229, 0.000000, 
177.260501, 0.000000, 
177.567501, 0.000000, 
178.903203, 0.000000, 
180.184102, 0.000000, 
181.201912, 0.000000, 
182.192415, 0.000000, 
183.320375, 0.000000, 
183.671089, 0.000000, 
184.822352, 0.000000, 
186.261391, 0.000000, 
187.456773, 0.000000, 
188.100035, 0.000000, 
189.403569, 0.000000, 
189.964363, 0.000000, 
191.445291, 0.000000, 
191.787706, 0.000000, 
192.512497, 0.000000, 
194.369389, 0.000000, 
194.760953, 0.000000, 
196.470502, 0.000000, 
197.019880, 0.000000, 
198.115436, 0.000000, 
199.275116, 0.000000, 
