-0.073984, 0.000000, 
1.097952, 0.000000, 
2.040318, 0.000000, 
2.909587, 0.000000, 
4.008270, 0.000000, 
5.014297, 0.000000, 
5.974507, 0.000000, 
6.980793, 0.000000, 
7.908398, 0.000000, 
8.955360, 0.000000, 
10.020108, 0.000000, 
11.017615, 0.000000, 
11.978035, 0.000000, 
13.053748, 0.000000, 
14.034946, 0.000000, 
14.979484, 0.000000, 
15.953696, 0.000000, 
16.900009, 0.000000, 
17.909389, 0.000000, 
18.933277, 0.000000, 
20.094024, 0.000000, 
20.979656, 0.000000, 
22.074678, 0.000000, 
23.068373, 0.000000, 
24.026825, 0.000000, 
24.956929, 0.000000, 
25.937856, 0.000000, 
27.047013, 0.000000, 
27.922064, 0.000000, 
28.908670, 0.000000, 
29.936484, 0.000000, 
30.997488, 0.000000, 
31.903451, 0.000000, 
32.961267, 0.000000, 
33.975699, 0.000000, 
35.085086, 0.000000, 
35.905380, 0.000000, 
36.970233, 0.000000, 
38.034515, 0.000000, 
39.073740, 0.000000, 
39.950973, 0.000000, 
40.946168, 0.000000, 
41.901216, 0.000000, 
43.071088, 0.000000, 
44.002816, 0.000000, 
45.003277, 0.000000, 
45.951784, 0.000000, 
46.958131, 0.000000, 
47.934072, 0.000000, 
48.936090, 0.000000, 
49.949626, 0.000000, 
51.074636, 0.000000, 
52.013786, 0.000000, 
53.023364, 0.000000, 
54.016773, 0.000000, 
55.020816, 0.000000, 
56.074309, 0.000000, 
57.030662, 0.000000, 
57.935735, 0.000000, 
59.075301, 0.000000, 
60.089940, 0.000000, 
61.030855, 0.000000, 
62.026129, 0.000000, 
63.008457, 0.000000, 
63.948423, 0.000000, 
64.941017, 0.000000, 
65.972220, 0.000000, 
67.032020, 0.000000, 
67.977390, 0.000000, 
68.970715, 0.000000, 
70.094826, 0.000000, 
71.071921, 0.000000, 
72.072058, 0.000000, 
73.004057, 0.000000, 
73.969753, 0.000000, 
75.026866, 0.000000, 
75.919632, 0.000000, 
77.017618, 0.000000, 
77.994717, 0.000000, 
79.079775, 0.000000, 
79.902851, 0.000000, 
80.973155, 0.000000, 
82.084213, 0.000000, 
83.021812, 0.000000, 
84.018102, 0.000000, 
85.089101, 0.000000, 
85.970498, 0.000000, 
86.907173, 0.000000, 
87.944561, 0.000000, 
88.995844, 0.000000, 
90.036568, 0.000000, 
90.968798, 0.000000, 
91.933973, 0.000000, 
92.904215, 0.000000, 
93.928514, 0.000000, 
94.964602, 0.000000, 
96.053427, 0.000000, 
97.034857, 0.000000, 
98.037297, 0.000000, 
98.927683, 0.000000, 
99.985991, 0.000000, 
100.982466, 0.000000, 
101.938876, 0.000000, 
103.056147, 0.000000, 
104.022894, 0.000000, 
105.054013, 0.000000, 
106.008571, 0.000000, 
106.936756, 0.000000, 
108.046502, 0.000000, 
108.901556, 0.000000, 
109.987650, 0.000000, 
111.014461, 0.000000, 
111.977876, 0.000000, 
113.035915, 0.000000, 
113.924392, 0.000000, 
115.013926, 0.000000, 
115.965721, 0.000000, 
116.997866, 0.000000, 
118.057208, 0.000000, 
118.923925, 0.000000, 
119.937860, 0.000000, 
120.918993, 0.000000, 
122.042354, 0.000000, 
123.058435, 0.000000, 
123.958130, 0.000000, 
124.951975, 0.000000, 
125.934031, 0.000000, 
127.085499, 0.000000, 
127.979833, 0.000000, 
128.936207, 0.000000, 
129.982207, 0.000000, 
130.916763, 0.000000, 
132.071132, 0.000000, 
133.072641, 0.000000, 
133.918455, 0.000000, 
135.068448, 0.000000, 
135.946029, 0.000000, 
137.035890, 0.000000, 
137.942837, 0.000000, 
139.024233, 0.000000, 
139.944271, 0.000000, 
140.901298, 0.000000, 
141.916813, 0.000000, 
142.935607, 0.000000, 
143.917104, 0.000000, 
144.943535, 0.000000, 
146.038973, 0.000000, 
147.029320, 0.000000, 
148.002415, 0.000000, 
149.007245, 0.000000, 
150.041392, 0.000000, 
150.909654, 0.000000, 
151.963462, 0.000000, 
153.088572, 0.000000, 
153.911213, 0.000000, 
155.050292, 0.000000, 
155.984312, 0.000000, 
156.998580, 0.000000, 
158.078097, 0.000000, 
158.966602, 0.000000, 
160.085364, 0.000000, 
160.996373, 0.000000, 
161.997383, 0.000000, 
162.963788, 0.000000, 
164.038052, 0.000000, 
164.906891, 0.000000, 
166.045268, 0.000000, 
167.028130, 0.000000, 
168.096611, 0.000000, 
169.063387, 0.000000, 
169.924177, 0.000000, 
170.962240, 0.000000, 
172.025674, 0.000000, 
173.080465, 0.000000, 
173.914672, 0.000000, 
175.010322, 0.000000, 
176.068728, 0.000000, 
176.948737, 0.000000, 
177.994381, 0.000000, 
178.947139, 0.000000, 
180.048434, 0.000000, 
180.995946, 0.000000, 
181.919836, 0.000000, 
182.941836, 0.000000, 
183.988417, 0.000000, 
184.950570, 0.000000, 
186.034453, 0.000000, 
187.073214, 0.000000, 
188.005137, 0.000000, 
188.909900, 0.000000, 
189.941768, 0.000000, 
191.078008, 0.000000, 
192.031264, 0.000000, 
192.925106, 0.000000, 
193.921165, 0.000000, 
194.904155, 0.000000, 
195.974470, 0.000000, 
197.052405, 0.000000, 
197.961841, 0.000000, 
199.087178, 0.000000, 
