0.321289, 0.000000, 
1.338234, 0.000000, 
2.017320, 0.000000, 
3.254001, 0.000000, 
4.182560, 0.000000, 
4.741135, 0.000000, 
5.649328, 0.000000, 
7.056370, 0.000000, 
8.170455, 0.000000, 
8.768475, 0.000000, 
9.711225, 0.000000, 
11.389449, 0.000000, 
12.101885, 0.000000, 
13.132539, 0.000000, 
13.894463, 0.000000, 
14.807022, 0.000000, 
15.942328, 0.000000, 
16.757999, 0.000000, 
17.741946, 0.000000, 
19.291657, 0.000000, 
20.323063, 0.000000, 
20.751342, 0.000000, 
22.164823, 0.000000, 
23.249333, 0.000000, 
23.762797, 0.000000, 
24.689081, 0.000000, 
25.819652, 0.000000, 
26.826760, 0.000000, 
27.788961, 0.000000, 
28.771506, 0.000000, 
30.114139, 0.000000, 
31.003414, 0.000000, 
31.663910, 0.000000, 
32.950769, 0.000000, 
34.216708, 0.000000, 
35.048851, 0.000000, 
36.274291, 0.000000, 
36.696061, 0.000000, 
38.131624, 0.000000, 
38.964437, 0.000000, 
40.158464, 0.000000, 
40.825315, 0.000000, 
42.066201, 0.000000, 
43.176147, 0.000000, 
44.385896, 0.000000, 
44.691827, 0.000000, 
45.811139, 0.000000, 
47.290211, 0.000000, 
47.885685, 0.000000, 
48.872322, 0.000000, 
50.149115, 0.000000, 
50.820708, 0.000000, 
51.737528, 0.000000, 
52.781251, 0.000000, 
53.966269, 0.000000, 
55.251639, 0.000000, 
55.933823, 0.000000, 
57.039752, 0.000000, 
57.987103, 0.000000, 
58.737117, 0.000000, 
60.224313, 0.000000, 
61.061709, 0.000000, 
61.860635, 0.000000, 
62.727812, 0.000000, 
63.810855, 0.000000, 
64.997432, 0.000000, 
65.863100, 0.000000, 
67.304663, 0.000000, 
67.684176, 0.000000, 
69.146453, 0.000000, 
70.066595, 0.000000, 
71.143371, 0.000000, 
71.943627, 0.000000, 
73.164852, 0.000000, 
74.326716, 0.000000, 
75.200989, 0.000000, 
76.323408, 0.000000, 
76.762340, 0.000000, 
77.605456, 0.000000, 
78.863977, 0.000000, 
79.816324, 0.000000, 
81.187980, 0.000000, 
81.839418, 0.000000, 
83.114104, 0.000000, 
84.294459, 0.000000, 
85.346368, 0.000000, 
85.630920, 0.000000, 
86.966817, 0.000000, 
87.864587, 0.000000, 
88.712354, 0.000000, 
90.243999, 0.000000, 
91.214668, 0.000000, 
91.858889, 0.000000, 
92.845703, 0.000000, 
93.815403, 0.000000, 
95.373818, 0.000000, 
95.707903, 0.000000, 
96.674545, 0.000000, 
98.006850, 0.000000, 
98.803426, 0.000000, 
100.293428, 0.000000, 
101.115782, 0.000000, 
102.014112, 0.000000, 
103.124897, 0.000000, 
104.371918, 0.000000, 
105.003882, 0.000000, 
105.989971, 0.000000, 
106.769413, 0.000000, 
108.063321, 0.000000, 
109.072305, 0.000000, 
110.204460, 0.000000, 
111.080110, 0.000000, 
112.251640, 0.000000, 
113.018225, 0.000000, 
113.638907, 0.000000, 
114.690692, 0.000000, 
116.221119, 0.000000, 
116.611909, 0.000000, 
117.754160, 0.000000, 
119.022540, 0.000000, 
119.699877, 0.000000, 
120.726329, 0.000000, 
122.153330, 0.000000, 
123.150088, 0.000000, 
124.059482, 0.000000, 
125.025956, 0.000000, 
125.904686, 0.000000, 
127.255528, 0.000000, 
127.844646, 0.000000, 
129.383990, 0.000000, 
129.836765, 0.000000, 
130.914635, 0.000000, 
131.741839, 0.000000, 
133.030376, 0.000000, 
133.701101, 0.000000, 
135.024250, 0.000000, 
136.157771, 0.000000, 
137.312655, 0.000000, 
138.033149, 0.000000, 
139.222373, 0.000000, 
140.031038, 0.000000, 
140.707411, 0.000000, 
142.353916, 0.000000, 
143.020592, 0.000000, 
144.226360, 0.000000, 
145.393740, 0.000000, 
146.316633, 0.000000, 
147.307006, 0.000000, 
147.713983, 0.000000, 
148.631951, 0.000000, 
149.808764, 0.000000, 
151.286810, 0.000000, 
151.858567, 0.000000, 
152.978348, 0.000000, 
154.362149, 0.000000, 
155.370883, 0.000000, 
155.705641, 0.000000, 
156.846669, 0.000000, 
157.765492, 0.000000, 
158.643097, 0.000000, 
159.697599, 0.000000, 
160.862615, 0.000000, 
161.724962, 0.000000, 
163.309679, 0.000000, 
164.240542, 0.000000, 
164.822421, 0.000000, 
165.684498, 0.000000, 
167.004854, 0.000000, 
168.033596, 0.000000, 
169.306763, 0.000000, 
169.724704, 0.000000, 
171.052528, 0.000000, 
171.969499, 0.000000, 
173.009627, 0.000000, 
174.047985, 0.000000, 
175.255668, 0.000000, 
175.838533, 0.000000, 
176.956708, 0.000000, 
178.382671, 0.000000, 
179.007808, 0.000000, 
180.084967, 0.000000, 
180.638496, 0.000000, 
182.124284, 0.000000, 
182.724313, 0.000000, 
184.117606, 0.000000, 
184.604439, 0.000000, 
186.285620, 0.000000, 
187.051658, 0.000000, 
187.722408, 0.000000, 
188.694632, 0.000000, 
189.907343, 0.000000, 
191.149264, 0.000000, 
192.378658, 0.000000, 
192.835163, 0.000000, 
193.770783, 0.000000, 
194.676080, 0.000000, 
196.278820, 0.000000, 
196.712716, 0.000000, 
197.822576, 0.000000, 
198.890358, 0.000000, 
