0.045128, 0.000000, 
0.744820, 0.000000, 
2.228221, 0.000000, 
2.971082, 0.000000, 
4.090839, 0.000000, 
4.745725, 0.000000, 
6.136006, 0.000000, 
6.720974, 0.000000, 
7.986000, 0.000000, 
8.821633, 0.000000, 
9.706933, 0.000000, 
10.810879, 0.000000, 
12.034777, 0.000000, 
12.799965, 0.000000, 
14.015420, 0.000000, 
14.953077, 0.000000, 
15.965053, 0.000000, 
17.140042, 0.000000, 
18.062319, 0.000000, 
19.049921, 0.000000, 
20.234458, 0.000000, 
20.975556, 0.000000, 
22.184697, 0.000000, 
23.032336, 0.000000, 
24.075778, 0.000000, 
25.141265, 0.000000, 
26.134885, 0.000000, 
26.767910, 0.000000, 
28.237523, 0.000000, 
29.081499, 0.000000, 
30.084200, 0.000000, 
30.959827, 0.000000, 
32.173319, 0.000000, 
32.918293, 0.000000, 
33.994599, 0.000000, 
34.765659, 0.000000, 
35.817356, 0.000000, 
37.078945, 0.000000, 
37.910690, 0.000000, 
38.945449, 0.000000, 
40.099406, 0.000000, 
41.052601, 0.000000, 
41.827014, 0.000000, 
42.970879, 0.000000, 
43.931296, 0.000000, 
45.265601, 0.000000, 
45.911509, 0.000000, 
47.204110, 0.000000, 
47.945096, 0.000000, 
48.736550, 0.000000, 
49.969950, 0.000000, 
51.116877, 0.000000, 
51.983793, 0.000000, 
52.908761, 0.000000, 
54.097577, 0.000000, 
54.797392, 0.000000, 
55.815619, 0.000000, 
57.125635, 0.000000, 
58.211732, 0.000000, 
59.079492, 0.000000, 
59.848604, 0.000000, 
61.287973, 0.000000, 
62.146707, 0.000000, 
63.232287, 0.000000, 
64.125126, 0.000000, 
65.223209, 0.000000, 
65.728781, 0.000000, 
66.981940, 0.000000, 
67.943084, 0.000000, 
69.219061, 0.000000, 
69.861269, 0.000000, 
71.070819, 0.000000, 
72.094448, 0.000000, 
73.205174, 0.000000, 
73.911347, 0.000000, 
75.180332, 0.000000, 
76.118341, 0.000000, 
76.706492, 0.000000, 
78.215281, 0.000000, 
78.963926, 0.000000, 
80.288457, 0.000000, 
80.945786, 0.000000, 
82.141000, 0.000000, 
83.060804, 0.000000, 
84.255612, 0.000000, 
85.017325, 0.000000, 
86.154157, 0.000000, 
86.805106, 0.000000, 
88.282012, 0.000000, 
89.081834, 0.000000, 
89.906620, 0.000000, 
91.292010, 0.000000, 
92.085461, 0.000000, 
92.991683, 0.000000, 
94.275960, 0.000000, 
94.942036, 0.000000, 
95.705509, 0.000000, 
97.241322, 0.000000, 
97.924442, 0.000000, 
99.113744, 0.000000, 
100.194874, 0.000000, 
100.949503, 0.000000, 
102.161691, 0.000000, 
103.179974, 0.000000, 
103.821769, 0.000000, 
105.045860, 0.000000, 
105.798596, 0.000000, 
106.771288, 0.000000, 
108.148141, 0.000000, 
109.072684, 0.000000, 
109.926035, 0.000000, 
110.969076, 0.000000, 
112.128583, 0.000000, 
113.191706, 0.000000, 
114.229493, 0.000000, 
114.773120, 0.000000, 
116.070830, 0.000000, 
116.988410, 0.000000, 
118.285202, 0.000000, 
119.113823, 0.000000, 
120.109188, 0.000000, 
120.994375, 0.000000, 
122.277063, 0.000000, 
122.879081, 0.000000, 
123.739553, 0.000000, 
124.760264, 0.000000, 
125.702858, 0.000000, 
126.926292, 0.000000, 
128.167510, 0.000000, 
129.247052, 0.000000, 
130.046449, 0.000000, 
131.258358, 0.000000, 
132.053774, 0.000000, 
133.169306, 0.000000, 
133.720480, 0.000000, 
134.939825, 0.000000, 
135.921459, 0.000000, 
137.218064, 0.000000, 
137.916107, 0.000000, 
139.279770, 0.000000, 
139.865661, 0.000000, 
140.935031, 0.000000, 
142.051539, 0.000000, 
142.914207, 0.000000, 
143.804724, 0.000000, 
144.809481, 0.000000, 
146.103385, 0.000000, 
146.836830, 0.000000, 
147.964754, 0.000000, 
148.712082, 0.000000, 
150.077312, 0.000000, 
150.836935, 0.000000, 
151.797622, 0.000000, 
153.171375, 0.000000, 
153.957245, 0.000000, 
155.165438, 0.000000, 
155.920820, 0.000000, 
157.179498, 0.000000, 
158.280460, 0.000000, 
158.780434, 0.000000, 
159.951783, 0.000000, 
161.155210, 0.000000, 
162.083486, 0.000000, 
162.750799, 0.000000, 
164.143781, 0.000000, 
165.165982, 0.000000, 
166.132727, 0.000000, 
166.985548, 0.000000, 
168.276719, 0.000000, 
168.778357, 0.000000, 
170.090518, 0.000000, 
171.072466, 0.000000, 
172.123581, 0.000000, 
172.879725, 0.000000, 
174.099029, 0.000000, 
175.254168, 0.000000, 
175.713053, 0.000000, 
176.881229, 0.000000, 
178.024700, 0.000000, 
179.255759, 0.000000, 
180.288981, 0.000000, 
180.839468, 0.000000, 
182.290055, 0.000000, 
183.209851, 0.000000, 
184.190432, 0.000000, 
185.193647, 0.000000, 
185.828149, 0.000000, 
186.920000, 0.000000, 
188.124132, 0.000000, 
189.191149, 0.000000, 
190.299951, 0.000000, 
190.995063, 0.000000, 
192.119798, 0.000000, 
192.892111, 0.000000, 
193.768943, 0.000000, 
194.772051, 0.000000, 
196.130143, 0.000000, 
196.877912, 0.000000, 
198.015576, 0.000000, 
199.096862, 0.000000, 
