-0.032787, 0.000000, 
0.998424, 0.000000, 
1.936814, 0.000000, 
2.999430, 0.000000, 
4.059571, 0.000000, 
4.973875, 0.000000, 
6.047956, 0.000000, 
6.900020, 0.000000, 
8.046202, 0.000000, 
8.969938, 0.000000, 
9.971204, 0.000000, 
10.940843, 0.000000, 
12.062266, 0.000000, 
12.948443, 0.000000, 
14.097734, 0.000000, 
14.995520, 0.000000, 
16.020461, 0.000000, 
17.081341, 0.000000, 
18.092604, 0.000000, 
18.998378, 0.000000, 
19.962766, 0.000000, 
21.026589, 0.000000, 
22.043167, 0.000000, 
23.075763, 0.000000, 
23.957264, 0.000000, 
25.012728, 0.000000, 
26.004574, 0.000000, 
27.028148, 0.000000, 
28.088733, 0.000000, 
28.929377, 0.000000, 
29.906906, 0.000000, 
31.073169, 0.000000, 
32.042603, 0.000000, 
33.091804, 0.000000, 
33.961665, 0.000000, 
35.038077, 0.000000, 
36.061429, 0.000000, 
37.052302, 0.000000, 
38.055729, 0.000000, 
38.975947, 0.000000, 
39.943359, 0.000000, 
40.921941, 0.000000, 
41.963027, 0.000000, 
42.917305, 0.000000, 
44.049895, 0.000000, 
44.994466, 0.000000, 
46.059119, 0.000000, 
46.953143, 0.000000, 
48.075252, 0.000000, 
49.040653, 0.000000, 
49.977878, 0.000000, 
51.002204, 0.000000, 
51.999876, 0.000000, 
53.056485, 0.000000, 
54.068471, 0.000000, 
54.972184, 0.000000, 
56.009255, 0.000000, 
57.057141, 0.000000, 
58.061531, 0.000000, 
59.071903, 0.000000, 
59.972740, 0.000000, 
60.920952, 0.000000, 
61.920690, 0.000000, 
63.001208, 0.000000, 
63.998850, 0.000000, 
64.930882, 0.000000, 
66.055979, 0.000000, 
67.090044, 0.000000, 
67.909308, 0.000000, 
68.946778, 0.000000, 
70.070665, 0.000000, 
71.001208, 0.000000, 
71.938751, 0.000000, 
72.907930, 0.000000, 
74.011525, 0.000000, 
75.080020, 0.000000, 
76.051068, 0.000000, 
76.980016, 0.000000, 
78.093113, 0.000000, 
79.057047, 0.000000, 
79.904030, 0.000000, 
80.966541, 0.000000, 
82.047578, 0.000000, 
82.991211, 0.000000, 
83.911544, 0.000000, 
84.996785, 0.000000, 
86.082770, 0.000000, 
86.934583, 0.000000, 
87.953295, 0.000000, 
88.965134, 0.000000, 
89.906765, 0.000000, 
90.972834, 0.000000, 
92.064357, 0.000000, 
92.915915, 0.000000, 
93.914504, 0.000000, 
94.994961, 0.000000, 
95.938037, 0.000000, 
96.984348, 0.000000, 
97.942258, 0.000000, 
99.045237, 0.000000, 
99.992596, 0.000000, 
101.039103, 0.000000, 
102.041487, 0.000000, 
103.081571, 0.000000, 
103.975887, 0.000000, 
105.062471, 0.000000, 
105.956284, 0.000000, 
107.057035, 0.000000, 
107.931058, 0.000000, 
108.915104, 0.000000, 
110.059284, 0.000000, 
111.077711, 0.000000, 
111.977660, 0.000000, 
113.064618, 0.000000, 
114.051565, 0.000000, 
115.025532, 0.000000, 
116.073030, 0.000000, 
116.973843, 0.000000, 
117.981542, 0.000000, 
119.077250, 0.000000, 
119.987875, 0.000000, 
121.092445, 0.000000, 
121.908257, 0.000000, 
123.044626, 0.000000, 
124.041299, 0.000000, 
124.910786, 0.000000, 
125.986875, 0.000000, 
127.069029, 0.000000, 
127.906521, 0.000000, 
128.952799, 0.000000, 
130.021603, 0.000000, 
130.912948, 0.000000, 
131.995891, 0.000000, 
133.041763, 0.000000, 
134.009030, 0.000000, 
134.905109, 0.000000, 
135.972825, 0.000000, 
136.995667, 0.000000, 
137.991506, 0.000000, 
139.087729, 0.000000, 
139.974938, 0.000000, 
141.046744, 0.000000, 
142.030704, 0.000000, 
142.922156, 0.000000, 
144.006775, 0.000000, 
145.084816, 0.000000, 
146.082408, 0.000000, 
147.012169, 0.000000, 
147.936254, 0.000000, 
148.990425, 0.000000, 
150.036680, 0.000000, 
150.984215, 0.000000, 
152.054683, 0.000000, 
153.038348, 0.000000, 
153.911570, 0.000000, 
154.942356, 0.000000, 
156.079850, 0.000000, 
157.092996, 0.000000, 
157.999923, 0.000000, 
159.030971, 0.000000, 
159.991038, 0.000000, 
161.011757, 0.000000, 
162.008175, 0.000000, 
162.961460, 0.000000, 
164.065169, 0.000000, 
164.984491, 0.000000, 
166.079435, 0.000000, 
167.017280, 0.000000, 
167.905004, 0.000000, 
168.989124, 0.000000, 
169.954504, 0.000000, 
170.988476, 0.000000, 
171.954030, 0.000000, 
172.968643, 0.000000, 
173.987152, 0.000000, 
174.934534, 0.000000, 
175.996155, 0.000000, 
176.963418, 0.000000, 
178.050385, 0.000000, 
178.922018, 0.000000, 
180.092831, 0.000000, 
181.066392, 0.000000, 
182.093176, 0.000000, 
183.041102, 0.000000, 
184.042536, 0.000000, 
184.928692, 0.000000, 
186.013119, 0.000000, 
186.989339, 0.000000, 
188.015794, 0.000000, 
188.971834, 0.000000, 
189.933883, 0.000000, 
190.922694, 0.000000, 
192.058710, 0.000000, 
193.065514, 0.000000, 
194.044259, 0.000000, 
194.959572, 0.000000, 
195.974582, 0.000000, 
197.087094, 0.000000, 
198.013102, 0.000000, 
198.951209, 0.000000, 
