0.098369, 0.000000, 
0.926370, 0.000000, 
1.947070, 0.000000, 
2.913325, 0.000000, 
3.921810, 0.000000, 
5.017109, 0.000000, 
6.049568, 0.000000, 
6.966256, 0.000000, 
7.917860, 0.000000, 
8.920296, 0.000000, 
9.993923, 0.000000, 
11.058573, 0.000000, 
11.952507, 0.000000, 
12.983285, 0.000000, 
14.084409, 0.000000, 
15.078152, 0.000000, 
15.942913, 0.000000, 
16.974465, 0.000000, 
17.963257, 0.000000, 
18.931499, 0.000000, 
20.008249, 0.000000, 
20.958276, 0.000000, 
21.960962, 0.000000, 
22.978767, 0.000000, 
24.042809, 0.000000, 
24.986303, 0.000000, 
26.089950, 0.000000, 
27.009945, 0.000000, 
28.044067, 0.000000, 
29.034804, 0.000000, 
30.036154, 0.000000, 
31.018620, 0.000000, 
32.003837, 0.000000, 
33.087744, 0.000000, 
34.012716, 0.000000, 
34.981222, 0.000000, 
35.949867, 0.000000, 
36.904734, 0.000000, 
37.936477, 0.000000, 
39.090758, 0.000000, 
40.086163, 0.000000, 
41.046074, 0.000000, 
42.027160, 0.000000, 
42.921880, 0.000000, 
43.922712, 0.000000, 
45.065618, 0.000000, 
45.969795, 0.000000, 
46.950686, 0.000000, 
48.029028, 0.000000, 
49.033062, 0.000000, 
49.982513, 0.000000, 
51.080635, 0.000000, 
51.945949, 0.000000, 
53.057185, 0.000000, 
54.091817, 0.000000, 
55.085093, 0.000000, 
55.991023, 0.000000, 
57.011432, 0.000000, 
58.053452, 0.000000, 
58.912801, 0.000000, 
59.941215, 0.000000, 
60.920641, 0.000000, 
61.975527, 0.000000, 
63.019353, 0.000000, 
63.911046, 0.000000, 
64.959304, 0.000000, 
65.929922, 0.000000, 
66.916117, 0.000000, 
67.971029, 0.000000, 
69.077001, 0.000000, 
70.095169, 0.000000, 
71.001246, 0.000000, 
72.043693, 0.000000, 
73.079470, 0.000000, 
74.094054, 0.000000, 
74.943172, 0.000000, 
76.026730, 0.000000, 
76.988847, 0.000000, 
78.060635, 0.000000, 
79.056406, 0.000000, 
80.071605, 0.000000, 
80.970227, 0.000000, 
81.902363, 0.000000, 
82.937434, 0.000000, 
84.065333, 0.000000, 
84.919712, 0.000000, 
85.960836, 0.000000, 
87.060850, 0.000000, 
88.046779, 0.000000, 
88.979987, 0.000000, 
89.924372, 0.000000, 
90.950280, 0.000000, 
92.027435, 0.000000, 
93.061396, 0.000000, 
93.974138, 0.000000, 
94.998050, 0.000000, 
95.965511, 0.000000, 
97.032292, 0.000000, 
97.944119, 0.000000, 
98.913864, 0.000000, 
100.047994, 0.000000, 
101.025694, 0.000000, 
101.986303, 0.000000, 
102.903403, 0.000000, 
103.912159, 0.000000, 
104.919451, 0.000000, 
106.052453, 0.000000, 
106.936344, 0.000000, 
107.908011, 0.000000, 
108.948327, 0.000000, 
110.055557, 0.000000, 
111.059216, 0.000000, 
111.987091, 0.000000, 
113.094897, 0.000000, 
113.948923, 0.000000, 
114.965509, 0.000000, 
116.019980, 0.000000, 
117.057554, 0.000000, 
118.065860, 0.000000, 
118.920155, 0.000000, 
119.963212, 0.000000, 
120.990324, 0.000000, 
122.042937, 0.000000, 
122.935948, 0.000000, 
123.903294, 0.000000, 
125.039742, 0.000000, 
126.023105, 0.000000, 
127.050449, 0.000000, 
127.988656, 0.000000, 
129.010387, 0.000000, 
130.022559, 0.000000, 
131.039535, 0.000000, 
132.023491, 0.000000, 
133.052715, 0.000000, 
134.035118, 0.000000, 
135.014640, 0.000000, 
136.081429, 0.000000, 
136.938528, 0.000000, 
138.012097, 0.000000, 
138.978001, 0.000000, 
140.054002, 0.000000, 
141.075053, 0.000000, 
142.056474, 0.000000, 
142.972788, 0.000000, 
143.926584, 0.000000, 
144.910648, 0.000000, 
145.995513, 0.000000, 
146.968270, 0.000000, 
148.011662, 0.000000, 
148.999230, 0.000000, 
149.995306, 0.000000, 
151.014295, 0.000000, 
151.970083, 0.000000, 
152.946533, 0.000000, 
153.969930, 0.000000, 
155.043439, 0.000000, 
156.056333, 0.000000, 
157.032120, 0.000000, 
158.089097, 0.000000, 
158.967889, 0.000000, 
159.918450, 0.000000, 
160.972451, 0.000000, 
162.049932, 0.000000, 
162.918150, 0.000000, 
163.931519, 0.000000, 
165.072172, 0.000000, 
165.947825, 0.000000, 
166.902165, 0.000000, 
168.071796, 0.000000, 
168.984508, 0.000000, 
170.041863, 0.000000, 
171.079322, 0.000000, 
171.910826, 0.000000, 
172.926716, 0.000000, 
173.912331, 0.000000, 
174.943273, 0.000000, 
176.022171, 0.000000, 
176.929853, 0.000000, 
177.992084, 0.000000, 
178.901912, 0.000000, 
179.987406, 0.000000, 
180.960274, 0.000000, 
182.086313, 0.000000, 
182.909125, 0.000000, 
184.070545, 0.000000, 
185.063440, 0.000000, 
186.034109, 0.000000, 
186.977493, 0.000000, 
187.954353, 0.000000, 
189.092058, 0.000000, 
190.069957, 0.000000, 
191.085320, 0.000000, 
191.998656, 0.000000, 
193.093061, 0.000000, 
194.075564, 0.000000, 
194.955013, 0.000000, 
195.962101, 0.000000, 
197.088217, 0.000000, 
198.068525, 0.000000, 
198.991579, 0.000000, 
