0.432438, 0.000000, 
0.757998, 0.000000, 
2.178620, 0.000000, 
2.832176, 0.000000, 
4.157695, 0.000000, 
4.733883, 0.000000, 
5.755245, 0.000000, 
7.469312, 0.000000, 
7.622718, 0.000000, 
9.103003, 0.000000, 
9.715632, 0.000000, 
11.175900, 0.000000, 
11.856290, 0.000000, 
12.929080, 0.000000, 
14.282562, 0.000000, 
15.041470, 0.000000, 
15.669955, 0.000000, 
17.022883, 0.000000, 
17.863677, 0.000000, 
19.138017, 0.000000, 
19.992413, 0.000000, 
21.036200, 0.000000, 
21.602964, 0.000000, 
23.148143, 0.000000, 
24.478433, 0.000000, 
25.147240, 0.000000, 
26.469430, 0.000000, 
27.107034, 0.000000, 
28.180885, 0.000000, 
29.133065, 0.000000, 
30.131325, 0.000000, 
31.171487, 0.000000, 
32.417770, 0.000000, 
33.012611, 0.000000, 
33.662396, 0.000000, 
34.598878, 0.000000, 
36.186731, 0.000000, 
36.619224, 0.000000, 
37.918518, 0.000000, 
39.367361, 0.000000, 
39.822925, 0.000000, 
41.144529, 0.000000, 
41.537982, 0.000000, 
43.146858, 0.000000, 
43.872557, 0.000000, 
45.474250, 0.000000, 
45.631666, 0.000000, 
47.420973, 0.000000, 
48.451493, 0.000000, 
48.659614, 0.000000, 
49.640765, 0.000000, 
50.588848, 0.000000, 
52.001753, 0.000000, 
53.416734, 0.000000, 
54.489167, 0.000000, 
55.181973, 0.000000, 
56.367462, 0.000000, 
57.315285, 0.000000, 
58.229451, 0.000000, 
58.534336, 0.000000, 
59.619378, 0.000000, 
60.526607, 0.000000, 
61.623042, 0.000000, 
63.486402, 0.000000, 
64.268591, 0.000000, 
65.384843, 0.000000, 
66.149706, 0.000000, 
66.698944, 0.000000, 
68.224428, 0.000000, 
69.317635, 0.000000, 
70.242998, 0.000000, 
70.617130, 0.000000, 
71.618481, 0.000000, 
73.323323, 0.000000, 
73.968008, 0.000000, 
74.832977, 0.000000, 
75.560273, 0.000000, 
77.108028, 0.000000, 
78.369437, 0.000000, 
79.073640, 0.000000, 
80.277378, 0.000000, 
81.234938, 0.000000, 
81.857431, 0.000000, 
82.693859, 0.000000, 
83.824507, 0.000000, 
84.531102, 0.000000, 
86.128784, 0.000000, 
87.014078, 0.000000, 
87.862725, 0.000000, 
88.806429, 0.000000, 
89.552494, 0.000000, 
90.892556, 0.000000, 
91.916829, 0.000000, 
92.674148, 0.000000, 
93.679835, 0.000000, 
94.597322, 0.000000, 
95.517524, 0.000000, 
96.881529, 0.000000, 
97.556339, 0.000000, 
98.545038, 0.000000, 
100.278668, 0.000000, 
100.840949, 0.000000, 
101.767418, 0.000000, 
102.828039, 0.000000, 
103.625792, 0.000000, 
104.999843, 0.000000, 
105.751415, 0.000000, 
106.606365, 0.000000, 
108.210979, 0.000000, 
108.862890, 0.000000, 
109.878937, 0.000000, 
111.433585, 0.000000, 
112.113611, 0.000000, 
112.812912, 0.000000, 
114.219788, 0.000000, 
114.753235, 0.000000, 
116.270164, 0.000000, 
116.754670, 0.000000, 
118.484618, 0.000000, 
118.956002, 0.000000, 
120.053069, 0.000000, 
120.618187, 0.000000, 
121.559860, 0.000000, 
122.578746, 0.000000, 
124.480892, 0.000000, 
125.269755, 0.000000, 
126.467407, 0.000000, 
127.010286, 0.000000, 
128.206669, 0.000000, 
129.355797, 0.000000, 
129.589052, 0.000000, 
131.276538, 0.000000, 
132.090175, 0.000000, 
132.564755, 0.000000, 
133.983160, 0.000000, 
135.450751, 0.000000, 
136.481079, 0.000000, 
137.194606, 0.000000, 
137.750736, 0.000000, 
139.125297, 0.000000, 
139.927406, 0.000000, 
141.042020, 0.000000, 
142.274814, 0.000000, 
142.665479, 0.000000, 
143.588291, 0.000000, 
145.071666, 0.000000, 
146.085286, 0.000000, 
146.815096, 0.000000, 
148.340105, 0.000000, 
148.535511, 0.000000, 
150.283704, 0.000000, 
151.251848, 0.000000, 
152.196955, 0.000000, 
152.924432, 0.000000, 
153.858310, 0.000000, 
154.677683, 0.000000, 
155.833966, 0.000000, 
156.771075, 0.000000, 
157.527241, 0.000000, 
158.817933, 0.000000, 
159.574832, 0.000000, 
160.828190, 0.000000, 
162.263444, 0.000000, 
162.797042, 0.000000, 
164.038597, 0.000000, 
164.525715, 0.000000, 
166.335571, 0.000000, 
167.011408, 0.000000, 
167.585841, 0.000000, 
169.176880, 0.000000, 
170.468253, 0.000000, 
171.064910, 0.000000, 
171.999983, 0.000000, 
173.023506, 0.000000, 
174.469539, 0.000000, 
175.044572, 0.000000, 
175.596701, 0.000000, 
176.622334, 0.000000, 
178.345199, 0.000000, 
178.813143, 0.000000, 
180.499397, 0.000000, 
181.380588, 0.000000, 
181.898827, 0.000000, 
183.281355, 0.000000, 
183.502013, 0.000000, 
185.115853, 0.000000, 
186.066908, 0.000000, 
186.702360, 0.000000, 
188.339172, 0.000000, 
189.143239, 0.000000, 
190.451435, 0.000000, 
190.794886, 0.000000, 
191.620576, 0.000000, 
192.943793, 0.000000, 
193.549478, 0.000000, 
195.486659, 0.000000, 
195.977508, 0.000000, 
197.127674, 0.000000, 
197.587821, 0.000000, 
198.554406, 0.000000, 
