0.042579, 0.000000, 
1.053988, 0.000000, 
2.058791, 0.000000, 
3.098678, 0.000000, 
4.086622, 0.000000, 
5.079945, 0.000000, 
6.051581, 0.000000, 
7.037500, 0.000000, 
8.058996, 0.000000, 
9.074743, 0.000000, 
10.094308, 0.000000, 
10.953912, 0.000000, 
12.071266, 0.000000, 
13.011117, 0.000000, 
14.032746, 0.000000, 
14.952148, 0.000000, 
15.981875, 0.000000, 
17.005590, 0.000000, 
18.084530, 0.000000, 
18.947125, 0.000000, 
20.091345, 0.000000, 
21.052783, 0.000000, 
22.050482, 0.000000, 
22.904932, 0.000000, 
23.954010, 0.000000, 
25.012836, 0.000000, 
26.073904, 0.000000, 
27.000878, 0.000000, 
27.943796, 0.000000, 
29.043196, 0.000000, 
29.940094, 0.000000, 
31.046437, 0.000000, 
32.049129, 0.000000, 
32.933029, 0.000000, 
34.056455, 0.000000, 
35.084256, 0.000000, 
36.073537, 0.000000, 
37.040342, 0.000000, 
37.905746, 0.000000, 
39.064957, 0.000000, 
40.024940, 0.000000, 
41.052882, 0.000000, 
41.975044, 0.000000, 
42.956130, 0.000000, 
44.011414, 0.000000, 
44.939356, 0.000000, 
45.940537, 0.000000, 
47.054882, 0.000000, 
48.010803, 0.000000, 
48.929150, 0.000000, 
49.925149, 0.000000, 
50.958550, 0.000000, 
51.986963, 0.000000, 
52.977014, 0.000000, 
53.963494, 0.000000, 
54.967642, 0.000000, 
55.904377, 0.000000, 
56.972301, 0.000000, 
58.009797, 0.000000, 
59.020091, 0.000000, 
60.082214, 0.000000, 
61.047785, 0.000000, 
61.928206, 0.000000, 
62.988935, 0.000000, 
63.998036, 0.000000, 
65.066064, 0.000000, 
66.058621, 0.000000, 
67.016380, 0.000000, 
68.004992, 0.000000, 
68.924671, 0.000000, 
69.919844, 0.000000, 
71.056794, 0.000000, 
71.953203, 0.000000, 
72.985026, 0.000000, 
73.929305, 0.000000, 
74.962646, 0.000000, 
76.017783, 0.000000, 
76.936186, 0.000000, 
77.990107, 0.000000, 
78.937675, 0.000000, 
80.067209, 0.000000, 
81.000164, 0.000000, 
82.002003, 0.000000, 
82.902760, 0.000000, 
83.962208, 0.000000, 
84.912591, 0.000000, 
86.064123, 0.000000, 
86.971207, 0.000000, 
88.054583, 0.000000, 
89.057840, 0.000000, 
89.983620, 0.000000, 
90.923399, 0.000000, 
92.072199, 0.000000, 
92.942615, 0.000000, 
94.012174, 0.000000, 
95.025678, 0.000000, 
96.072029, 0.000000, 
96.920342, 0.000000, 
97.971797, 0.000000, 
99.017485, 0.000000, 
100.065774, 0.000000, 
101.001660, 0.000000, 
101.927444, 0.000000, 
103.001458, 0.000000, 
104.034230, 0.000000, 
105.074951, 0.000000, 
106.072586, 0.000000, 
106.971694, 0.000000, 
107.983098, 0.000000, 
108.910472, 0.000000, 
109.932958, 0.000000, 
110.991586, 0.000000, 
112.080640, 0.000000, 
112.914326, 0.000000, 
114.040833, 0.000000, 
115.099517, 0.000000, 
116.074055, 0.000000, 
116.957959, 0.000000, 
117.902478, 0.000000, 
119.066866, 0.000000, 
120.032879, 0.000000, 
121.093755, 0.000000, 
121.979516, 0.000000, 
122.931107, 0.000000, 
124.078567, 0.000000, 
125.071630, 0.000000, 
126.022718, 0.000000, 
127.065297, 0.000000, 
127.957448, 0.000000, 
129.016733, 0.000000, 
130.073578, 0.000000, 
131.037295, 0.000000, 
132.088848, 0.000000, 
132.949926, 0.000000, 
134.088297, 0.000000, 
135.030458, 0.000000, 
135.911173, 0.000000, 
136.904806, 0.000000, 
137.934835, 0.000000, 
138.955393, 0.000000, 
139.985278, 0.000000, 
140.902673, 0.000000, 
141.983694, 0.000000, 
143.010137, 0.000000, 
144.071390, 0.000000, 
144.974191, 0.000000, 
146.089540, 0.000000, 
147.003998, 0.000000, 
148.045273, 0.000000, 
149.042120, 0.000000, 
149.989015, 0.000000, 
150.912645, 0.000000, 
152.060465, 0.000000, 
152.951581, 0.000000, 
154.074143, 0.000000, 
154.970514, 0.000000, 
156.075509, 0.000000, 
156.940339, 0.000000, 
157.983193, 0.000000, 
158.996043, 0.000000, 
160.024194, 0.000000, 
161.079598, 0.000000, 
161.945068, 0.000000, 
162.996160, 0.000000, 
163.981920, 0.000000, 
165.082447, 0.000000, 
166.036759, 0.000000, 
167.037105, 0.000000, 
168.089658, 0.000000, 
168.947379, 0.000000, 
169.934123, 0.000000, 
170.976496, 0.000000, 
171.909415, 0.000000, 
172.950438, 0.000000, 
173.995968, 0.000000, 
174.902755, 0.000000, 
175.903641, 0.000000, 
176.923416, 0.000000, 
177.900818, 0.000000, 
178.932642, 0.000000, 
179.978482, 0.000000, 
180.971898, 0.000000, 
181.973360, 0.000000, 
183.057393, 0.000000, 
183.975445, 0.000000, 
185.052488, 0.000000, 
186.000334, 0.000000, 
187.099288, 0.000000, 
187.906312, 0.000000, 
189.011278, 0.000000, 
190.080854, 0.000000, 
191.016573, 0.000000, 
191.993089, 0.000000, 
193.009865, 0.000000, 
194.025293, 0.000000, 
195.052106, 0.000000, 
195.905235, 0.000000, 
197.033907, 0.000000, 
197.903159, 0.000000, 
198.954338, 0.000000, 
