0.031702, 0.000000, 
0.899361, 0.000000, 
1.851567, 0.000000, 
2.893480, 0.000000, 
3.763120, 0.000000, 
4.976170, 0.000000, 
6.020334, 0.000000, 
6.701807, 0.000000, 
7.766248, 0.000000, 
9.164790, 0.000000, 
10.269565, 0.000000, 
10.979628, 0.000000, 
12.240419, 0.000000, 
13.263509, 0.000000, 
13.928720, 0.000000, 
14.919357, 0.000000, 
16.128561, 0.000000, 
16.926401, 0.000000, 
18.183634, 0.000000, 
18.808251, 0.000000, 
19.728008, 0.000000, 
20.967589, 0.000000, 
22.013587, 0.000000, 
23.211102, 0.000000, 
24.195076, 0.000000, 
25.221336, 0.000000, 
25.962581, 0.000000, 
27.267773, 0.000000, 
27.856892, 0.000000, 
28.714647, 0.000000, 
30.215189, 0.000000, 
31.074891, 0.000000, 
31.779177, 0.000000, 
33.286707, 0.000000, 
33.772577, 0.000000, 
35.044038, 0.000000, 
36.289536, 0.000000, 
37.151803, 0.000000, 
38.186960, 0.000000, 
39.142794, 0.000000, 
40.096187, 0.000000, 
41.095610, 0.000000, 
41.911531, 0.000000, 
42.805339, 0.000000, 
43.832602, 0.000000, 
44.828094, 0.000000, 
45.765984, 0.000000, 
47.045267, 0.000000, 
48.096109, 0.000000, 
49.022735, 0.000000, 
49.930949, 0.000000, 
51.075770, 0.000000, 
51.803231, 0.000000, 
52.726309, 0.000000, 
54.222763, 0.000000, 
54.764811, 0.000000, 
56.102007, 0.000000, 
57.167091, 0.000000, 
58.097639, 0.000000, 
59.040236, 0.000000, 
60.113831, 0.000000, 
61.199996, 0.000000, 
61.932289, 0.000000, 
62.984391, 0.000000, 
64.116457, 0.000000, 
64.981477, 0.000000, 
65.803745, 0.000000, 
66.706298, 0.000000, 
67.724611, 0.000000, 
68.779507, 0.000000, 
70.225241, 0.000000, 
71.025666, 0.000000, 
71.779085, 0.000000, 
73.154031, 0.000000, 
73.723976, 0.000000, 
74.784981, 0.000000, 
76.093472, 0.000000, 
77.197814, 0.000000, 
78.206506, 0.000000, 
79.192671, 0.000000, 
80.087773, 0.000000, 
80.900399, 0.000000, 
82.165446, 0.000000, 
82.901692, 0.000000, 
83.821008, 0.000000, 
85.070668, 0.000000, 
86.273955, 0.000000, 
87.168895, 0.000000, 
88.066901, 0.000000, 
88.742610, 0.000000, 
89.870284, 0.000000, 
91.194997, 0.000000, 
91.764785, 0.000000, 
93.014565, 0.000000, 
94.023528, 0.000000, 
95.142099, 0.000000, 
96.083945, 0.000000, 
97.221052, 0.000000, 
98.139441, 0.000000, 
99.278883, 0.000000, 
99.785193, 0.000000, 
101.061054, 0.000000, 
102.076870, 0.000000, 
102.803858, 0.000000, 
104.299616, 0.000000, 
104.730081, 0.000000, 
106.005942, 0.000000, 
107.139640, 0.000000, 
108.084702, 0.000000, 
109.268895, 0.000000, 
109.842396, 0.000000, 
111.295494, 0.000000, 
112.069444, 0.000000, 
113.174433, 0.000000, 
114.126246, 0.000000, 
114.937714, 0.000000, 
116.292455, 0.000000, 
116.832638, 0.000000, 
118.067358, 0.000000, 
118.740964, 0.000000, 
119.887852, 0.000000, 
121.135983, 0.000000, 
122.064738, 0.000000, 
123.179193, 0.000000, 
124.282605, 0.000000, 
124.704405, 0.000000, 
125.948279, 0.000000, 
126.811813, 0.000000, 
127.783314, 0.000000, 
128.812947, 0.000000, 
130.002176, 0.000000, 
130.868578, 0.000000, 
131.780340, 0.000000, 
132.775951, 0.000000, 
133.851315, 0.000000, 
135.285710, 0.000000, 
136.289401, 0.000000, 
136.914544, 0.000000, 
137.962982, 0.000000, 
139.252479, 0.000000, 
140.158402, 0.000000, 
141.204542, 0.000000, 
142.041512, 0.000000, 
142.947225, 0.000000, 
143.866073, 0.000000, 
144.723494, 0.000000, 
146.103851, 0.000000, 
147.021332, 0.000000, 
148.298779, 0.000000, 
148.974750, 0.000000, 
150.051037, 0.000000, 
151.130399, 0.000000, 
152.249168, 0.000000, 
153.052923, 0.000000, 
153.939317, 0.000000, 
155.252133, 0.000000, 
156.123239, 0.000000, 
157.213337, 0.000000, 
158.070099, 0.000000, 
158.824699, 0.000000, 
159.845731, 0.000000, 
161.019645, 0.000000, 
161.783489, 0.000000, 
162.789253, 0.000000, 
163.712202, 0.000000, 
164.727155, 0.000000, 
165.855012, 0.000000, 
166.791623, 0.000000, 
167.857285, 0.000000, 
169.168962, 0.000000, 
170.131131, 0.000000, 
171.126938, 0.000000, 
172.098965, 0.000000, 
173.168280, 0.000000, 
173.937778, 0.000000, 
174.911233, 0.000000, 
175.820743, 0.000000, 
176.935654, 0.000000, 
177.810353, 0.000000, 
178.946829, 0.000000, 
179.762484, 0.000000, 
180.999824, 0.000000, 
182.137769, 0.000000, 
183.214561, 0.000000, 
183.708825, 0.000000, 
185.141674, 0.000000, 
185.875416, 0.000000, 
186.897706, 0.000000, 
187.965355, 0.000000, 
189.103797, 0.000000, 
190.198405, 0.000000, 
190.910905, 0.000000, 
192.041293, 0.000000, 
193.284766, 0.000000, 
193.833736, 0.000000, 
195.119715, 0.000000, 
195.989527, 0.000000, 
197.074780, 0.000000, 
197.898671, 0.000000, 
199.068494, 0.000000, 
