-0.096196, 0.000000, 
0.826188, 0.000000, 
2.400716, 0.000000, 
2.975663, 0.000000, 
4.169099, 0.000000, 
4.950787, 0.000000, 
5.877069, 0.000000, 
6.774209, 0.000000, 
7.896697, 0.000000, 
8.512141, 0.000000, 
10.497150, 0.000000, 
11.298490, 0.000000, 
12.315449, 0.000000, 
13.461440, 0.000000, 
13.810323, 0.000000, 
14.795844, 0.000000, 
16.078894, 0.000000, 
17.070307, 0.000000, 
18.058493, 0.000000, 
19.139673, 0.000000, 
20.356290, 0.000000, 
20.537514, 0.000000, 
21.875541, 0.000000, 
23.245651, 0.000000, 
23.900029, 0.000000, 
24.616271, 0.000000, 
25.883124, 0.000000, 
26.609799, 0.000000, 
27.549777, 0.000000, 
28.629995, 0.000000, 
30.206896, 0.000000, 
30.550904, 0.000000, 
32.176787, 0.000000, 
32.850906, 0.000000, 
33.515026, 0.000000, 
35.119031, 0.000000, 
35.607829, 0.000000, 
36.628086, 0.000000, 
37.765068, 0.000000, 
38.788785, 0.000000, 
40.423584, 0.000000, 
41.139133, 0.000000, 
42.392474, 0.000000, 
42.952445, 0.000000, 
44.477011, 0.000000, 
45.010333, 0.000000, 
46.210161, 0.000000, 
46.728723, 0.000000, 
48.236913, 0.000000, 
48.561073, 0.000000, 
49.972013, 0.000000, 
51.255214, 0.000000, 
52.321316, 0.000000, 
53.009563, 0.000000, 
53.741329, 0.000000, 
55.120982, 0.000000, 
56.468915, 0.000000, 
56.732676, 0.000000, 
58.361512, 0.000000, 
59.295163, 0.000000, 
60.220016, 0.000000, 
61.394656, 0.000000, 
61.843942, 0.000000, 
62.968858, 0.000000, 
64.156041, 0.000000, 
64.888200, 0.000000, 
65.919800, 0.000000, 
66.635614, 0.000000, 
68.175598, 0.000000, 
68.938294, 0.000000, 
70.476512, 0.000000, 
71.451930, 0.000000, 
72.461288, 0.000000, 
72.907019, 0.000000, 
73.849484, 0.000000, 
75.411050, 0.000000, 
75.550724, 0.000000, 
76.548111, 0.000000, 
77.860404, 0.000000, 
78.509045, 0.000000, 
80.049158, 0.000000, 
81.103384, 0.000000, 
81.725129, 0.000000, 
83.357112, 0.000000, 
84.066693, 0.000000, 
84.628945, 0.000000, 
85.615112, 0.000000, 
86.593102, 0.000000, 
87.883439, 0.000000, 
89.206520, 0.000000, 
90.156587, 0.000000, 
90.823858, 0.000000, 
92.092494, 0.000000, 
93.150174, 0.000000, 
94.351291, 0.000000, 
95.219443, 0.000000, 
95.825975, 0.000000, 
96.747929, 0.000000, 
97.991066, 0.000000, 
99.113241, 0.000000, 
99.753008, 0.000000, 
101.147562, 0.000000, 
102.356419, 0.000000, 
103.072935, 0.000000, 
103.902251, 0.000000, 
105.047644, 0.000000, 
105.614805, 0.000000, 
106.937969, 0.000000, 
108.194580, 0.000000, 
108.993148, 0.000000, 
110.391181, 0.000000, 
111.498577, 0.000000, 
112.026208, 0.000000, 
112.794233, 0.000000, 
114.021662, 0.000000, 
115.205135, 0.000000, 
116.123031, 0.000000, 
117.047054, 0.000000, 
118.316520, 0.000000, 
119.467213, 0.000000, 
119.629689, 0.000000, 
120.744286, 0.000000, 
122.312066, 0.000000, 
122.817765, 0.000000, 
124.347346, 0.000000, 
125.356797, 0.000000, 
125.928770, 0.000000, 
127.130974, 0.000000, 
128.019887, 0.000000, 
128.536868, 0.000000, 
129.506897, 0.000000, 
130.672230, 0.000000, 
131.513288, 0.000000, 
133.103209, 0.000000, 
134.192192, 0.000000, 
134.509711, 0.000000, 
136.346574, 0.000000, 
137.309128, 0.000000, 
138.078818, 0.000000, 
139.356604, 0.000000, 
139.785510, 0.000000, 
141.295548, 0.000000, 
142.460363, 0.000000, 
142.505096, 0.000000, 
144.025537, 0.000000, 
145.190810, 0.000000, 
145.548751, 0.000000, 
147.250584, 0.000000, 
147.560117, 0.000000, 
148.510440, 0.000000, 
150.343419, 0.000000, 
150.697759, 0.000000, 
152.404901, 0.000000, 
153.273766, 0.000000, 
154.394774, 0.000000, 
154.550410, 0.000000, 
155.656778, 0.000000, 
157.199738, 0.000000, 
157.958372, 0.000000, 
159.049454, 0.000000, 
159.720589, 0.000000, 
160.716112, 0.000000, 
161.656575, 0.000000, 
162.680438, 0.000000, 
163.832091, 0.000000, 
165.464813, 0.000000, 
165.937563, 0.000000, 
166.757759, 0.000000, 
167.589591, 0.000000, 
169.042546, 0.000000, 
169.801142, 0.000000, 
170.891032, 0.000000, 
172.302032, 0.000000, 
173.345886, 0.000000, 
173.935210, 0.000000, 
175.094831, 0.000000, 
176.095404, 0.000000, 
176.829540, 0.000000, 
177.872683, 0.000000, 
178.535621, 0.000000, 
179.914120, 0.000000, 
180.618179, 0.000000, 
181.654525, 0.000000, 
182.755536, 0.000000, 
184.081744, 0.000000, 
185.335114, 0.000000, 
185.967843, 0.000000, 
187.212711, 0.000000, 
188.471794, 0.000000, 
188.824389, 0.000000, 
190.027679, 0.000000, 
190.993381, 0.000000, 
191.828397, 0.000000, 
192.991855, 0.000000, 
193.519406, 0.000000, 
195.075266, 0.000000, 
195.931021, 0.000000, 
196.963363, 0.000000, 
198.217675, 0.000000, 
199.494105, 0.000000, 
