0.073183, 0.000000, 
0.911806, 0.000000, 
1.739252, 0.000000, 
3.243269, 0.000000, 
3.845990, 0.000000, 
4.817698, 0.000000, 
5.827281, 0.000000, 
7.279632, 0.000000, 
7.778644, 0.000000, 
8.813617, 0.000000, 
9.988906, 0.000000, 
11.372011, 0.000000, 
12.377583, 0.000000, 
13.225968, 0.000000, 
13.907173, 0.000000, 
15.314184, 0.000000, 
16.018557, 0.000000, 
17.031280, 0.000000, 
17.800035, 0.000000, 
18.916986, 0.000000, 
20.170044, 0.000000, 
21.074964, 0.000000, 
22.207962, 0.000000, 
22.848862, 0.000000, 
23.652332, 0.000000, 
25.378316, 0.000000, 
26.200818, 0.000000, 
27.195596, 0.000000, 
28.226487, 0.000000, 
28.622066, 0.000000, 
29.955326, 0.000000, 
31.399321, 0.000000, 
31.621617, 0.000000, 
32.793883, 0.000000, 
33.979981, 0.000000, 
34.902621, 0.000000, 
35.901820, 0.000000, 
36.944342, 0.000000, 
38.147526, 0.000000, 
39.054350, 0.000000, 
39.611998, 0.000000, 
41.169899, 0.000000, 
42.173718, 0.000000, 
42.733733, 0.000000, 
43.680924, 0.000000, 
45.106162, 0.000000, 
46.044118, 0.000000, 
47.138286, 0.000000, 
48.358596, 0.000000, 
49.045709, 0.000000, 
50.292855, 0.000000, 
50.664051, 0.000000, 
51.753289, 0.000000, 
52.664684, 0.000000, 
54.134691, 0.000000, 
54.854367, 0.000000, 
55.673195, 0.000000, 
56.617927, 0.000000, 
57.756514, 0.000000, 
59.361741, 0.000000, 
60.286184, 0.000000, 
61.074367, 0.000000, 
61.637308, 0.000000, 
62.642390, 0.000000, 
63.752597, 0.000000, 
64.668496, 0.000000, 
66.001936, 0.000000, 
67.243343, 0.000000, 
68.235952, 0.000000, 
69.273170, 0.000000, 
70.039533, 0.000000, 
70.672137, 0.000000, 
71.784604, 0.000000, 
72.908027, 0.000000, 
74.394624, 0.000000, 
75.306813, 0.000000, 
76.134992, 0.000000, 
77.382342, 0.000000, 
78.074867, 0.000000, 
78.729186, 0.000000, 
79.728582, 0.000000, 
80.684565, 0.000000, 
81.901494, 0.000000, 
83.028328, 0.000000, 
84.247068, 0.000000, 
84.814578, 0.000000, 
86.215690, 0.000000, 
86.787573, 0.000000, 
87.621312, 0.000000, 
88.964008, 0.000000, 
90.323041, 0.000000, 
91.235310, 0.000000, 
92.233725, 0.000000, 
93.329867, 0.000000, 
94.183248, 0.000000, 
94.731935, 0.000000, 
96.342972, 0.000000, 
97.155573, 0.000000, 
97.798095, 0.000000, 
98.852051, 0.000000, 
99.789779, 0.000000, 
100.934162, 0.000000, 
102.300531, 0.000000, 
102.820459, 0.000000, 
103.768598, 0.000000, 
104.918163, 0.000000, 
106.342026, 0.000000, 
107.239879, 0.000000, 
107.987447, 0.000000, 
109.388300, 0.000000, 
109.749424, 0.000000, 
110.654429, 0.000000, 
112.264736, 0.000000, 
113.255544, 0.000000, 
113.750742, 0.000000, 
115.339785, 0.000000, 
115.633217, 0.000000, 
117.179202, 0.000000, 
117.940052, 0.000000, 
119.156447, 0.000000, 
119.997296, 0.000000, 
121.201560, 0.000000, 
121.777315, 0.000000, 
123.050795, 0.000000, 
123.620561, 0.000000, 
125.036063, 0.000000, 
125.939193, 0.000000, 
126.918116, 0.000000, 
128.231355, 0.000000, 
128.748103, 0.000000, 
129.646108, 0.000000, 
131.337732, 0.000000, 
131.795646, 0.000000, 
133.241797, 0.000000, 
134.248399, 0.000000, 
134.703505, 0.000000, 
136.375041, 0.000000, 
136.788005, 0.000000, 
137.611877, 0.000000, 
139.017345, 0.000000, 
139.830785, 0.000000, 
141.079597, 0.000000, 
141.665225, 0.000000, 
142.876648, 0.000000, 
143.978927, 0.000000, 
145.023050, 0.000000, 
145.697153, 0.000000, 
146.679662, 0.000000, 
147.689439, 0.000000, 
149.238163, 0.000000, 
149.997133, 0.000000, 
151.363539, 0.000000, 
151.865659, 0.000000, 
153.220077, 0.000000, 
153.852934, 0.000000, 
154.757252, 0.000000, 
155.649586, 0.000000, 
157.133159, 0.000000, 
158.328711, 0.000000, 
159.242914, 0.000000, 
159.797229, 0.000000, 
160.752218, 0.000000, 
162.060378, 0.000000, 
163.102467, 0.000000, 
163.713392, 0.000000, 
165.048706, 0.000000, 
166.261763, 0.000000, 
166.665649, 0.000000, 
168.168611, 0.000000, 
169.322011, 0.000000, 
169.984159, 0.000000, 
170.721386, 0.000000, 
171.798661, 0.000000, 
173.240800, 0.000000, 
173.776299, 0.000000, 
174.779029, 0.000000, 
176.061620, 0.000000, 
177.046055, 0.000000, 
177.690548, 0.000000, 
178.777235, 0.000000, 
180.281343, 0.000000, 
180.779890, 0.000000, 
182.257268, 0.000000, 
183.302960, 0.000000, 
184.174165, 0.000000, 
184.841309, 0.000000, 
185.996611, 0.000000, 
187.205053, 0.000000, 
187.819496, 0.000000, 
189.277424, 0.000000, 
190.096454, 0.000000, 
191.074527, 0.000000, 
191.647699, 0.000000, 
193.399498, 0.000000, 
194.118217, 0.000000, 
195.015710, 0.000000, 
195.734957, 0.000000, 
197.077998, 0.000000, 
198.351517, 0.000000, 
198.888262, 0.000000, 
