0.011946, 0.000000, 
1.024729, 0.000000, 
1.983124, 0.000000, 
2.975391, 0.000000, 
3.935255, 0.000000, 
5.045901, 0.000000, 
6.078987, 0.000000, 
6.948694, 0.000000, 
7.963347, 0.000000, 
8.922361, 0.000000, 
9.993801, 0.000000, 
10.944723, 0.000000, 
11.983209, 0.000000, 
13.070118, 0.000000, 
13.999078, 0.000000, 
15.012242, 0.000000, 
16.084937, 0.000000, 
17.080071, 0.000000, 
18.081565, 0.000000, 
18.997833, 0.000000, 
20.042448, 0.000000, 
20.994710, 0.000000, 
22.061772, 0.000000, 
23.078514, 0.000000, 
23.949315, 0.000000, 
24.913768, 0.000000, 
25.934455, 0.000000, 
27.070648, 0.000000, 
27.960728, 0.000000, 
28.935584, 0.000000, 
29.946429, 0.000000, 
31.049798, 0.000000, 
32.003770, 0.000000, 
32.949300, 0.000000, 
33.997033, 0.000000, 
34.923367, 0.000000, 
36.084234, 0.000000, 
37.039596, 0.000000, 
38.043771, 0.000000, 
39.038562, 0.000000, 
39.919329, 0.000000, 
40.942688, 0.000000, 
41.906113, 0.000000, 
42.923585, 0.000000, 
44.044522, 0.000000, 
44.925902, 0.000000, 
45.967241, 0.000000, 
47.031492, 0.000000, 
48.005797, 0.000000, 
49.094801, 0.000000, 
50.098419, 0.000000, 
51.007701, 0.000000, 
52.053791, 0.000000, 
52.917126, 0.000000, 
53.940960, 0.000000, 
55.013241, 0.000000, 
55.940070, 0.000000, 
56.964057, 0.000000, 
57.973183, 0.000000, 
58.909224, 0.000000, 
59.990894, 0.000000, 
61.099074, 0.000000, 
61.946833, 0.000000, 
62.991857, 0.000000, 
63.992776, 0.000000, 
65.015067, 0.000000, 
66.053617, 0.000000, 
67.061733, 0.000000, 
68.077825, 0.000000, 
69.071473, 0.000000, 
69.996212, 0.000000, 
71.094318, 0.000000, 
71.900294, 0.000000, 
72.954705, 0.000000, 
74.005038, 0.000000, 
74.908056, 0.000000, 
76.033866, 0.000000, 
77.017345, 0.000000, 
77.927220, 0.000000, 
78.933806, 0.000000, 
80.071846, 0.000000, 
80.986234, 0.000000, 
82.089484, 0.000000, 
82.936177, 0.000000, 
83.938267, 0.000000, 
84.900958, 0.000000, 
86.075941, 0.000000, 
87.091593, 0.000000, 
88.065573, 0.000000, 
89.034787, 0.000000, 
90.072107, 0.000000, 
91.020106, 0.000000, 
92.058540, 0.000000, 
92.924967, 0.000000, 
93.981747, 0.000000, 
95.071914, 0.000000, 
96.096225, 0.000000, 
96.957331, 0.000000, 
97.995210, 0.000000, 
98.938203, 0.000000, 
100.020225, 0.000000, 
101.048248, 0.000000, 
101.923560, 0.000000, 
102.985583, 0.000000, 
104.050407, 0.000000, 
104.985875, 0.000000, 
106.049814, 0.000000, 
106.996650, 0.000000, 
107.976011, 0.000000, 
108.902541, 0.000000, 
110.069386, 0.000000, 
111.020983, 0.000000, 
112.087673, 0.000000, 
112.944519, 0.000000, 
113.999261, 0.000000, 
114.984693, 0.000000, 
115.958790, 0.000000, 
116.913814, 0.000000, 
117.970592, 0.000000, 
118.934142, 0.000000, 
120.036022, 0.000000, 
120.912103, 0.000000, 
122.012456, 0.000000, 
123.000120, 0.000000, 
124.028549, 0.000000, 
125.003542, 0.000000, 
126.044195, 0.000000, 
127.068963, 0.000000, 
128.026884, 0.000000, 
128.995090, 0.000000, 
130.048812, 0.000000, 
130.951027, 0.000000, 
132.069438, 0.000000, 
133.065884, 0.000000, 
134.088854, 0.000000, 
134.912949, 0.000000, 
136.040732, 0.000000, 
137.066097, 0.000000, 
138.098169, 0.000000, 
139.005822, 0.000000, 
140.001475, 0.000000, 
141.001434, 0.000000, 
142.004213, 0.000000, 
142.918982, 0.000000, 
143.915708, 0.000000, 
144.916741, 0.000000, 
146.039296, 0.000000, 
147.096569, 0.000000, 
148.052004, 0.000000, 
148.910311, 0.000000, 
149.998893, 0.000000, 
151.035465, 0.000000, 
152.031356, 0.000000, 
152.921302, 0.000000, 
154.051029, 0.000000, 
155.083857, 0.000000, 
155.960231, 0.000000, 
156.909198, 0.000000, 
158.096866, 0.000000, 
159.017318, 0.000000, 
159.927574, 0.000000, 
161.000309, 0.000000, 
162.036804, 0.000000, 
163.070575, 0.000000, 
164.080996, 0.000000, 
164.926045, 0.000000, 
166.028885, 0.000000, 
166.959802, 0.000000, 
168.070359, 0.000000, 
169.023116, 0.000000, 
170.051866, 0.000000, 
171.038796, 0.000000, 
171.911076, 0.000000, 
172.927408, 0.000000, 
174.003333, 0.000000, 
174.999445, 0.000000, 
176.097366, 0.000000, 
177.006619, 0.000000, 
177.939975, 0.000000, 
179.031295, 0.000000, 
180.007818, 0.000000, 
180.929104, 0.000000, 
181.988522, 0.000000, 
182.943498, 0.000000, 
184.038565, 0.000000, 
184.977307, 0.000000, 
186.032806, 0.000000, 
186.914241, 0.000000, 
188.044840, 0.000000, 
189.025147, 0.000000, 
189.938976, 0.000000, 
190.945033, 0.000000, 
191.954707, 0.000000, 
193.055609, 0.000000, 
194.055329, 0.000000, 
195.050504, 0.000000, 
195.947813, 0.000000, 
196.913136, 0.000000, 
198.089921, 0.000000, 
199.029196, 0.000000, 
