-0.049510, 0.000000, 
0.802674, 0.000000, 
1.881478, 0.000000, 
2.911406, 0.000000, 
3.927573, 0.000000, 
5.104766, 0.000000, 
6.194381, 0.000000, 
6.945884, 0.000000, 
7.874305, 0.000000, 
9.185243, 0.000000, 
10.155795, 0.000000, 
11.120388, 0.000000, 
11.991143, 0.000000, 
12.856970, 0.000000, 
13.970317, 0.000000, 
15.094869, 0.000000, 
15.926609, 0.000000, 
16.910300, 0.000000, 
17.897893, 0.000000, 
19.149502, 0.000000, 
19.909374, 0.000000, 
20.999979, 0.000000, 
21.989956, 0.000000, 
22.851872, 0.000000, 
24.171280, 0.000000, 
25.187760, 0.000000, 
25.939323, 0.000000, 
27.130715, 0.000000, 
28.085670, 0.000000, 
28.996700, 0.000000, 
30.030822, 0.000000, 
31.040011, 0.000000, 
31.967259, 0.000000, 
32.951851, 0.000000, 
34.125008, 0.000000, 
34.805006, 0.000000, 
36.016936, 0.000000, 
37.087382, 0.000000, 
37.819448, 0.000000, 
38.927455, 0.000000, 
40.157420, 0.000000, 
41.093829, 0.000000, 
41.812278, 0.000000, 
43.028663, 0.000000, 
44.187194, 0.000000, 
44.942673, 0.000000, 
45.968191, 0.000000, 
46.901627, 0.000000, 
48.008171, 0.000000, 
49.032584, 0.000000, 
50.192659, 0.000000, 
51.126486, 0.000000, 
52.045621, 0.000000, 
52.921292, 0.000000, 
53.856450, 0.000000, 
55.156022, 0.000000, 
56.008950, 0.000000, 
57.118818, 0.000000, 
58.187913, 0.000000, 
59.070769, 0.000000, 
60.163048, 0.000000, 
61.139154, 0.000000, 
61.922047, 0.000000, 
62.896837, 0.000000, 
63.995900, 0.000000, 
64.858717, 0.000000, 
65.903367, 0.000000, 
67.168821, 0.000000, 
67.841821, 0.000000, 
69.039162, 0.000000, 
69.957880, 0.000000, 
70.924699, 0.000000, 
72.029847, 0.000000, 
73.118405, 0.000000, 
74.095918, 0.000000, 
75.088948, 0.000000, 
75.868017, 0.000000, 
77.159783, 0.000000, 
78.007465, 0.000000, 
78.876667, 0.000000, 
80.091985, 0.000000, 
81.008764, 0.000000, 
81.912762, 0.000000, 
82.807277, 0.000000, 
83.842192, 0.000000, 
85.174113, 0.000000, 
85.989814, 0.000000, 
87.108104, 0.000000, 
87.886477, 0.000000, 
88.868419, 0.000000, 
89.816869, 0.000000, 
91.196526, 0.000000, 
91.856522, 0.000000, 
92.895952, 0.000000, 
93.895972, 0.000000, 
94.894257, 0.000000, 
95.858345, 0.000000, 
96.848528, 0.000000, 
98.152846, 0.000000, 
98.982691, 0.000000, 
99.822418, 0.000000, 
101.081621, 0.000000, 
102.114003, 0.000000, 
103.143181, 0.000000, 
104.025241, 0.000000, 
105.106418, 0.000000, 
106.008649, 0.000000, 
106.811810, 0.000000, 
107.834965, 0.000000, 
108.926254, 0.000000, 
109.844176, 0.000000, 
110.813296, 0.000000, 
112.026550, 0.000000, 
112.835408, 0.000000, 
114.170020, 0.000000, 
114.917707, 0.000000, 
116.019906, 0.000000, 
116.943332, 0.000000, 
118.092568, 0.000000, 
118.809299, 0.000000, 
120.099883, 0.000000, 
120.955801, 0.000000, 
122.186746, 0.000000, 
123.178090, 0.000000, 
123.916368, 0.000000, 
124.854387, 0.000000, 
125.883568, 0.000000, 
127.126184, 0.000000, 
128.171271, 0.000000, 
128.982612, 0.000000, 
130.169010, 0.000000, 
130.940654, 0.000000, 
132.141215, 0.000000, 
133.198103, 0.000000, 
134.023278, 0.000000, 
134.816880, 0.000000, 
135.972994, 0.000000, 
137.147970, 0.000000, 
138.057810, 0.000000, 
138.873687, 0.000000, 
139.868922, 0.000000, 
141.083644, 0.000000, 
142.186061, 0.000000, 
143.111700, 0.000000, 
143.895557, 0.000000, 
144.982819, 0.000000, 
146.098376, 0.000000, 
147.118736, 0.000000, 
148.064809, 0.000000, 
149.026741, 0.000000, 
149.832521, 0.000000, 
150.999467, 0.000000, 
151.930430, 0.000000, 
152.909422, 0.000000, 
154.157845, 0.000000, 
154.930428, 0.000000, 
156.028533, 0.000000, 
156.896967, 0.000000, 
158.173258, 0.000000, 
159.157442, 0.000000, 
160.182063, 0.000000, 
160.927163, 0.000000, 
162.115429, 0.000000, 
163.028550, 0.000000, 
163.929684, 0.000000, 
164.826051, 0.000000, 
166.082133, 0.000000, 
167.121330, 0.000000, 
167.838683, 0.000000, 
168.933399, 0.000000, 
170.181166, 0.000000, 
171.033840, 0.000000, 
171.804198, 0.000000, 
173.151527, 0.000000, 
174.188265, 0.000000, 
174.921919, 0.000000, 
175.863491, 0.000000, 
177.060689, 0.000000, 
178.123591, 0.000000, 
179.139572, 0.000000, 
179.921098, 0.000000, 
181.081508, 0.000000, 
182.048947, 0.000000, 
183.058083, 0.000000, 
184.045326, 0.000000, 
184.930357, 0.000000, 
186.036538, 0.000000, 
187.014061, 0.000000, 
188.051694, 0.000000, 
189.172231, 0.000000, 
189.968639, 0.000000, 
190.899304, 0.000000, 
191.823986, 0.000000, 
193.160067, 0.000000, 
193.921576, 0.000000, 
195.104638, 0.000000, 
196.158136, 0.000000, 
196.832921, 0.000000, 
198.069957, 0.000000, 
198.901473, 0.000000, 
