0.089161, 0.000000, 
1.072607, 0.000000, 
2.099984, 0.000000, 
2.905962, 0.000000, 
3.959375, 0.000000, 
4.994257, 0.000000, 
5.915475, 0.000000, 
7.093628, 0.000000, 
8.005288, 0.000000, 
8.901663, 0.000000, 
9.978950, 0.000000, 
10.918899, 0.000000, 
11.993330, 0.000000, 
13.011469, 0.000000, 
14.029049, 0.000000, 
15.031753, 0.000000, 
16.074360, 0.000000, 
17.091491, 0.000000, 
17.990857, 0.000000, 
18.994809, 0.000000, 
19.979748, 0.000000, 
20.991520, 0.000000, 
21.942999, 0.000000, 
23.005031, 0.000000, 
23.937895, 0.000000, 
25.040715, 0.000000, 
25.908521, 0.000000, 
27.085049, 0.000000, 
27.937947, 0.000000, 
28.954847, 0.000000, 
30.015638, 0.000000, 
30.928767, 0.000000, 
32.050174, 0.000000, 
33.064408, 0.000000, 
33.906712, 0.000000, 
34.931871, 0.000000, 
36.027478, 0.000000, 
37.087432, 0.000000, 
37.975231, 0.000000, 
38.925943, 0.000000, 
40.046442, 0.000000, 
41.073018, 0.000000, 
42.018270, 0.000000, 
42.945754, 0.000000, 
43.990714, 0.000000, 
45.068570, 0.000000, 
45.987093, 0.000000, 
46.989876, 0.000000, 
47.945371, 0.000000, 
48.991330, 0.000000, 
50.087527, 0.000000, 
51.016469, 0.000000, 
51.949703, 0.000000, 
53.022643, 0.000000, 
54.084908, 0.000000, 
54.923321, 0.000000, 
56.064435, 0.000000, 
56.932369, 0.000000, 
58.083442, 0.000000, 
58.988145, 0.000000, 
59.998320, 0.000000, 
61.056368, 0.000000, 
62.036514, 0.000000, 
63.039714, 0.000000, 
63.915534, 0.000000, 
64.975149, 0.000000, 
66.029736, 0.000000, 
67.057708, 0.000000, 
68.006831, 0.000000, 
69.039532, 0.000000, 
70.038562, 0.000000, 
70.905470, 0.000000, 
71.912714, 0.000000, 
73.010057, 0.000000, 
73.965347, 0.000000, 
75.036551, 0.000000, 
75.988307, 0.000000, 
76.975527, 0.000000, 
77.944084, 0.000000, 
78.994876, 0.000000, 
80.086550, 0.000000, 
80.906652, 0.000000, 
82.098436, 0.000000, 
83.063512, 0.000000, 
84.048640, 0.000000, 
84.925364, 0.000000, 
86.006784, 0.000000, 
87.046733, 0.000000, 
88.015727, 0.000000, 
88.966138, 0.000000, 
89.930833, 0.000000, 
90.917558, 0.000000, 
91.916355, 0.000000, 
92.973359, 0.000000, 
94.019513, 0.000000, 
94.995098, 0.000000, 
96.045243, 0.000000, 
96.915249, 0.000000, 
97.935764, 0.000000, 
98.964545, 0.000000, 
99.941273, 0.000000, 
101.060375, 0.000000, 
101.984325, 0.000000, 
102.962072, 0.000000, 
103.988155, 0.000000, 
104.965169, 0.000000, 
105.980806, 0.000000, 
106.906279, 0.000000, 
107.994391, 0.000000, 
109.058308, 0.000000, 
110.023682, 0.000000, 
111.079249, 0.000000, 
111.991818, 0.000000, 
112.942752, 0.000000, 
114.071498, 0.000000, 
114.954295, 0.000000, 
116.061594, 0.000000, 
117.076808, 0.000000, 
118.007171, 0.000000, 
119.063550, 0.000000, 
120.020318, 0.000000, 
120.978280, 0.000000, 
121.972838, 0.000000, 
123.064082, 0.000000, 
124.050585, 0.000000, 
125.047034, 0.000000, 
126.032420, 0.000000, 
127.011627, 0.000000, 
128.047017, 0.000000, 
128.993371, 0.000000, 
129.999071, 0.000000, 
130.947271, 0.000000, 
131.942934, 0.000000, 
133.050290, 0.000000, 
133.937045, 0.000000, 
134.956819, 0.000000, 
135.951353, 0.000000, 
137.096698, 0.000000, 
137.925992, 0.000000, 
138.977991, 0.000000, 
139.908119, 0.000000, 
140.999340, 0.000000, 
141.953453, 0.000000, 
143.071307, 0.000000, 
143.980776, 0.000000, 
144.981928, 0.000000, 
146.038532, 0.000000, 
147.018040, 0.000000, 
147.906919, 0.000000, 
148.946895, 0.000000, 
149.973161, 0.000000, 
150.928293, 0.000000, 
152.096790, 0.000000, 
152.978511, 0.000000, 
154.064967, 0.000000, 
155.010763, 0.000000, 
155.983776, 0.000000, 
157.053904, 0.000000, 
157.958446, 0.000000, 
159.076079, 0.000000, 
159.973128, 0.000000, 
161.073593, 0.000000, 
161.912395, 0.000000, 
162.926583, 0.000000, 
163.923654, 0.000000, 
164.998867, 0.000000, 
165.934057, 0.000000, 
167.054154, 0.000000, 
167.969836, 0.000000, 
169.091739, 0.000000, 
170.081044, 0.000000, 
170.988616, 0.000000, 
171.936480, 0.000000, 
172.954247, 0.000000, 
173.931392, 0.000000, 
174.901485, 0.000000, 
175.904057, 0.000000, 
177.008251, 0.000000, 
177.955021, 0.000000, 
178.975682, 0.000000, 
180.064226, 0.000000, 
181.091160, 0.000000, 
182.097521, 0.000000, 
182.973582, 0.000000, 
183.979160, 0.000000, 
185.059413, 0.000000, 
185.969495, 0.000000, 
187.039616, 0.000000, 
188.009847, 0.000000, 
189.075876, 0.000000, 
189.967986, 0.000000, 
191.008414, 0.000000, 
192.075982, 0.000000, 
193.073916, 0.000000, 
193.934280, 0.000000, 
195.071280, 0.000000, 
195.930612, 0.000000, 
196.995957, 0.000000, 
197.905418, 0.000000, 
199.018001, 0.000000, 
