0.409820, 0.000000, 
0.623585, 0.000000, 
1.888683, 0.000000, 
2.758498, 0.000000, 
3.602581, 0.000000, 
5.050244, 0.000000, 
6.089832, 0.000000, 
6.688306, 0.000000, 
8.062928, 0.000000, 
8.762806, 0.000000, 
9.952736, 0.000000, 
10.729526, 0.000000, 
12.178108, 0.000000, 
13.296421, 0.000000, 
13.668790, 0.000000, 
15.417555, 0.000000, 
15.914136, 0.000000, 
17.201413, 0.000000, 
18.266827, 0.000000, 
18.709667, 0.000000, 
20.181681, 0.000000, 
20.892103, 0.000000, 
22.409318, 0.000000, 
23.005095, 0.000000, 
24.454626, 0.000000, 
24.584719, 0.000000, 
26.369232, 0.000000, 
26.826501, 0.000000, 
27.870819, 0.000000, 
29.260042, 0.000000, 
29.577936, 0.000000, 
31.298859, 0.000000, 
31.521010, 0.000000, 
33.295120, 0.000000, 
33.612205, 0.000000, 
35.388431, 0.000000, 
36.488794, 0.000000, 
36.574824, 0.000000, 
38.233342, 0.000000, 
38.639163, 0.000000, 
40.124479, 0.000000, 
40.867728, 0.000000, 
42.482612, 0.000000, 
43.236209, 0.000000, 
44.226190, 0.000000, 
44.538561, 0.000000, 
45.652444, 0.000000, 
47.099264, 0.000000, 
47.862187, 0.000000, 
49.421474, 0.000000, 
50.082469, 0.000000, 
51.216467, 0.000000, 
51.773362, 0.000000, 
53.404991, 0.000000, 
54.070301, 0.000000, 
55.033899, 0.000000, 
55.802577, 0.000000, 
56.925517, 0.000000, 
57.794637, 0.000000, 
59.167012, 0.000000, 
59.975954, 0.000000, 
60.649050, 0.000000, 
62.152679, 0.000000, 
62.807495, 0.000000, 
64.483621, 0.000000, 
64.519477, 0.000000, 
66.018879, 0.000000, 
67.403917, 0.000000, 
68.390086, 0.000000, 
69.066216, 0.000000, 
69.858317, 0.000000, 
70.651532, 0.000000, 
72.187557, 0.000000, 
73.274395, 0.000000, 
74.484696, 0.000000, 
75.158223, 0.000000, 
76.086239, 0.000000, 
76.697140, 0.000000, 
77.881533, 0.000000, 
78.640863, 0.000000, 
80.457489, 0.000000, 
81.049031, 0.000000, 
81.628652, 0.000000, 
83.020427, 0.000000, 
83.554750, 0.000000, 
85.479250, 0.000000, 
86.260962, 0.000000, 
86.543288, 0.000000, 
87.619772, 0.000000, 
88.728987, 0.000000, 
90.219599, 0.000000, 
91.008264, 0.000000, 
92.204231, 0.000000, 
92.522706, 0.000000, 
93.641841, 0.000000, 
95.062785, 0.000000, 
95.504471, 0.000000, 
97.104505, 0.000000, 
98.298071, 0.000000, 
98.647531, 0.000000, 
99.527495, 0.000000, 
100.613735, 0.000000, 
102.031745, 0.000000, 
103.194754, 0.000000, 
103.660527, 0.000000, 
104.769386, 0.000000, 
106.108263, 0.000000, 
106.779030, 0.000000, 
108.172868, 0.000000, 
109.385954, 0.000000, 
109.680150, 0.000000, 
110.868393, 0.000000, 
111.781321, 0.000000, 
113.206932, 0.000000, 
113.739267, 0.000000, 
114.844364, 0.000000, 
116.290817, 0.000000, 
117.415802, 0.000000, 
118.152969, 0.000000, 
118.502955, 0.000000, 
120.487994, 0.000000, 
120.550668, 0.000000, 
121.824515, 0.000000, 
122.924242, 0.000000, 
123.711194, 0.000000, 
125.420152, 0.000000, 
125.512344, 0.000000, 
126.506239, 0.000000, 
128.077104, 0.000000, 
128.578237, 0.000000, 
130.290653, 0.000000, 
130.928039, 0.000000, 
132.447827, 0.000000, 
132.869799, 0.000000, 
133.619774, 0.000000, 
134.933415, 0.000000, 
136.028426, 0.000000, 
136.889946, 0.000000, 
138.453327, 0.000000, 
139.444459, 0.000000, 
139.665642, 0.000000, 
141.155113, 0.000000, 
142.282517, 0.000000, 
142.542349, 0.000000, 
144.329456, 0.000000, 
145.263555, 0.000000, 
145.968683, 0.000000, 
147.168922, 0.000000, 
148.100717, 0.000000, 
149.023182, 0.000000, 
149.802005, 0.000000, 
150.794587, 0.000000, 
151.602474, 0.000000, 
152.780526, 0.000000, 
153.887607, 0.000000, 
155.385426, 0.000000, 
155.557215, 0.000000, 
156.853751, 0.000000, 
157.884487, 0.000000, 
159.289340, 0.000000, 
159.786037, 0.000000, 
160.522603, 0.000000, 
161.717638, 0.000000, 
163.007750, 0.000000, 
164.498338, 0.000000, 
165.299415, 0.000000, 
166.070021, 0.000000, 
166.512793, 0.000000, 
167.920019, 0.000000, 
169.369023, 0.000000, 
169.904876, 0.000000, 
170.570278, 0.000000, 
171.857189, 0.000000, 
172.885887, 0.000000, 
174.464455, 0.000000, 
175.230689, 0.000000, 
175.751096, 0.000000, 
177.255407, 0.000000, 
178.076322, 0.000000, 
178.905331, 0.000000, 
179.909749, 0.000000, 
181.049153, 0.000000, 
182.107173, 0.000000, 
182.528736, 0.000000, 
183.971002, 0.000000, 
185.242145, 0.000000, 
186.228048, 0.000000, 
186.798799, 0.000000, 
187.861880, 0.000000, 
188.548157, 0.000000, 
189.569839, 0.000000, 
190.719275, 0.000000, 
191.555626, 0.000000, 
193.183487, 0.000000, 
194.123654, 0.000000, 
195.271907, 0.000000, 
195.727798, 0.000000, 
196.853451, 0.000000, 
198.412158, 0.000000, 
199.440326, 0.000000, 
