0.331475, 0.000000, 
0.934933, 0.000000, 
2.352498, 0.000000, 
2.616809, 0.000000, 
4.271448, 0.000000, 
5.223586, 0.000000, 
5.723729, 0.000000, 
6.999342, 0.000000, 
8.148574, 0.000000, 
8.980669, 0.000000, 
9.780570, 0.000000, 
11.223041, 0.000000, 
12.284349, 0.000000, 
12.962641, 0.000000, 
14.162438, 0.000000, 
14.916008, 0.000000, 
15.935871, 0.000000, 
16.645663, 0.000000, 
17.739760, 0.000000, 
19.216234, 0.000000, 
19.873988, 0.000000, 
20.808245, 0.000000, 
21.967030, 0.000000, 
23.171971, 0.000000, 
23.713926, 0.000000, 
24.983455, 0.000000, 
25.741176, 0.000000, 
26.856849, 0.000000, 
28.087632, 0.000000, 
28.691228, 0.000000, 
30.341029, 0.000000, 
31.344164, 0.000000, 
31.640358, 0.000000, 
32.784362, 0.000000, 
33.821218, 0.000000, 
35.285326, 0.000000, 
36.068659, 0.000000, 
37.275033, 0.000000, 
38.237559, 0.000000, 
39.074921, 0.000000, 
39.639145, 0.000000, 
41.391234, 0.000000, 
41.672527, 0.000000, 
43.136131, 0.000000, 
43.731483, 0.000000, 
45.151901, 0.000000, 
45.964852, 0.000000, 
47.113138, 0.000000, 
47.996845, 0.000000, 
48.775298, 0.000000, 
49.951234, 0.000000, 
51.371289, 0.000000, 
51.647898, 0.000000, 
52.930671, 0.000000, 
53.795405, 0.000000, 
55.287923, 0.000000, 
56.097595, 0.000000, 
57.195790, 0.000000, 
57.752255, 0.000000, 
58.961878, 0.000000, 
60.142863, 0.000000, 
60.603660, 0.000000, 
61.846314, 0.000000, 
63.202970, 0.000000, 
63.695142, 0.000000, 
64.916713, 0.000000, 
65.621334, 0.000000, 
66.682555, 0.000000, 
68.376964, 0.000000, 
68.919394, 0.000000, 
70.078529, 0.000000, 
71.087888, 0.000000, 
72.092783, 0.000000, 
73.393714, 0.000000, 
74.354296, 0.000000, 
74.953066, 0.000000, 
75.903864, 0.000000, 
76.832762, 0.000000, 
78.300238, 0.000000, 
78.698800, 0.000000, 
79.600287, 0.000000, 
81.283629, 0.000000, 
82.027268, 0.000000, 
82.701232, 0.000000, 
83.902929, 0.000000, 
84.761840, 0.000000, 
85.678655, 0.000000, 
86.844555, 0.000000, 
88.208114, 0.000000, 
89.373136, 0.000000, 
90.221983, 0.000000, 
91.356118, 0.000000, 
92.110770, 0.000000, 
92.660921, 0.000000, 
94.063875, 0.000000, 
95.365233, 0.000000, 
95.719750, 0.000000, 
97.324004, 0.000000, 
98.346122, 0.000000, 
98.942647, 0.000000, 
99.659011, 0.000000, 
100.624919, 0.000000, 
101.733467, 0.000000, 
103.376486, 0.000000, 
104.309160, 0.000000, 
105.194463, 0.000000, 
106.235754, 0.000000, 
107.128709, 0.000000, 
108.133161, 0.000000, 
109.086189, 0.000000, 
110.032341, 0.000000, 
111.045826, 0.000000, 
111.975936, 0.000000, 
112.660387, 0.000000, 
114.335851, 0.000000, 
114.849643, 0.000000, 
115.694636, 0.000000, 
116.845220, 0.000000, 
117.848011, 0.000000, 
119.311320, 0.000000, 
119.906782, 0.000000, 
121.221035, 0.000000, 
121.652481, 0.000000, 
123.022326, 0.000000, 
123.619247, 0.000000, 
125.179853, 0.000000, 
125.832634, 0.000000, 
127.242375, 0.000000, 
127.780057, 0.000000, 
129.006286, 0.000000, 
129.956334, 0.000000, 
130.846060, 0.000000, 
132.068303, 0.000000, 
133.273163, 0.000000, 
134.122114, 0.000000, 
134.879324, 0.000000, 
136.304096, 0.000000, 
137.194008, 0.000000, 
137.600057, 0.000000, 
138.720983, 0.000000, 
139.958804, 0.000000, 
140.819791, 0.000000, 
142.393339, 0.000000, 
142.604058, 0.000000, 
143.689184, 0.000000, 
144.768598, 0.000000, 
145.796358, 0.000000, 
146.683349, 0.000000, 
147.841139, 0.000000, 
148.953737, 0.000000, 
149.672613, 0.000000, 
151.176306, 0.000000, 
152.323996, 0.000000, 
153.266783, 0.000000, 
154.013812, 0.000000, 
155.355845, 0.000000, 
156.273983, 0.000000, 
157.232617, 0.000000, 
157.964433, 0.000000, 
159.248002, 0.000000, 
160.287854, 0.000000, 
161.061635, 0.000000, 
161.988001, 0.000000, 
162.787891, 0.000000, 
164.077571, 0.000000, 
165.128045, 0.000000, 
166.202727, 0.000000, 
166.884084, 0.000000, 
167.633045, 0.000000, 
168.773980, 0.000000, 
170.270998, 0.000000, 
171.153858, 0.000000, 
172.380492, 0.000000, 
172.967935, 0.000000, 
173.850643, 0.000000, 
174.809793, 0.000000, 
175.970458, 0.000000, 
176.886710, 0.000000, 
177.948193, 0.000000, 
179.117252, 0.000000, 
180.386839, 0.000000, 
181.211231, 0.000000, 
181.869128, 0.000000, 
182.727264, 0.000000, 
184.079776, 0.000000, 
184.796963, 0.000000, 
185.824967, 0.000000, 
186.747148, 0.000000, 
188.117212, 0.000000, 
188.631436, 0.000000, 
190.270650, 0.000000, 
191.013045, 0.000000, 
192.315579, 0.000000, 
192.778241, 0.000000, 
194.243786, 0.000000, 
195.231087, 0.000000, 
196.332829, 0.000000, 
197.205851, 0.000000, 
198.065336, 0.000000, 
198.724598, 0.000000, 
