0.234958, 0.000000, 
0.969321, 0.000000, 
2.016525, 0.000000, 
2.953451, 0.000000, 
4.145862, 0.000000, 
5.295959, 0.000000, 
5.826780, 0.000000, 
6.751035, 0.000000, 
8.206268, 0.000000, 
8.814879, 0.000000, 
10.001627, 0.000000, 
11.175415, 0.000000, 
11.970819, 0.000000, 
12.953512, 0.000000, 
14.228859, 0.000000, 
15.056682, 0.000000, 
15.876719, 0.000000, 
17.261948, 0.000000, 
18.234153, 0.000000, 
19.134711, 0.000000, 
19.726404, 0.000000, 
21.051762, 0.000000, 
22.295071, 0.000000, 
23.121626, 0.000000, 
23.845928, 0.000000, 
25.067861, 0.000000, 
26.175833, 0.000000, 
26.849274, 0.000000, 
27.713651, 0.000000, 
28.858755, 0.000000, 
29.969759, 0.000000, 
31.110374, 0.000000, 
32.118366, 0.000000, 
33.233325, 0.000000, 
33.886067, 0.000000, 
35.229053, 0.000000, 
36.062838, 0.000000, 
36.883751, 0.000000, 
37.978491, 0.000000, 
39.088336, 0.000000, 
40.248989, 0.000000, 
40.928957, 0.000000, 
41.890504, 0.000000, 
42.807150, 0.000000, 
43.925886, 0.000000, 
45.159740, 0.000000, 
46.039520, 0.000000, 
46.738241, 0.000000, 
48.018279, 0.000000, 
49.275900, 0.000000, 
50.146986, 0.000000, 
50.904182, 0.000000, 
52.043889, 0.000000, 
52.870662, 0.000000, 
54.051997, 0.000000, 
55.281989, 0.000000, 
55.730258, 0.000000, 
56.721271, 0.000000, 
58.138628, 0.000000, 
59.046537, 0.000000, 
60.242171, 0.000000, 
60.904007, 0.000000, 
62.209583, 0.000000, 
62.783616, 0.000000, 
64.006484, 0.000000, 
64.847610, 0.000000, 
65.833484, 0.000000, 
66.856576, 0.000000, 
68.214413, 0.000000, 
69.177135, 0.000000, 
70.065977, 0.000000, 
71.156959, 0.000000, 
72.170037, 0.000000, 
73.078777, 0.000000, 
74.278719, 0.000000, 
75.181796, 0.000000, 
75.958533, 0.000000, 
77.001592, 0.000000, 
77.722248, 0.000000, 
79.206133, 0.000000, 
79.719995, 0.000000, 
80.706424, 0.000000, 
81.716340, 0.000000, 
83.253699, 0.000000, 
83.983273, 0.000000, 
85.280178, 0.000000, 
85.981092, 0.000000, 
86.956803, 0.000000, 
87.908532, 0.000000, 
88.792869, 0.000000, 
89.847949, 0.000000, 
90.853381, 0.000000, 
92.102733, 0.000000, 
93.212771, 0.000000, 
93.958341, 0.000000, 
94.919922, 0.000000, 
95.969748, 0.000000, 
96.814598, 0.000000, 
98.192801, 0.000000, 
98.864490, 0.000000, 
100.191201, 0.000000, 
100.907662, 0.000000, 
102.144052, 0.000000, 
103.192815, 0.000000, 
104.073395, 0.000000, 
104.726384, 0.000000, 
106.177690, 0.000000, 
106.908821, 0.000000, 
107.794933, 0.000000, 
108.795815, 0.000000, 
110.052514, 0.000000, 
110.968615, 0.000000, 
112.183496, 0.000000, 
113.243670, 0.000000, 
114.129744, 0.000000, 
115.150774, 0.000000, 
115.901858, 0.000000, 
116.851209, 0.000000, 
117.948517, 0.000000, 
119.143345, 0.000000, 
120.178216, 0.000000, 
121.216679, 0.000000, 
122.196321, 0.000000, 
122.734575, 0.000000, 
123.990098, 0.000000, 
124.990535, 0.000000, 
126.023049, 0.000000, 
127.283466, 0.000000, 
127.891603, 0.000000, 
129.101222, 0.000000, 
130.290001, 0.000000, 
130.937205, 0.000000, 
131.881904, 0.000000, 
132.973821, 0.000000, 
134.047155, 0.000000, 
135.074786, 0.000000, 
136.279726, 0.000000, 
137.295368, 0.000000, 
137.741128, 0.000000, 
139.177839, 0.000000, 
139.788990, 0.000000, 
141.028138, 0.000000, 
142.091187, 0.000000, 
142.810973, 0.000000, 
143.735220, 0.000000, 
144.860325, 0.000000, 
145.810931, 0.000000, 
147.134922, 0.000000, 
148.200611, 0.000000, 
148.947143, 0.000000, 
149.776434, 0.000000, 
150.974687, 0.000000, 
152.128527, 0.000000, 
152.729155, 0.000000, 
154.222868, 0.000000, 
155.220219, 0.000000, 
155.800832, 0.000000, 
156.721104, 0.000000, 
157.932782, 0.000000, 
158.853757, 0.000000, 
160.213219, 0.000000, 
160.767335, 0.000000, 
162.195485, 0.000000, 
162.969386, 0.000000, 
164.013454, 0.000000, 
165.230179, 0.000000, 
165.851911, 0.000000, 
167.083605, 0.000000, 
168.034995, 0.000000, 
168.894298, 0.000000, 
170.253904, 0.000000, 
171.231870, 0.000000, 
171.924746, 0.000000, 
172.877027, 0.000000, 
173.770634, 0.000000, 
174.778870, 0.000000, 
175.817743, 0.000000, 
177.101143, 0.000000, 
177.793893, 0.000000, 
178.988935, 0.000000, 
179.766422, 0.000000, 
181.012914, 0.000000, 
181.815485, 0.000000, 
182.832272, 0.000000, 
184.198470, 0.000000, 
184.746450, 0.000000, 
185.986257, 0.000000, 
187.204768, 0.000000, 
187.855686, 0.000000, 
188.821382, 0.000000, 
190.119765, 0.000000, 
191.229223, 0.000000, 
192.008148, 0.000000, 
193.289786, 0.000000, 
194.077083, 0.000000, 
194.761594, 0.000000, 
196.080632, 0.000000, 
197.005959, 0.000000, 
198.188806, 0.000000, 
199.271994, 0.000000, 
