0.082492, 0.000000, 
1.270875, 0.000000, 
1.810932, 0.000000, 
3.148019, 0.000000, 
4.095296, 0.000000, 
5.177208, 0.000000, 
6.162408, 0.000000, 
6.704859, 0.000000, 
7.791080, 0.000000, 
8.863722, 0.000000, 
9.885145, 0.000000, 
11.037128, 0.000000, 
12.072194, 0.000000, 
12.854257, 0.000000, 
13.964519, 0.000000, 
15.072024, 0.000000, 
16.089715, 0.000000, 
16.999032, 0.000000, 
17.732460, 0.000000, 
18.707556, 0.000000, 
19.861586, 0.000000, 
21.140232, 0.000000, 
21.836605, 0.000000, 
23.039441, 0.000000, 
24.281940, 0.000000, 
25.274126, 0.000000, 
26.177104, 0.000000, 
27.019107, 0.000000, 
27.741435, 0.000000, 
28.703127, 0.000000, 
30.017536, 0.000000, 
31.201226, 0.000000, 
31.990464, 0.000000, 
32.840013, 0.000000, 
34.061380, 0.000000, 
34.952796, 0.000000, 
36.074371, 0.000000, 
37.174754, 0.000000, 
37.946227, 0.000000, 
39.145543, 0.000000, 
40.268777, 0.000000, 
41.120235, 0.000000, 
42.033797, 0.000000, 
42.790476, 0.000000, 
44.231317, 0.000000, 
44.711351, 0.000000, 
46.013705, 0.000000, 
47.119528, 0.000000, 
48.128731, 0.000000, 
49.076972, 0.000000, 
50.140916, 0.000000, 
51.008675, 0.000000, 
51.969993, 0.000000, 
52.837023, 0.000000, 
54.256449, 0.000000, 
54.959350, 0.000000, 
55.781612, 0.000000, 
57.127756, 0.000000, 
58.179226, 0.000000, 
59.121485, 0.000000, 
60.238525, 0.000000, 
61.148998, 0.000000, 
61.749549, 0.000000, 
62.818014, 0.000000, 
63.858637, 0.000000, 
65.024960, 0.000000, 
65.754613, 0.000000, 
66.751876, 0.000000, 
68.013156, 0.000000, 
68.794741, 0.000000, 
69.716926, 0.000000, 
70.724970, 0.000000, 
72.260005, 0.000000, 
73.057168, 0.000000, 
73.902478, 0.000000, 
74.844058, 0.000000, 
75.891218, 0.000000, 
76.701369, 0.000000, 
77.737265, 0.000000, 
78.940915, 0.000000, 
79.980703, 0.000000, 
80.731617, 0.000000, 
81.756246, 0.000000, 
83.015884, 0.000000, 
83.717476, 0.000000, 
85.214740, 0.000000, 
86.058614, 0.000000, 
86.862699, 0.000000, 
87.768305, 0.000000, 
88.976392, 0.000000, 
89.945927, 0.000000, 
90.971845, 0.000000, 
91.780118, 0.000000, 
92.924335, 0.000000, 
94.132468, 0.000000, 
94.985205, 0.000000, 
96.246815, 0.000000, 
96.749765, 0.000000, 
97.814987, 0.000000, 
99.228912, 0.000000, 
99.872465, 0.000000, 
101.049310, 0.000000, 
102.179006, 0.000000, 
103.008075, 0.000000, 
103.978554, 0.000000, 
104.767192, 0.000000, 
105.987212, 0.000000, 
107.125637, 0.000000, 
108.084046, 0.000000, 
109.134476, 0.000000, 
109.727620, 0.000000, 
111.255424, 0.000000, 
112.081321, 0.000000, 
112.898177, 0.000000, 
113.842327, 0.000000, 
115.271943, 0.000000, 
116.002752, 0.000000, 
116.871514, 0.000000, 
117.740191, 0.000000, 
118.771485, 0.000000, 
119.984353, 0.000000, 
121.251691, 0.000000, 
121.745282, 0.000000, 
123.212864, 0.000000, 
123.919373, 0.000000, 
125.061826, 0.000000, 
126.214185, 0.000000, 
126.705947, 0.000000, 
128.106552, 0.000000, 
128.868491, 0.000000, 
130.240736, 0.000000, 
131.091261, 0.000000, 
131.850124, 0.000000, 
133.081654, 0.000000, 
134.265548, 0.000000, 
134.884111, 0.000000, 
136.047676, 0.000000, 
136.835081, 0.000000, 
137.996860, 0.000000, 
139.061165, 0.000000, 
139.726443, 0.000000, 
141.147943, 0.000000, 
142.100786, 0.000000, 
143.185544, 0.000000, 
143.738963, 0.000000, 
145.206975, 0.000000, 
146.087367, 0.000000, 
147.057130, 0.000000, 
148.249328, 0.000000, 
149.191706, 0.000000, 
149.893294, 0.000000, 
150.880211, 0.000000, 
152.139422, 0.000000, 
153.125239, 0.000000, 
153.961809, 0.000000, 
154.789911, 0.000000, 
155.795266, 0.000000, 
156.872470, 0.000000, 
158.033646, 0.000000, 
159.238560, 0.000000, 
159.969350, 0.000000, 
161.176072, 0.000000, 
161.719235, 0.000000, 
162.923892, 0.000000, 
164.067352, 0.000000, 
164.808023, 0.000000, 
166.168858, 0.000000, 
167.125068, 0.000000, 
168.042973, 0.000000, 
169.013145, 0.000000, 
169.767488, 0.000000, 
170.870875, 0.000000, 
171.746734, 0.000000, 
173.262301, 0.000000, 
174.292460, 0.000000, 
175.174136, 0.000000, 
176.293978, 0.000000, 
177.057178, 0.000000, 
178.064561, 0.000000, 
178.850407, 0.000000, 
180.006837, 0.000000, 
180.723972, 0.000000, 
182.020180, 0.000000, 
183.092032, 0.000000, 
183.941527, 0.000000, 
185.150893, 0.000000, 
186.110124, 0.000000, 
186.779366, 0.000000, 
188.254349, 0.000000, 
188.954540, 0.000000, 
189.766022, 0.000000, 
190.769584, 0.000000, 
191.827299, 0.000000, 
192.991817, 0.000000, 
193.845155, 0.000000, 
195.123125, 0.000000, 
196.007199, 0.000000, 
197.221205, 0.000000, 
197.772933, 0.000000, 
198.955316, 0.000000, 
