-0.219282, 0.000000, 
0.700405, 0.000000, 
1.619767, 0.000000, 
2.659019, 0.000000, 
3.634160, 0.000000, 
4.991980, 0.000000, 
5.781716, 0.000000, 
6.709488, 0.000000, 
7.845272, 0.000000, 
9.085910, 0.000000, 
9.897416, 0.000000, 
10.704393, 0.000000, 
11.612310, 0.000000, 
13.046954, 0.000000, 
13.752951, 0.000000, 
15.138036, 0.000000, 
16.170277, 0.000000, 
17.099272, 0.000000, 
17.752417, 0.000000, 
18.989714, 0.000000, 
20.061286, 0.000000, 
20.703177, 0.000000, 
22.159464, 0.000000, 
22.744307, 0.000000, 
23.726643, 0.000000, 
25.198137, 0.000000, 
26.017380, 0.000000, 
26.970598, 0.000000, 
27.889568, 0.000000, 
28.705431, 0.000000, 
30.275556, 0.000000, 
30.649894, 0.000000, 
32.326471, 0.000000, 
33.229046, 0.000000, 
33.715702, 0.000000, 
35.219840, 0.000000, 
36.002031, 0.000000, 
37.070232, 0.000000, 
38.171146, 0.000000, 
38.748842, 0.000000, 
40.393705, 0.000000, 
41.349264, 0.000000, 
42.135552, 0.000000, 
43.100100, 0.000000, 
43.607416, 0.000000, 
44.719661, 0.000000, 
46.141333, 0.000000, 
46.711536, 0.000000, 
48.329751, 0.000000, 
49.085685, 0.000000, 
50.395969, 0.000000, 
51.100729, 0.000000, 
52.045090, 0.000000, 
53.160293, 0.000000, 
54.290165, 0.000000, 
54.917439, 0.000000, 
55.829553, 0.000000, 
57.214368, 0.000000, 
58.299719, 0.000000, 
59.242340, 0.000000, 
59.911323, 0.000000, 
60.769754, 0.000000, 
61.960272, 0.000000, 
63.244136, 0.000000, 
64.376698, 0.000000, 
64.937795, 0.000000, 
65.952188, 0.000000, 
66.964484, 0.000000, 
67.669011, 0.000000, 
69.015160, 0.000000, 
69.734815, 0.000000, 
71.233258, 0.000000, 
71.605697, 0.000000, 
72.777772, 0.000000, 
74.286315, 0.000000, 
74.817489, 0.000000, 
76.356391, 0.000000, 
77.013463, 0.000000, 
77.816815, 0.000000, 
79.232643, 0.000000, 
80.206785, 0.000000, 
80.763368, 0.000000, 
82.208805, 0.000000, 
83.330298, 0.000000, 
84.384176, 0.000000, 
84.989303, 0.000000, 
86.235946, 0.000000, 
86.646467, 0.000000, 
87.707371, 0.000000, 
89.097417, 0.000000, 
89.717062, 0.000000, 
91.306403, 0.000000, 
92.340278, 0.000000, 
93.112465, 0.000000, 
94.170537, 0.000000, 
94.993096, 0.000000, 
95.969661, 0.000000, 
97.234164, 0.000000, 
97.835462, 0.000000, 
99.208504, 0.000000, 
99.628293, 0.000000, 
100.629480, 0.000000, 
101.714744, 0.000000, 
102.624538, 0.000000, 
103.974487, 0.000000, 
105.047748, 0.000000, 
106.396828, 0.000000, 
106.778977, 0.000000, 
108.193380, 0.000000, 
109.273521, 0.000000, 
110.236335, 0.000000, 
110.959467, 0.000000, 
111.967990, 0.000000, 
113.167755, 0.000000, 
114.036861, 0.000000, 
114.861247, 0.000000, 
116.388045, 0.000000, 
117.220125, 0.000000, 
117.987363, 0.000000, 
119.071840, 0.000000, 
119.927022, 0.000000, 
121.112137, 0.000000, 
122.296153, 0.000000, 
122.891424, 0.000000, 
123.799362, 0.000000, 
125.111243, 0.000000, 
125.683372, 0.000000, 
126.982677, 0.000000, 
127.720617, 0.000000, 
129.283589, 0.000000, 
130.240080, 0.000000, 
130.859904, 0.000000, 
132.298847, 0.000000, 
133.200849, 0.000000, 
134.056837, 0.000000, 
135.003410, 0.000000, 
136.305574, 0.000000, 
136.760156, 0.000000, 
137.694628, 0.000000, 
138.772213, 0.000000, 
139.678939, 0.000000, 
141.183209, 0.000000, 
142.267017, 0.000000, 
142.957446, 0.000000, 
144.232684, 0.000000, 
144.794668, 0.000000, 
145.907418, 0.000000, 
146.867934, 0.000000, 
147.653360, 0.000000, 
148.803532, 0.000000, 
150.276782, 0.000000, 
151.298551, 0.000000, 
151.658250, 0.000000, 
152.901269, 0.000000, 
153.924151, 0.000000, 
154.713247, 0.000000, 
156.283000, 0.000000, 
157.374253, 0.000000, 
158.319784, 0.000000, 
158.820932, 0.000000, 
160.377493, 0.000000, 
160.905653, 0.000000, 
162.065370, 0.000000, 
163.078483, 0.000000, 
163.659247, 0.000000, 
165.077533, 0.000000, 
165.636926, 0.000000, 
167.264628, 0.000000, 
168.151900, 0.000000, 
169.030739, 0.000000, 
170.142462, 0.000000, 
171.293314, 0.000000, 
171.750923, 0.000000, 
172.931044, 0.000000, 
173.840497, 0.000000, 
175.060391, 0.000000, 
175.848694, 0.000000, 
177.058866, 0.000000, 
177.704668, 0.000000, 
179.030815, 0.000000, 
180.396956, 0.000000, 
180.755131, 0.000000, 
181.832525, 0.000000, 
182.919842, 0.000000, 
184.384429, 0.000000, 
184.983669, 0.000000, 
186.127683, 0.000000, 
187.208062, 0.000000, 
188.255989, 0.000000, 
188.984315, 0.000000, 
190.256881, 0.000000, 
190.959460, 0.000000, 
192.214577, 0.000000, 
193.033196, 0.000000, 
193.606887, 0.000000, 
195.022941, 0.000000, 
195.602963, 0.000000, 
196.853639, 0.000000, 
197.622560, 0.000000, 
199.293274, 0.000000, 
