-0.243357, 0.000000, 
0.639688, 0.000000, 
1.790999, 0.000000, 
2.839609, 0.000000, 
4.189250, 0.000000, 
5.166765, 0.000000, 
6.141915, 0.000000, 
6.995876, 0.000000, 
7.867838, 0.000000, 
8.696193, 0.000000, 
10.232866, 0.000000, 
11.280871, 0.000000, 
11.914614, 0.000000, 
12.829232, 0.000000, 
13.732156, 0.000000, 
14.801040, 0.000000, 
16.161548, 0.000000, 
17.003166, 0.000000, 
18.062090, 0.000000, 
18.767818, 0.000000, 
20.162795, 0.000000, 
20.695368, 0.000000, 
21.833750, 0.000000, 
23.369676, 0.000000, 
23.728389, 0.000000, 
25.228984, 0.000000, 
26.323335, 0.000000, 
27.203004, 0.000000, 
27.736818, 0.000000, 
29.199487, 0.000000, 
30.334619, 0.000000, 
30.632680, 0.000000, 
32.186341, 0.000000, 
33.119456, 0.000000, 
34.397966, 0.000000, 
34.689216, 0.000000, 
35.801783, 0.000000, 
36.604072, 0.000000, 
37.702280, 0.000000, 
39.046513, 0.000000, 
39.894997, 0.000000, 
41.274403, 0.000000, 
41.881575, 0.000000, 
43.015621, 0.000000, 
43.665137, 0.000000, 
44.815836, 0.000000, 
45.697818, 0.000000, 
47.127461, 0.000000, 
48.203627, 0.000000, 
48.862139, 0.000000, 
50.089490, 0.000000, 
51.077891, 0.000000, 
52.152467, 0.000000, 
52.757150, 0.000000, 
54.034467, 0.000000, 
54.733842, 0.000000, 
56.046692, 0.000000, 
56.913349, 0.000000, 
57.646041, 0.000000, 
59.053988, 0.000000, 
60.026037, 0.000000, 
61.224196, 0.000000, 
61.819082, 0.000000, 
62.650906, 0.000000, 
64.241631, 0.000000, 
64.712080, 0.000000, 
66.166189, 0.000000, 
67.198967, 0.000000, 
68.080744, 0.000000, 
68.873674, 0.000000, 
69.991244, 0.000000, 
71.265083, 0.000000, 
72.379982, 0.000000, 
73.262855, 0.000000, 
73.668803, 0.000000, 
74.816580, 0.000000, 
76.349064, 0.000000, 
77.207232, 0.000000, 
78.054999, 0.000000, 
78.972286, 0.000000, 
80.105255, 0.000000, 
80.962521, 0.000000, 
82.017267, 0.000000, 
82.843088, 0.000000, 
84.157157, 0.000000, 
85.134879, 0.000000, 
86.115066, 0.000000, 
87.216472, 0.000000, 
87.962241, 0.000000, 
88.845921, 0.000000, 
90.159317, 0.000000, 
90.907325, 0.000000, 
92.370698, 0.000000, 
93.243981, 0.000000, 
93.884474, 0.000000, 
94.985089, 0.000000, 
95.903427, 0.000000, 
97.092031, 0.000000, 
98.334421, 0.000000, 
98.926460, 0.000000, 
100.242412, 0.000000, 
101.129287, 0.000000, 
101.699636, 0.000000, 
102.918536, 0.000000, 
103.990007, 0.000000, 
105.240966, 0.000000, 
105.921340, 0.000000, 
106.697002, 0.000000, 
108.104643, 0.000000, 
108.736284, 0.000000, 
110.132909, 0.000000, 
111.301759, 0.000000, 
112.329974, 0.000000, 
113.269982, 0.000000, 
113.694881, 0.000000, 
114.843008, 0.000000, 
115.800761, 0.000000, 
116.817795, 0.000000, 
117.677411, 0.000000, 
118.731646, 0.000000, 
119.926657, 0.000000, 
121.373674, 0.000000, 
122.311875, 0.000000, 
123.298863, 0.000000, 
123.977238, 0.000000, 
125.377951, 0.000000, 
126.261944, 0.000000, 
127.308991, 0.000000, 
127.870040, 0.000000, 
129.322179, 0.000000, 
129.956275, 0.000000, 
131.291383, 0.000000, 
131.697316, 0.000000, 
133.131524, 0.000000, 
133.932802, 0.000000, 
134.792082, 0.000000, 
135.974303, 0.000000, 
136.618407, 0.000000, 
137.739638, 0.000000, 
139.383183, 0.000000, 
140.074237, 0.000000, 
141.187970, 0.000000, 
142.209308, 0.000000, 
143.261399, 0.000000, 
144.335926, 0.000000, 
144.663257, 0.000000, 
146.369254, 0.000000, 
146.893699, 0.000000, 
147.724164, 0.000000, 
149.228880, 0.000000, 
150.263607, 0.000000, 
151.284949, 0.000000, 
152.338255, 0.000000, 
153.007427, 0.000000, 
154.390822, 0.000000, 
154.628833, 0.000000, 
155.808055, 0.000000, 
157.090706, 0.000000, 
158.287483, 0.000000, 
159.145287, 0.000000, 
159.631297, 0.000000, 
161.138620, 0.000000, 
162.025383, 0.000000, 
162.655969, 0.000000, 
163.725257, 0.000000, 
165.239953, 0.000000, 
166.385846, 0.000000, 
167.024034, 0.000000, 
167.737464, 0.000000, 
169.345595, 0.000000, 
169.843074, 0.000000, 
171.288554, 0.000000, 
171.929938, 0.000000, 
172.878042, 0.000000, 
173.845095, 0.000000, 
175.251684, 0.000000, 
176.366637, 0.000000, 
176.899467, 0.000000, 
177.999647, 0.000000, 
179.304374, 0.000000, 
180.231885, 0.000000, 
180.921074, 0.000000, 
182.203765, 0.000000, 
183.214591, 0.000000, 
183.972485, 0.000000, 
185.181207, 0.000000, 
186.113077, 0.000000, 
187.242256, 0.000000, 
187.909711, 0.000000, 
189.136610, 0.000000, 
189.878041, 0.000000, 
190.830808, 0.000000, 
192.221118, 0.000000, 
193.333839, 0.000000, 
193.914768, 0.000000, 
195.294005, 0.000000, 
195.727044, 0.000000, 
197.375994, 0.000000, 
197.853135, 0.000000, 
198.821682, 0.000000, 
