-0.028462, 0.000000, 
1.027443, 0.000000, 
1.781902, 0.000000, 
2.890567, 0.000000, 
4.025499, 0.000000, 
4.913398, 0.000000, 
5.891295, 0.000000, 
7.282449, 0.000000, 
7.899548, 0.000000, 
9.005046, 0.000000, 
9.746808, 0.000000, 
11.125030, 0.000000, 
11.864976, 0.000000, 
12.724166, 0.000000, 
14.056021, 0.000000, 
15.153879, 0.000000, 
15.948551, 0.000000, 
17.104066, 0.000000, 
17.767546, 0.000000, 
19.161849, 0.000000, 
20.065162, 0.000000, 
21.148789, 0.000000, 
21.915354, 0.000000, 
22.770879, 0.000000, 
24.044535, 0.000000, 
24.867519, 0.000000, 
25.718523, 0.000000, 
27.208529, 0.000000, 
27.996451, 0.000000, 
28.806075, 0.000000, 
30.182352, 0.000000, 
30.994425, 0.000000, 
31.744713, 0.000000, 
32.752559, 0.000000, 
34.238589, 0.000000, 
34.860721, 0.000000, 
35.720736, 0.000000, 
37.265557, 0.000000, 
37.755450, 0.000000, 
39.145975, 0.000000, 
40.185628, 0.000000, 
40.749943, 0.000000, 
41.803267, 0.000000, 
43.116241, 0.000000, 
43.906582, 0.000000, 
44.968843, 0.000000, 
45.919053, 0.000000, 
46.736410, 0.000000, 
47.925911, 0.000000, 
49.248346, 0.000000, 
50.271564, 0.000000, 
50.837232, 0.000000, 
51.950249, 0.000000, 
52.796279, 0.000000, 
53.892482, 0.000000, 
55.258567, 0.000000, 
56.095625, 0.000000, 
57.163150, 0.000000, 
58.271524, 0.000000, 
59.274966, 0.000000, 
59.820214, 0.000000, 
60.871744, 0.000000, 
62.235580, 0.000000, 
62.878014, 0.000000, 
63.975300, 0.000000, 
64.747384, 0.000000, 
66.118068, 0.000000, 
67.031990, 0.000000, 
67.879660, 0.000000, 
68.818888, 0.000000, 
69.914167, 0.000000, 
70.706149, 0.000000, 
72.208305, 0.000000, 
73.004359, 0.000000, 
73.734823, 0.000000, 
75.000765, 0.000000, 
75.856075, 0.000000, 
77.216635, 0.000000, 
78.013374, 0.000000, 
79.170279, 0.000000, 
79.852717, 0.000000, 
80.717327, 0.000000, 
82.287897, 0.000000, 
83.057271, 0.000000, 
83.938974, 0.000000, 
84.994426, 0.000000, 
86.103868, 0.000000, 
87.161892, 0.000000, 
88.151177, 0.000000, 
88.845469, 0.000000, 
89.758190, 0.000000, 
91.205551, 0.000000, 
91.767502, 0.000000, 
93.020050, 0.000000, 
93.990193, 0.000000, 
95.162836, 0.000000, 
96.290402, 0.000000, 
97.161967, 0.000000, 
97.991393, 0.000000, 
99.025853, 0.000000, 
99.893421, 0.000000, 
101.083998, 0.000000, 
101.921750, 0.000000, 
103.042611, 0.000000, 
103.820072, 0.000000, 
104.828467, 0.000000, 
105.702337, 0.000000, 
106.831777, 0.000000, 
108.276035, 0.000000, 
109.277855, 0.000000, 
109.791998, 0.000000, 
110.766000, 0.000000, 
111.837722, 0.000000, 
113.096794, 0.000000, 
114.134715, 0.000000, 
115.187682, 0.000000, 
116.072826, 0.000000, 
116.849879, 0.000000, 
117.966271, 0.000000, 
119.295118, 0.000000, 
119.980362, 0.000000, 
121.218319, 0.000000, 
122.279015, 0.000000, 
123.242254, 0.000000, 
124.059343, 0.000000, 
125.053217, 0.000000, 
126.171740, 0.000000, 
127.270634, 0.000000, 
127.889093, 0.000000, 
128.901826, 0.000000, 
129.881031, 0.000000, 
130.890641, 0.000000, 
131.724518, 0.000000, 
133.177188, 0.000000, 
133.968378, 0.000000, 
134.727435, 0.000000, 
136.234501, 0.000000, 
136.906127, 0.000000, 
137.905316, 0.000000, 
138.873149, 0.000000, 
140.126856, 0.000000, 
140.961101, 0.000000, 
141.733361, 0.000000, 
143.142835, 0.000000, 
143.836063, 0.000000, 
144.735445, 0.000000, 
145.893994, 0.000000, 
146.972103, 0.000000, 
148.004678, 0.000000, 
149.213677, 0.000000, 
150.099133, 0.000000, 
150.928407, 0.000000, 
152.018138, 0.000000, 
152.798756, 0.000000, 
153.765328, 0.000000, 
155.225282, 0.000000, 
155.893697, 0.000000, 
156.735626, 0.000000, 
157.883144, 0.000000, 
158.784317, 0.000000, 
160.141919, 0.000000, 
161.197654, 0.000000, 
162.108457, 0.000000, 
163.251128, 0.000000, 
163.704023, 0.000000, 
164.917534, 0.000000, 
165.756048, 0.000000, 
167.058219, 0.000000, 
168.112754, 0.000000, 
169.098858, 0.000000, 
170.275616, 0.000000, 
170.968262, 0.000000, 
171.913600, 0.000000, 
173.067801, 0.000000, 
174.228495, 0.000000, 
174.802635, 0.000000, 
175.815295, 0.000000, 
177.002617, 0.000000, 
177.907554, 0.000000, 
178.862950, 0.000000, 
179.912344, 0.000000, 
180.750152, 0.000000, 
182.093120, 0.000000, 
182.839734, 0.000000, 
183.791077, 0.000000, 
185.123108, 0.000000, 
186.107110, 0.000000, 
187.253679, 0.000000, 
187.771450, 0.000000, 
189.283045, 0.000000, 
190.131724, 0.000000, 
191.275946, 0.000000, 
192.266325, 0.000000, 
193.281817, 0.000000, 
193.933610, 0.000000, 
195.058109, 0.000000, 
195.814193, 0.000000, 
196.733373, 0.000000, 
197.788835, 0.000000, 
198.957541, 0.000000, 
