-0.120215, 0.000000, 
1.289869, 0.000000, 
2.014497, 0.000000, 
2.909020, 0.000000, 
3.960027, 0.000000, 
5.216215, 0.000000, 
6.475956, 0.000000, 
7.428269, 0.000000, 
7.862535, 0.000000, 
9.346862, 0.000000, 
10.075733, 0.000000, 
10.889196, 0.000000, 
12.242884, 0.000000, 
12.598324, 0.000000, 
14.075494, 0.000000, 
15.178233, 0.000000, 
15.918079, 0.000000, 
17.027093, 0.000000, 
18.068302, 0.000000, 
18.517377, 0.000000, 
20.256542, 0.000000, 
20.864599, 0.000000, 
21.945228, 0.000000, 
23.429075, 0.000000, 
23.880293, 0.000000, 
24.549292, 0.000000, 
26.141916, 0.000000, 
26.828537, 0.000000, 
28.462354, 0.000000, 
28.893506, 0.000000, 
29.628667, 0.000000, 
30.862691, 0.000000, 
32.381488, 0.000000, 
33.004613, 0.000000, 
33.628480, 0.000000, 
35.359047, 0.000000, 
35.601612, 0.000000, 
37.315369, 0.000000, 
37.873505, 0.000000, 
38.621787, 0.000000, 
40.212427, 0.000000, 
40.894502, 0.000000, 
42.424417, 0.000000, 
43.313347, 0.000000, 
43.862505, 0.000000, 
44.706503, 0.000000, 
46.216702, 0.000000, 
47.388632, 0.000000, 
48.332359, 0.000000, 
48.787809, 0.000000, 
49.662777, 0.000000, 
51.075065, 0.000000, 
52.303655, 0.000000, 
52.681013, 0.000000, 
54.400839, 0.000000, 
55.179324, 0.000000, 
56.063563, 0.000000, 
56.858170, 0.000000, 
58.094457, 0.000000, 
59.389374, 0.000000, 
60.131201, 0.000000, 
61.376503, 0.000000, 
62.158298, 0.000000, 
63.140037, 0.000000, 
64.456235, 0.000000, 
64.508088, 0.000000, 
66.467591, 0.000000, 
66.803883, 0.000000, 
68.125976, 0.000000, 
68.547575, 0.000000, 
69.770821, 0.000000, 
70.839528, 0.000000, 
72.389921, 0.000000, 
73.156532, 0.000000, 
73.648733, 0.000000, 
75.364707, 0.000000, 
75.642809, 0.000000, 
76.878727, 0.000000, 
77.992474, 0.000000, 
79.382222, 0.000000, 
79.811792, 0.000000, 
80.571041, 0.000000, 
81.742388, 0.000000, 
83.099997, 0.000000, 
84.075389, 0.000000, 
84.850570, 0.000000, 
86.033634, 0.000000, 
87.055844, 0.000000, 
87.848972, 0.000000, 
89.022959, 0.000000, 
89.589241, 0.000000, 
91.024140, 0.000000, 
92.431731, 0.000000, 
92.547635, 0.000000, 
93.810301, 0.000000, 
94.762863, 0.000000, 
95.712607, 0.000000, 
96.633262, 0.000000, 
98.273372, 0.000000, 
98.796849, 0.000000, 
99.824147, 0.000000, 
101.138618, 0.000000, 
102.488820, 0.000000, 
102.600717, 0.000000, 
104.265077, 0.000000, 
104.915638, 0.000000, 
106.410759, 0.000000, 
106.942885, 0.000000, 
108.131641, 0.000000, 
108.701633, 0.000000, 
109.641668, 0.000000, 
111.341385, 0.000000, 
112.484647, 0.000000, 
112.736756, 0.000000, 
114.122306, 0.000000, 
115.021984, 0.000000, 
115.897015, 0.000000, 
117.108952, 0.000000, 
117.595292, 0.000000, 
119.356630, 0.000000, 
119.944529, 0.000000, 
121.220275, 0.000000, 
121.750947, 0.000000, 
123.232199, 0.000000, 
124.233586, 0.000000, 
125.126168, 0.000000, 
125.928773, 0.000000, 
126.870028, 0.000000, 
127.530815, 0.000000, 
129.442622, 0.000000, 
129.965719, 0.000000, 
130.824018, 0.000000, 
131.689548, 0.000000, 
133.157866, 0.000000, 
134.227824, 0.000000, 
134.868118, 0.000000, 
136.276826, 0.000000, 
137.343268, 0.000000, 
138.496521, 0.000000, 
139.000907, 0.000000, 
139.986362, 0.000000, 
140.751824, 0.000000, 
141.798047, 0.000000, 
142.652039, 0.000000, 
144.338846, 0.000000, 
144.627248, 0.000000, 
146.023810, 0.000000, 
147.071183, 0.000000, 
148.110139, 0.000000, 
148.551358, 0.000000, 
150.188601, 0.000000, 
150.933889, 0.000000, 
152.480561, 0.000000, 
153.463563, 0.000000, 
154.299190, 0.000000, 
154.907287, 0.000000, 
155.724863, 0.000000, 
157.448826, 0.000000, 
158.210788, 0.000000, 
159.366357, 0.000000, 
160.306447, 0.000000, 
160.620980, 0.000000, 
161.543348, 0.000000, 
163.133211, 0.000000, 
163.905246, 0.000000, 
165.282796, 0.000000, 
166.253256, 0.000000, 
166.895081, 0.000000, 
168.059206, 0.000000, 
169.392444, 0.000000, 
170.354246, 0.000000, 
170.646459, 0.000000, 
171.672639, 0.000000, 
173.107070, 0.000000, 
173.990202, 0.000000, 
175.325667, 0.000000, 
176.308339, 0.000000, 
176.913936, 0.000000, 
177.574738, 0.000000, 
179.112632, 0.000000, 
180.404664, 0.000000, 
180.891797, 0.000000, 
181.689595, 0.000000, 
182.826457, 0.000000, 
184.047387, 0.000000, 
185.087173, 0.000000, 
185.541677, 0.000000, 
187.379247, 0.000000, 
187.751309, 0.000000, 
189.274064, 0.000000, 
190.284943, 0.000000, 
190.753434, 0.000000, 
191.658164, 0.000000, 
192.771264, 0.000000, 
193.713888, 0.000000, 
194.828319, 0.000000, 
196.308407, 0.000000, 
196.916096, 0.000000, 
198.366680, 0.000000, 
198.855279, 0.000000, 
