-0.044405, 0.000000, 
0.857388, 0.000000, 
2.154825, 0.000000, 
2.876227, 0.000000, 
4.055218, 0.000000, 
5.156001, 0.000000, 
6.273995, 0.000000, 
7.095813, 0.000000, 
7.837680, 0.000000, 
8.997374, 0.000000, 
9.856053, 0.000000, 
11.244814, 0.000000, 
12.129421, 0.000000, 
12.964482, 0.000000, 
13.745713, 0.000000, 
15.116258, 0.000000, 
15.872301, 0.000000, 
16.812697, 0.000000, 
17.985127, 0.000000, 
18.723043, 0.000000, 
19.836347, 0.000000, 
20.825958, 0.000000, 
21.797617, 0.000000, 
23.120593, 0.000000, 
23.791276, 0.000000, 
24.955013, 0.000000, 
25.790586, 0.000000, 
27.058018, 0.000000, 
27.869844, 0.000000, 
28.817495, 0.000000, 
30.212304, 0.000000, 
31.259864, 0.000000, 
31.710159, 0.000000, 
33.156095, 0.000000, 
34.239817, 0.000000, 
34.828638, 0.000000, 
36.152333, 0.000000, 
36.706667, 0.000000, 
38.019555, 0.000000, 
39.137762, 0.000000, 
40.084598, 0.000000, 
40.923850, 0.000000, 
41.840568, 0.000000, 
43.195342, 0.000000, 
43.804615, 0.000000, 
45.283395, 0.000000, 
45.798383, 0.000000, 
46.978869, 0.000000, 
48.288624, 0.000000, 
48.979586, 0.000000, 
50.273890, 0.000000, 
51.197677, 0.000000, 
51.884153, 0.000000, 
52.841383, 0.000000, 
53.982036, 0.000000, 
55.053716, 0.000000, 
56.047221, 0.000000, 
56.731195, 0.000000, 
58.244315, 0.000000, 
59.225459, 0.000000, 
59.708686, 0.000000, 
60.932386, 0.000000, 
61.703883, 0.000000, 
62.750905, 0.000000, 
64.220718, 0.000000, 
65.165188, 0.000000, 
66.149379, 0.000000, 
66.968152, 0.000000, 
68.234811, 0.000000, 
69.040593, 0.000000, 
69.762512, 0.000000, 
70.709210, 0.000000, 
72.058606, 0.000000, 
72.739839, 0.000000, 
73.827514, 0.000000, 
75.202760, 0.000000, 
76.223635, 0.000000, 
77.109771, 0.000000, 
77.842070, 0.000000, 
78.716348, 0.000000, 
79.717216, 0.000000, 
81.261833, 0.000000, 
81.732135, 0.000000, 
82.728451, 0.000000, 
83.880458, 0.000000, 
84.716556, 0.000000, 
86.077060, 0.000000, 
87.051983, 0.000000, 
88.214697, 0.000000, 
89.188562, 0.000000, 
89.816491, 0.000000, 
91.222259, 0.000000, 
92.287450, 0.000000, 
93.166046, 0.000000, 
93.703253, 0.000000, 
95.040141, 0.000000, 
96.066113, 0.000000, 
96.841708, 0.000000, 
97.792239, 0.000000, 
98.782003, 0.000000, 
99.850277, 0.000000, 
100.752322, 0.000000, 
102.070474, 0.000000, 
102.810950, 0.000000, 
103.949625, 0.000000, 
104.877231, 0.000000, 
106.292877, 0.000000, 
107.228570, 0.000000, 
107.703744, 0.000000, 
108.975885, 0.000000, 
110.050792, 0.000000, 
111.128508, 0.000000, 
111.859084, 0.000000, 
113.244852, 0.000000, 
114.038466, 0.000000, 
115.173354, 0.000000, 
116.129839, 0.000000, 
116.709631, 0.000000, 
117.816130, 0.000000, 
119.140753, 0.000000, 
119.905007, 0.000000, 
121.283743, 0.000000, 
121.968857, 0.000000, 
122.825763, 0.000000, 
123.852728, 0.000000, 
124.799561, 0.000000, 
126.205850, 0.000000, 
126.823707, 0.000000, 
127.920128, 0.000000, 
128.945475, 0.000000, 
129.713023, 0.000000, 
131.194303, 0.000000, 
131.801197, 0.000000, 
133.226712, 0.000000, 
134.207797, 0.000000, 
135.225098, 0.000000, 
135.943595, 0.000000, 
136.780875, 0.000000, 
137.902549, 0.000000, 
139.150861, 0.000000, 
139.792283, 0.000000, 
140.794068, 0.000000, 
142.043165, 0.000000, 
143.141075, 0.000000, 
143.811232, 0.000000, 
145.183663, 0.000000, 
145.874410, 0.000000, 
147.186417, 0.000000, 
147.799990, 0.000000, 
148.719575, 0.000000, 
149.758701, 0.000000, 
151.053732, 0.000000, 
152.202804, 0.000000, 
153.102048, 0.000000, 
154.154541, 0.000000, 
155.066530, 0.000000, 
155.819409, 0.000000, 
157.273258, 0.000000, 
158.163702, 0.000000, 
158.741728, 0.000000, 
159.979427, 0.000000, 
160.855522, 0.000000, 
162.282866, 0.000000, 
162.881984, 0.000000, 
163.782187, 0.000000, 
165.280157, 0.000000, 
165.988337, 0.000000, 
167.246092, 0.000000, 
168.138487, 0.000000, 
168.792889, 0.000000, 
169.955762, 0.000000, 
170.986113, 0.000000, 
171.989364, 0.000000, 
172.720354, 0.000000, 
173.705217, 0.000000, 
174.843235, 0.000000, 
176.126046, 0.000000, 
177.206219, 0.000000, 
178.218339, 0.000000, 
178.723554, 0.000000, 
179.923020, 0.000000, 
180.827565, 0.000000, 
182.020843, 0.000000, 
183.125788, 0.000000, 
184.054446, 0.000000, 
184.944307, 0.000000, 
186.267522, 0.000000, 
187.098052, 0.000000, 
187.778896, 0.000000, 
188.914656, 0.000000, 
190.036951, 0.000000, 
191.052732, 0.000000, 
191.888936, 0.000000, 
192.967222, 0.000000, 
194.132017, 0.000000, 
194.798795, 0.000000, 
195.770516, 0.000000, 
196.919084, 0.000000, 
198.047094, 0.000000, 
198.772226, 0.000000, 
