-0.020479, 0.000000, 
0.884683, 0.000000, 
1.905907, 0.000000, 
2.923015, 0.000000, 
3.996753, 0.000000, 
4.882464, 0.000000, 
5.903283, 0.000000, 
7.074629, 0.000000, 
7.982256, 0.000000, 
9.109431, 0.000000, 
10.023151, 0.000000, 
11.193058, 0.000000, 
11.924827, 0.000000, 
13.034709, 0.000000, 
13.883814, 0.000000, 
14.829725, 0.000000, 
15.826828, 0.000000, 
16.864023, 0.000000, 
17.931556, 0.000000, 
18.953715, 0.000000, 
19.884330, 0.000000, 
21.034155, 0.000000, 
21.930509, 0.000000, 
22.840221, 0.000000, 
24.133748, 0.000000, 
25.149558, 0.000000, 
25.933069, 0.000000, 
27.083638, 0.000000, 
28.069882, 0.000000, 
28.975000, 0.000000, 
30.193135, 0.000000, 
31.176441, 0.000000, 
32.017039, 0.000000, 
33.069049, 0.000000, 
33.847245, 0.000000, 
34.883911, 0.000000, 
35.850996, 0.000000, 
36.803247, 0.000000, 
37.992542, 0.000000, 
39.085326, 0.000000, 
39.823034, 0.000000, 
40.842578, 0.000000, 
42.166359, 0.000000, 
42.916073, 0.000000, 
43.942805, 0.000000, 
44.918894, 0.000000, 
45.985719, 0.000000, 
47.018811, 0.000000, 
47.989960, 0.000000, 
48.823254, 0.000000, 
49.936346, 0.000000, 
51.164551, 0.000000, 
51.893020, 0.000000, 
53.118478, 0.000000, 
54.039709, 0.000000, 
55.158574, 0.000000, 
56.086031, 0.000000, 
56.847871, 0.000000, 
58.001394, 0.000000, 
59.008926, 0.000000, 
60.012336, 0.000000, 
60.805327, 0.000000, 
62.095189, 0.000000, 
62.948926, 0.000000, 
64.044224, 0.000000, 
64.847543, 0.000000, 
65.862807, 0.000000, 
66.846970, 0.000000, 
67.895986, 0.000000, 
68.942161, 0.000000, 
70.116691, 0.000000, 
71.037112, 0.000000, 
71.806638, 0.000000, 
72.996149, 0.000000, 
73.988487, 0.000000, 
74.944827, 0.000000, 
76.056072, 0.000000, 
76.873708, 0.000000, 
77.976392, 0.000000, 
79.132547, 0.000000, 
80.057013, 0.000000, 
80.999131, 0.000000, 
81.946350, 0.000000, 
83.194212, 0.000000, 
84.054923, 0.000000, 
84.881383, 0.000000, 
85.824800, 0.000000, 
87.024354, 0.000000, 
88.089243, 0.000000, 
89.084905, 0.000000, 
90.128405, 0.000000, 
90.813270, 0.000000, 
91.845886, 0.000000, 
92.857501, 0.000000, 
94.030500, 0.000000, 
94.924034, 0.000000, 
96.049265, 0.000000, 
97.195052, 0.000000, 
98.073511, 0.000000, 
98.975920, 0.000000, 
99.916857, 0.000000, 
101.098567, 0.000000, 
101.955543, 0.000000, 
102.920141, 0.000000, 
104.013068, 0.000000, 
104.973131, 0.000000, 
106.022860, 0.000000, 
107.058273, 0.000000, 
108.025797, 0.000000, 
109.104876, 0.000000, 
110.070281, 0.000000, 
110.944473, 0.000000, 
111.957494, 0.000000, 
112.833042, 0.000000, 
114.109679, 0.000000, 
115.170249, 0.000000, 
116.057103, 0.000000, 
116.822416, 0.000000, 
118.066005, 0.000000, 
118.921925, 0.000000, 
120.005283, 0.000000, 
121.036837, 0.000000, 
121.817394, 0.000000, 
122.874936, 0.000000, 
124.083259, 0.000000, 
124.860042, 0.000000, 
125.909959, 0.000000, 
127.167053, 0.000000, 
127.856424, 0.000000, 
129.188405, 0.000000, 
130.005497, 0.000000, 
130.834010, 0.000000, 
131.871299, 0.000000, 
132.892539, 0.000000, 
134.055955, 0.000000, 
135.017365, 0.000000, 
136.136887, 0.000000, 
136.995891, 0.000000, 
138.142153, 0.000000, 
138.925807, 0.000000, 
140.024533, 0.000000, 
140.933306, 0.000000, 
142.150523, 0.000000, 
143.105640, 0.000000, 
144.123084, 0.000000, 
144.871878, 0.000000, 
145.886446, 0.000000, 
146.947853, 0.000000, 
148.075983, 0.000000, 
148.964197, 0.000000, 
150.025455, 0.000000, 
150.894138, 0.000000, 
152.168575, 0.000000, 
153.098969, 0.000000, 
154.012648, 0.000000, 
155.007469, 0.000000, 
156.165779, 0.000000, 
156.925794, 0.000000, 
158.141982, 0.000000, 
159.192992, 0.000000, 
160.090428, 0.000000, 
161.079961, 0.000000, 
162.134407, 0.000000, 
163.034758, 0.000000, 
164.120848, 0.000000, 
164.865503, 0.000000, 
165.864529, 0.000000, 
167.128029, 0.000000, 
167.814730, 0.000000, 
168.928260, 0.000000, 
169.867981, 0.000000, 
170.879143, 0.000000, 
172.012128, 0.000000, 
172.853273, 0.000000, 
174.102811, 0.000000, 
175.162457, 0.000000, 
176.029619, 0.000000, 
177.024108, 0.000000, 
177.870737, 0.000000, 
178.887292, 0.000000, 
180.000636, 0.000000, 
180.976360, 0.000000, 
182.006265, 0.000000, 
183.116887, 0.000000, 
184.068945, 0.000000, 
185.097050, 0.000000, 
185.909067, 0.000000, 
186.892095, 0.000000, 
187.951625, 0.000000, 
188.923757, 0.000000, 
189.803372, 0.000000, 
191.145232, 0.000000, 
192.065255, 0.000000, 
193.173584, 0.000000, 
193.973500, 0.000000, 
194.935221, 0.000000, 
195.930442, 0.000000, 
197.159768, 0.000000, 
198.145952, 0.000000, 
198.992210, 0.000000, 
