0.131210, 0.000000, 
0.814022, 0.000000, 
1.948165, 0.000000, 
3.093036, 0.000000, 
3.975010, 0.000000, 
5.198747, 0.000000, 
5.943879, 0.000000, 
6.889552, 0.000000, 
7.937358, 0.000000, 
8.807341, 0.000000, 
9.837636, 0.000000, 
10.965432, 0.000000, 
11.915540, 0.000000, 
13.138370, 0.000000, 
13.871485, 0.000000, 
14.860469, 0.000000, 
16.026948, 0.000000, 
16.836460, 0.000000, 
17.990998, 0.000000, 
19.071732, 0.000000, 
20.199260, 0.000000, 
21.187228, 0.000000, 
22.174199, 0.000000, 
23.054264, 0.000000, 
24.029421, 0.000000, 
25.001211, 0.000000, 
25.968313, 0.000000, 
27.041063, 0.000000, 
28.169518, 0.000000, 
29.077848, 0.000000, 
30.183931, 0.000000, 
31.125351, 0.000000, 
32.002609, 0.000000, 
32.838789, 0.000000, 
34.151159, 0.000000, 
34.991172, 0.000000, 
36.090466, 0.000000, 
36.839893, 0.000000, 
38.126981, 0.000000, 
39.191917, 0.000000, 
39.841797, 0.000000, 
40.943462, 0.000000, 
42.030785, 0.000000, 
43.184663, 0.000000, 
44.014442, 0.000000, 
44.882966, 0.000000, 
45.883121, 0.000000, 
47.043918, 0.000000, 
48.196370, 0.000000, 
49.011083, 0.000000, 
49.889615, 0.000000, 
51.118648, 0.000000, 
51.819158, 0.000000, 
52.889717, 0.000000, 
53.878804, 0.000000, 
55.044839, 0.000000, 
56.156390, 0.000000, 
57.173616, 0.000000, 
57.841600, 0.000000, 
59.127031, 0.000000, 
60.139189, 0.000000, 
61.072641, 0.000000, 
62.162299, 0.000000, 
62.871649, 0.000000, 
64.056343, 0.000000, 
64.833825, 0.000000, 
65.933949, 0.000000, 
66.962714, 0.000000, 
68.152484, 0.000000, 
68.902312, 0.000000, 
69.931923, 0.000000, 
70.997058, 0.000000, 
71.857894, 0.000000, 
73.092578, 0.000000, 
74.190350, 0.000000, 
75.138123, 0.000000, 
76.137300, 0.000000, 
77.119814, 0.000000, 
77.824919, 0.000000, 
79.014418, 0.000000, 
79.895364, 0.000000, 
81.134061, 0.000000, 
81.938573, 0.000000, 
82.872939, 0.000000, 
84.165208, 0.000000, 
84.868864, 0.000000, 
86.173844, 0.000000, 
86.835941, 0.000000, 
87.804911, 0.000000, 
89.104352, 0.000000, 
90.188054, 0.000000, 
91.080798, 0.000000, 
92.182969, 0.000000, 
92.973141, 0.000000, 
94.000496, 0.000000, 
95.012768, 0.000000, 
96.074319, 0.000000, 
97.195445, 0.000000, 
97.830524, 0.000000, 
99.093019, 0.000000, 
100.199397, 0.000000, 
100.936621, 0.000000, 
102.180978, 0.000000, 
102.869923, 0.000000, 
103.979208, 0.000000, 
105.169752, 0.000000, 
106.120893, 0.000000, 
107.054680, 0.000000, 
108.159490, 0.000000, 
109.083809, 0.000000, 
109.891522, 0.000000, 
110.956587, 0.000000, 
111.951275, 0.000000, 
112.941063, 0.000000, 
113.949878, 0.000000, 
115.003352, 0.000000, 
116.150679, 0.000000, 
117.007273, 0.000000, 
118.010037, 0.000000, 
118.956206, 0.000000, 
120.029591, 0.000000, 
120.868183, 0.000000, 
121.832827, 0.000000, 
123.092814, 0.000000, 
124.134332, 0.000000, 
125.059289, 0.000000, 
126.154140, 0.000000, 
126.999360, 0.000000, 
127.871896, 0.000000, 
129.115882, 0.000000, 
130.167966, 0.000000, 
131.026849, 0.000000, 
131.928771, 0.000000, 
132.900324, 0.000000, 
133.965904, 0.000000, 
135.070061, 0.000000, 
136.065349, 0.000000, 
137.197397, 0.000000, 
138.134212, 0.000000, 
139.150380, 0.000000, 
140.125094, 0.000000, 
140.888416, 0.000000, 
141.821011, 0.000000, 
143.181569, 0.000000, 
143.955459, 0.000000, 
145.199605, 0.000000, 
146.000732, 0.000000, 
147.188525, 0.000000, 
147.947099, 0.000000, 
149.073855, 0.000000, 
149.985028, 0.000000, 
150.944322, 0.000000, 
152.112217, 0.000000, 
153.111100, 0.000000, 
153.888052, 0.000000, 
154.833417, 0.000000, 
156.175693, 0.000000, 
157.031707, 0.000000, 
158.080070, 0.000000, 
158.814364, 0.000000, 
159.925014, 0.000000, 
160.873495, 0.000000, 
161.871782, 0.000000, 
163.006797, 0.000000, 
164.114054, 0.000000, 
165.199140, 0.000000, 
165.933176, 0.000000, 
166.915124, 0.000000, 
167.858797, 0.000000, 
169.168529, 0.000000, 
169.919263, 0.000000, 
170.909932, 0.000000, 
171.954988, 0.000000, 
173.032697, 0.000000, 
173.805489, 0.000000, 
175.117237, 0.000000, 
175.860976, 0.000000, 
176.891725, 0.000000, 
178.195092, 0.000000, 
178.882575, 0.000000, 
180.176025, 0.000000, 
181.142469, 0.000000, 
181.964346, 0.000000, 
183.175993, 0.000000, 
183.874361, 0.000000, 
184.823402, 0.000000, 
186.080819, 0.000000, 
187.087140, 0.000000, 
187.891098, 0.000000, 
189.124769, 0.000000, 
190.176808, 0.000000, 
190.856547, 0.000000, 
192.107410, 0.000000, 
192.922377, 0.000000, 
194.149140, 0.000000, 
195.080597, 0.000000, 
195.894174, 0.000000, 
196.906327, 0.000000, 
197.834106, 0.000000, 
199.084259, 0.000000, 
