-0.061249, 0.000000, 
0.967651, 0.000000, 
1.954116, 0.000000, 
2.963085, 0.000000, 
3.943546, 0.000000, 
5.078346, 0.000000, 
6.041507, 0.000000, 
7.007721, 0.000000, 
8.081720, 0.000000, 
8.964930, 0.000000, 
9.932698, 0.000000, 
10.981981, 0.000000, 
12.091254, 0.000000, 
13.038960, 0.000000, 
13.973939, 0.000000, 
14.994091, 0.000000, 
16.073011, 0.000000, 
17.049446, 0.000000, 
18.063247, 0.000000, 
19.073418, 0.000000, 
19.904452, 0.000000, 
21.090573, 0.000000, 
21.905872, 0.000000, 
23.054216, 0.000000, 
23.921972, 0.000000, 
25.078433, 0.000000, 
25.936043, 0.000000, 
26.937046, 0.000000, 
27.964391, 0.000000, 
28.967229, 0.000000, 
30.049838, 0.000000, 
30.944802, 0.000000, 
31.928483, 0.000000, 
33.036518, 0.000000, 
33.991463, 0.000000, 
34.967954, 0.000000, 
36.033510, 0.000000, 
37.071116, 0.000000, 
37.989866, 0.000000, 
39.035746, 0.000000, 
39.984924, 0.000000, 
40.909063, 0.000000, 
42.037712, 0.000000, 
42.936298, 0.000000, 
44.042873, 0.000000, 
45.009041, 0.000000, 
45.915190, 0.000000, 
46.934257, 0.000000, 
47.901524, 0.000000, 
49.096059, 0.000000, 
49.901968, 0.000000, 
50.951339, 0.000000, 
51.930244, 0.000000, 
52.994249, 0.000000, 
53.905207, 0.000000, 
54.972265, 0.000000, 
55.958975, 0.000000, 
56.930634, 0.000000, 
57.908453, 0.000000, 
59.025406, 0.000000, 
60.074978, 0.000000, 
61.089021, 0.000000, 
61.934883, 0.000000, 
62.985916, 0.000000, 
64.064563, 0.000000, 
64.974028, 0.000000, 
66.096984, 0.000000, 
67.026333, 0.000000, 
68.067319, 0.000000, 
68.942491, 0.000000, 
70.008740, 0.000000, 
71.062244, 0.000000, 
71.994027, 0.000000, 
73.003997, 0.000000, 
74.034696, 0.000000, 
75.044826, 0.000000, 
76.066783, 0.000000, 
76.929100, 0.000000, 
78.089145, 0.000000, 
78.960189, 0.000000, 
79.933559, 0.000000, 
81.020883, 0.000000, 
82.057986, 0.000000, 
83.074739, 0.000000, 
84.073760, 0.000000, 
84.970715, 0.000000, 
86.017572, 0.000000, 
87.062616, 0.000000, 
87.928082, 0.000000, 
89.049578, 0.000000, 
89.992956, 0.000000, 
91.061387, 0.000000, 
92.089064, 0.000000, 
92.971710, 0.000000, 
93.991633, 0.000000, 
94.914427, 0.000000, 
95.928025, 0.000000, 
96.913157, 0.000000, 
98.038804, 0.000000, 
99.094990, 0.000000, 
99.946868, 0.000000, 
100.908344, 0.000000, 
101.955095, 0.000000, 
102.999131, 0.000000, 
104.087750, 0.000000, 
104.974686, 0.000000, 
106.023408, 0.000000, 
107.085140, 0.000000, 
108.097984, 0.000000, 
109.069935, 0.000000, 
110.084226, 0.000000, 
110.962215, 0.000000, 
111.960671, 0.000000, 
112.947335, 0.000000, 
114.076557, 0.000000, 
115.053085, 0.000000, 
115.922187, 0.000000, 
117.044290, 0.000000, 
118.060892, 0.000000, 
119.032317, 0.000000, 
120.048808, 0.000000, 
120.923745, 0.000000, 
121.973285, 0.000000, 
122.959677, 0.000000, 
124.025768, 0.000000, 
125.021222, 0.000000, 
125.936007, 0.000000, 
126.999847, 0.000000, 
127.931778, 0.000000, 
128.905084, 0.000000, 
130.086597, 0.000000, 
131.060817, 0.000000, 
131.954769, 0.000000, 
133.016035, 0.000000, 
134.047521, 0.000000, 
135.092496, 0.000000, 
135.915576, 0.000000, 
136.989556, 0.000000, 
137.923286, 0.000000, 
138.963003, 0.000000, 
139.910471, 0.000000, 
140.941381, 0.000000, 
142.048148, 0.000000, 
143.026786, 0.000000, 
144.001465, 0.000000, 
144.939276, 0.000000, 
145.923199, 0.000000, 
147.037360, 0.000000, 
148.084854, 0.000000, 
148.992902, 0.000000, 
149.909918, 0.000000, 
150.954990, 0.000000, 
152.043785, 0.000000, 
152.939891, 0.000000, 
153.957035, 0.000000, 
154.984993, 0.000000, 
156.038606, 0.000000, 
157.061939, 0.000000, 
158.073176, 0.000000, 
158.933410, 0.000000, 
160.029718, 0.000000, 
161.068993, 0.000000, 
162.075453, 0.000000, 
162.903353, 0.000000, 
164.095784, 0.000000, 
165.059169, 0.000000, 
165.974267, 0.000000, 
166.955356, 0.000000, 
167.900130, 0.000000, 
168.942243, 0.000000, 
170.038031, 0.000000, 
170.950152, 0.000000, 
171.949136, 0.000000, 
172.923620, 0.000000, 
173.906790, 0.000000, 
174.951607, 0.000000, 
176.029095, 0.000000, 
177.054441, 0.000000, 
178.010207, 0.000000, 
179.034614, 0.000000, 
180.086901, 0.000000, 
180.918624, 0.000000, 
182.078985, 0.000000, 
183.075198, 0.000000, 
183.921615, 0.000000, 
184.927040, 0.000000, 
185.901973, 0.000000, 
186.950596, 0.000000, 
188.079154, 0.000000, 
189.038375, 0.000000, 
189.929058, 0.000000, 
191.015794, 0.000000, 
191.983035, 0.000000, 
193.040833, 0.000000, 
194.008551, 0.000000, 
195.009540, 0.000000, 
195.906720, 0.000000, 
197.069088, 0.000000, 
198.005967, 0.000000, 
199.048021, 0.000000, 
