-0.188419, 0.000000, 
1.146923, 0.000000, 
2.298889, 0.000000, 
3.179963, 0.000000, 
4.280247, 0.000000, 
5.160475, 0.000000, 
6.229050, 0.000000, 
7.261290, 0.000000, 
7.754411, 0.000000, 
9.193176, 0.000000, 
10.010519, 0.000000, 
11.014085, 0.000000, 
12.041461, 0.000000, 
13.205474, 0.000000, 
13.939472, 0.000000, 
15.038368, 0.000000, 
15.892977, 0.000000, 
16.971352, 0.000000, 
17.975244, 0.000000, 
19.062819, 0.000000, 
19.927035, 0.000000, 
21.155191, 0.000000, 
22.099895, 0.000000, 
22.745038, 0.000000, 
24.207068, 0.000000, 
24.786952, 0.000000, 
26.116305, 0.000000, 
26.771355, 0.000000, 
28.120630, 0.000000, 
28.733510, 0.000000, 
29.807844, 0.000000, 
31.125183, 0.000000, 
32.088944, 0.000000, 
32.913555, 0.000000, 
34.095224, 0.000000, 
34.817363, 0.000000, 
36.136911, 0.000000, 
37.063041, 0.000000, 
38.261198, 0.000000, 
39.256556, 0.000000, 
40.248706, 0.000000, 
41.071049, 0.000000, 
42.092281, 0.000000, 
42.934430, 0.000000, 
43.844122, 0.000000, 
45.270204, 0.000000, 
46.009056, 0.000000, 
47.018516, 0.000000, 
47.988798, 0.000000, 
48.844692, 0.000000, 
50.171283, 0.000000, 
51.073374, 0.000000, 
52.152874, 0.000000, 
52.950131, 0.000000, 
54.209390, 0.000000, 
54.715376, 0.000000, 
56.083366, 0.000000, 
56.815390, 0.000000, 
58.038068, 0.000000, 
58.924942, 0.000000, 
59.787135, 0.000000, 
60.758635, 0.000000, 
61.733634, 0.000000, 
62.709356, 0.000000, 
63.746448, 0.000000, 
65.032087, 0.000000, 
65.895420, 0.000000, 
67.240197, 0.000000, 
67.995403, 0.000000, 
68.704277, 0.000000, 
69.971879, 0.000000, 
70.943372, 0.000000, 
71.934756, 0.000000, 
73.015113, 0.000000, 
74.267997, 0.000000, 
75.093816, 0.000000, 
75.861099, 0.000000, 
77.199486, 0.000000, 
78.239606, 0.000000, 
78.819948, 0.000000, 
79.955048, 0.000000, 
81.046812, 0.000000, 
81.898921, 0.000000, 
82.991018, 0.000000, 
84.150755, 0.000000, 
84.869212, 0.000000, 
86.205549, 0.000000, 
87.177985, 0.000000, 
87.951446, 0.000000, 
89.104934, 0.000000, 
90.065725, 0.000000, 
91.144177, 0.000000, 
92.148934, 0.000000, 
93.060768, 0.000000, 
93.839553, 0.000000, 
95.162634, 0.000000, 
95.838202, 0.000000, 
97.073723, 0.000000, 
98.022024, 0.000000, 
98.703047, 0.000000, 
100.080239, 0.000000, 
100.792530, 0.000000, 
102.234629, 0.000000, 
102.796283, 0.000000, 
104.081666, 0.000000, 
104.792476, 0.000000, 
105.851634, 0.000000, 
106.714457, 0.000000, 
108.237621, 0.000000, 
109.252690, 0.000000, 
109.957870, 0.000000, 
111.213444, 0.000000, 
112.143518, 0.000000, 
112.711063, 0.000000, 
113.772749, 0.000000, 
114.852164, 0.000000, 
115.910910, 0.000000, 
117.166828, 0.000000, 
118.260914, 0.000000, 
118.853160, 0.000000, 
120.150694, 0.000000, 
120.760864, 0.000000, 
122.132940, 0.000000, 
123.111758, 0.000000, 
123.709984, 0.000000, 
124.938114, 0.000000, 
126.185338, 0.000000, 
126.868449, 0.000000, 
128.032532, 0.000000, 
129.280977, 0.000000, 
129.703945, 0.000000, 
130.958553, 0.000000, 
132.109005, 0.000000, 
132.701786, 0.000000, 
134.215305, 0.000000, 
135.224162, 0.000000, 
135.903498, 0.000000, 
137.229755, 0.000000, 
137.966164, 0.000000, 
138.747486, 0.000000, 
139.862644, 0.000000, 
141.262126, 0.000000, 
141.754146, 0.000000, 
143.222689, 0.000000, 
144.285729, 0.000000, 
145.049524, 0.000000, 
146.272455, 0.000000, 
146.797974, 0.000000, 
147.724581, 0.000000, 
148.850920, 0.000000, 
150.180985, 0.000000, 
150.724649, 0.000000, 
152.064295, 0.000000, 
152.803576, 0.000000, 
153.782794, 0.000000, 
155.270220, 0.000000, 
155.948288, 0.000000, 
156.909403, 0.000000, 
158.154417, 0.000000, 
158.748141, 0.000000, 
160.063052, 0.000000, 
161.035325, 0.000000, 
162.247341, 0.000000, 
163.094023, 0.000000, 
163.885881, 0.000000, 
164.737810, 0.000000, 
166.074927, 0.000000, 
167.169525, 0.000000, 
168.047419, 0.000000, 
169.283709, 0.000000, 
169.876022, 0.000000, 
170.882591, 0.000000, 
172.104891, 0.000000, 
173.249075, 0.000000, 
174.004497, 0.000000, 
174.940540, 0.000000, 
175.764657, 0.000000, 
176.994676, 0.000000, 
177.965097, 0.000000, 
179.025572, 0.000000, 
179.874973, 0.000000, 
181.031497, 0.000000, 
182.106824, 0.000000, 
183.036549, 0.000000, 
183.945396, 0.000000, 
185.149529, 0.000000, 
185.807601, 0.000000, 
186.779281, 0.000000, 
187.721278, 0.000000, 
188.899176, 0.000000, 
189.847246, 0.000000, 
190.802115, 0.000000, 
192.260315, 0.000000, 
193.131529, 0.000000, 
194.162155, 0.000000, 
195.292451, 0.000000, 
196.075770, 0.000000, 
197.063888, 0.000000, 
198.026351, 0.000000, 
198.819897, 0.000000, 
