0.048450, 0.000000, 
1.425594, 0.000000, 
1.547279, 0.000000, 
3.492442, 0.000000, 
4.442511, 0.000000, 
5.429568, 0.000000, 
5.853147, 0.000000, 
6.629897, 0.000000, 
8.283542, 0.000000, 
8.733853, 0.000000, 
9.694972, 0.000000, 
10.871807, 0.000000, 
11.855776, 0.000000, 
12.533029, 0.000000, 
13.875710, 0.000000, 
15.116542, 0.000000, 
16.230579, 0.000000, 
17.435114, 0.000000, 
18.001440, 0.000000, 
18.971713, 0.000000, 
19.814544, 0.000000, 
21.271118, 0.000000, 
21.614329, 0.000000, 
23.310412, 0.000000, 
24.462496, 0.000000, 
24.673891, 0.000000, 
25.564872, 0.000000, 
27.495122, 0.000000, 
27.795515, 0.000000, 
28.999203, 0.000000, 
29.671723, 0.000000, 
30.754222, 0.000000, 
32.476283, 0.000000, 
33.386627, 0.000000, 
34.362768, 0.000000, 
35.084010, 0.000000, 
35.856195, 0.000000, 
36.531211, 0.000000, 
38.321427, 0.000000, 
38.603727, 0.000000, 
40.012919, 0.000000, 
40.997209, 0.000000, 
42.114468, 0.000000, 
43.181684, 0.000000, 
43.708300, 0.000000, 
45.151319, 0.000000, 
46.211741, 0.000000, 
47.285991, 0.000000, 
48.453261, 0.000000, 
48.899203, 0.000000, 
49.580737, 0.000000, 
51.204159, 0.000000, 
51.680582, 0.000000, 
53.135954, 0.000000, 
54.490967, 0.000000, 
55.226775, 0.000000, 
56.476771, 0.000000, 
57.468750, 0.000000, 
57.873090, 0.000000, 
58.752943, 0.000000, 
59.856095, 0.000000, 
60.807535, 0.000000, 
61.907448, 0.000000, 
63.285041, 0.000000, 
63.852120, 0.000000, 
65.142352, 0.000000, 
65.862196, 0.000000, 
67.312986, 0.000000, 
68.272237, 0.000000, 
69.065270, 0.000000, 
70.447157, 0.000000, 
70.560410, 0.000000, 
72.436727, 0.000000, 
73.404187, 0.000000, 
73.984073, 0.000000, 
75.046754, 0.000000, 
76.064360, 0.000000, 
77.335103, 0.000000, 
78.314224, 0.000000, 
78.541058, 0.000000, 
80.322615, 0.000000, 
80.799783, 0.000000, 
81.620304, 0.000000, 
82.937761, 0.000000, 
83.784504, 0.000000, 
84.550919, 0.000000, 
85.901708, 0.000000, 
87.438394, 0.000000, 
87.531779, 0.000000, 
88.951909, 0.000000, 
89.804065, 0.000000, 
91.421178, 0.000000, 
91.986690, 0.000000, 
92.803801, 0.000000, 
94.311251, 0.000000, 
94.707411, 0.000000, 
96.422932, 0.000000, 
96.538948, 0.000000, 
97.761671, 0.000000, 
99.082679, 0.000000, 
100.416965, 0.000000, 
101.219681, 0.000000, 
102.091294, 0.000000, 
103.342013, 0.000000, 
103.718242, 0.000000, 
105.212888, 0.000000, 
106.285611, 0.000000, 
106.583535, 0.000000, 
108.418541, 0.000000, 
108.909941, 0.000000, 
109.963639, 0.000000, 
111.397836, 0.000000, 
111.652566, 0.000000, 
112.555377, 0.000000, 
113.782028, 0.000000, 
114.522798, 0.000000, 
115.606529, 0.000000, 
116.543163, 0.000000, 
118.340907, 0.000000, 
118.750918, 0.000000, 
120.250406, 0.000000, 
121.377799, 0.000000, 
122.251646, 0.000000, 
123.409395, 0.000000, 
124.246199, 0.000000, 
124.858161, 0.000000, 
125.995931, 0.000000, 
126.860820, 0.000000, 
128.081939, 0.000000, 
128.840990, 0.000000, 
130.242013, 0.000000, 
131.449939, 0.000000, 
132.102554, 0.000000, 
133.209571, 0.000000, 
134.381655, 0.000000, 
134.802954, 0.000000, 
136.023883, 0.000000, 
136.583066, 0.000000, 
137.977086, 0.000000, 
138.548648, 0.000000, 
140.133926, 0.000000, 
140.673558, 0.000000, 
141.798165, 0.000000, 
143.334094, 0.000000, 
143.672331, 0.000000, 
144.968726, 0.000000, 
145.838068, 0.000000, 
146.811440, 0.000000, 
148.457655, 0.000000, 
148.976529, 0.000000, 
150.130779, 0.000000, 
150.916111, 0.000000, 
151.708631, 0.000000, 
152.927188, 0.000000, 
154.091787, 0.000000, 
155.105244, 0.000000, 
156.057271, 0.000000, 
157.119207, 0.000000, 
158.030715, 0.000000, 
159.426284, 0.000000, 
159.581770, 0.000000, 
161.245639, 0.000000, 
161.717046, 0.000000, 
162.793764, 0.000000, 
164.211706, 0.000000, 
165.344195, 0.000000, 
165.750156, 0.000000, 
166.787775, 0.000000, 
168.050620, 0.000000, 
169.374075, 0.000000, 
170.119199, 0.000000, 
171.201854, 0.000000, 
171.578825, 0.000000, 
172.687751, 0.000000, 
174.344515, 0.000000, 
174.684567, 0.000000, 
176.333401, 0.000000, 
177.436689, 0.000000, 
178.064816, 0.000000, 
178.512463, 0.000000, 
179.835668, 0.000000, 
181.056016, 0.000000, 
181.746329, 0.000000, 
183.219576, 0.000000, 
183.929732, 0.000000, 
184.787189, 0.000000, 
185.511834, 0.000000, 
186.982413, 0.000000, 
187.819838, 0.000000, 
189.005310, 0.000000, 
190.122663, 0.000000, 
191.204733, 0.000000, 
192.431240, 0.000000, 
192.706660, 0.000000, 
193.603375, 0.000000, 
194.908095, 0.000000, 
196.313544, 0.000000, 
197.193763, 0.000000, 
198.314524, 0.000000, 
199.072716, 0.000000, 
