-0.163934, 0.000000, 
0.792874, 0.000000, 
2.056155, 0.000000, 
2.713978, 0.000000, 
4.043189, 0.000000, 
4.720633, 0.000000, 
5.784090, 0.000000, 
7.104250, 0.000000, 
8.228248, 0.000000, 
9.093760, 0.000000, 
9.815426, 0.000000, 
10.727952, 0.000000, 
11.781494, 0.000000, 
13.084446, 0.000000, 
13.790474, 0.000000, 
15.209899, 0.000000, 
16.189202, 0.000000, 
16.794150, 0.000000, 
17.954002, 0.000000, 
18.844203, 0.000000, 
19.925894, 0.000000, 
20.767252, 0.000000, 
22.183328, 0.000000, 
22.760913, 0.000000, 
24.011488, 0.000000, 
24.993525, 0.000000, 
26.030860, 0.000000, 
26.956398, 0.000000, 
28.080728, 0.000000, 
28.719498, 0.000000, 
30.143852, 0.000000, 
31.297569, 0.000000, 
31.719453, 0.000000, 
33.055428, 0.000000, 
34.281728, 0.000000, 
35.011869, 0.000000, 
36.200262, 0.000000, 
37.259951, 0.000000, 
37.799946, 0.000000, 
39.265598, 0.000000, 
40.141197, 0.000000, 
40.847560, 0.000000, 
42.041527, 0.000000, 
43.125295, 0.000000, 
43.781659, 0.000000, 
44.989234, 0.000000, 
46.205472, 0.000000, 
46.726639, 0.000000, 
48.271245, 0.000000, 
49.238004, 0.000000, 
50.183815, 0.000000, 
51.186962, 0.000000, 
52.168559, 0.000000, 
52.884965, 0.000000, 
53.818998, 0.000000, 
55.257019, 0.000000, 
55.968010, 0.000000, 
57.117973, 0.000000, 
58.233050, 0.000000, 
58.710009, 0.000000, 
59.707924, 0.000000, 
60.714689, 0.000000, 
62.281004, 0.000000, 
63.032701, 0.000000, 
64.064473, 0.000000, 
64.777622, 0.000000, 
66.134356, 0.000000, 
67.190106, 0.000000, 
67.729211, 0.000000, 
69.039548, 0.000000, 
70.165093, 0.000000, 
71.080297, 0.000000, 
71.782513, 0.000000, 
72.793772, 0.000000, 
74.118767, 0.000000, 
74.907543, 0.000000, 
75.788649, 0.000000, 
76.992362, 0.000000, 
77.925390, 0.000000, 
79.099625, 0.000000, 
80.167175, 0.000000, 
81.175466, 0.000000, 
81.896135, 0.000000, 
83.269313, 0.000000, 
84.185579, 0.000000, 
84.971043, 0.000000, 
86.195572, 0.000000, 
86.824628, 0.000000, 
88.070088, 0.000000, 
89.216705, 0.000000, 
90.006532, 0.000000, 
90.941666, 0.000000, 
92.117731, 0.000000, 
93.078218, 0.000000, 
93.728922, 0.000000, 
94.770071, 0.000000, 
95.931396, 0.000000, 
96.715448, 0.000000, 
97.749061, 0.000000, 
98.998226, 0.000000, 
100.068264, 0.000000, 
101.217152, 0.000000, 
102.082859, 0.000000, 
102.760864, 0.000000, 
104.105235, 0.000000, 
104.775511, 0.000000, 
105.747512, 0.000000, 
107.033159, 0.000000, 
107.843332, 0.000000, 
109.108175, 0.000000, 
109.859277, 0.000000, 
110.782722, 0.000000, 
112.246147, 0.000000, 
112.815106, 0.000000, 
114.062252, 0.000000, 
115.061245, 0.000000, 
115.966696, 0.000000, 
116.910791, 0.000000, 
117.918991, 0.000000, 
118.808803, 0.000000, 
119.846450, 0.000000, 
121.281863, 0.000000, 
122.298156, 0.000000, 
123.216739, 0.000000, 
123.724801, 0.000000, 
124.927556, 0.000000, 
125.865657, 0.000000, 
126.718143, 0.000000, 
128.181383, 0.000000, 
129.195727, 0.000000, 
129.748462, 0.000000, 
131.101378, 0.000000, 
131.765387, 0.000000, 
133.125919, 0.000000, 
133.724799, 0.000000, 
134.746346, 0.000000, 
136.100817, 0.000000, 
136.992733, 0.000000, 
138.052301, 0.000000, 
139.129924, 0.000000, 
140.109036, 0.000000, 
140.799677, 0.000000, 
142.065596, 0.000000, 
142.823258, 0.000000, 
144.160120, 0.000000, 
145.291312, 0.000000, 
145.798997, 0.000000, 
147.150705, 0.000000, 
147.851004, 0.000000, 
149.201463, 0.000000, 
150.160585, 0.000000, 
151.055751, 0.000000, 
151.819783, 0.000000, 
153.158201, 0.000000, 
154.285952, 0.000000, 
155.141652, 0.000000, 
156.247273, 0.000000, 
157.056640, 0.000000, 
157.836615, 0.000000, 
158.798117, 0.000000, 
159.753678, 0.000000, 
160.943195, 0.000000, 
162.031557, 0.000000, 
162.731393, 0.000000, 
164.019661, 0.000000, 
165.271659, 0.000000, 
165.874274, 0.000000, 
167.056711, 0.000000, 
168.000655, 0.000000, 
169.140913, 0.000000, 
169.767320, 0.000000, 
171.236536, 0.000000, 
172.035020, 0.000000, 
172.745603, 0.000000, 
174.255524, 0.000000, 
174.992364, 0.000000, 
176.214595, 0.000000, 
177.213401, 0.000000, 
178.170621, 0.000000, 
178.888935, 0.000000, 
179.807416, 0.000000, 
180.965628, 0.000000, 
181.863298, 0.000000, 
182.995439, 0.000000, 
184.263874, 0.000000, 
184.843827, 0.000000, 
185.834017, 0.000000, 
186.862483, 0.000000, 
187.823531, 0.000000, 
189.253065, 0.000000, 
189.803699, 0.000000, 
191.259732, 0.000000, 
192.038588, 0.000000, 
192.970776, 0.000000, 
193.744505, 0.000000, 
195.112188, 0.000000, 
196.155587, 0.000000, 
196.946786, 0.000000, 
197.805801, 0.000000, 
199.032032, 0.000000, 
