-0.202935, 0.000000, 
0.910409, 0.000000, 
1.953501, 0.000000, 
2.923572, 0.000000, 
3.967772, 0.000000, 
4.715661, 0.000000, 
5.988804, 0.000000, 
6.982936, 0.000000, 
7.812623, 0.000000, 
9.275046, 0.000000, 
10.177934, 0.000000, 
10.775774, 0.000000, 
12.035121, 0.000000, 
13.229370, 0.000000, 
14.236287, 0.000000, 
14.937708, 0.000000, 
16.034779, 0.000000, 
17.255249, 0.000000, 
17.985984, 0.000000, 
18.805295, 0.000000, 
19.981506, 0.000000, 
20.890077, 0.000000, 
22.056178, 0.000000, 
23.055267, 0.000000, 
24.206207, 0.000000, 
24.986158, 0.000000, 
26.260951, 0.000000, 
26.972202, 0.000000, 
27.806937, 0.000000, 
28.798472, 0.000000, 
30.266895, 0.000000, 
31.247389, 0.000000, 
32.233174, 0.000000, 
32.772891, 0.000000, 
33.737254, 0.000000, 
35.214237, 0.000000, 
36.217043, 0.000000, 
37.210286, 0.000000, 
38.140621, 0.000000, 
38.828009, 0.000000, 
40.074147, 0.000000, 
40.810063, 0.000000, 
41.712562, 0.000000, 
42.862411, 0.000000, 
44.002378, 0.000000, 
45.170469, 0.000000, 
45.941839, 0.000000, 
46.772405, 0.000000, 
47.965798, 0.000000, 
48.899574, 0.000000, 
50.065987, 0.000000, 
51.013704, 0.000000, 
51.750474, 0.000000, 
52.926559, 0.000000, 
53.724343, 0.000000, 
54.785998, 0.000000, 
55.765528, 0.000000, 
56.731717, 0.000000, 
58.230889, 0.000000, 
59.062797, 0.000000, 
59.918413, 0.000000, 
60.848540, 0.000000, 
61.846502, 0.000000, 
62.769740, 0.000000, 
63.757902, 0.000000, 
64.932596, 0.000000, 
65.792060, 0.000000, 
67.254492, 0.000000, 
67.841222, 0.000000, 
69.158423, 0.000000, 
70.099991, 0.000000, 
71.178812, 0.000000, 
71.804549, 0.000000, 
73.047146, 0.000000, 
73.801564, 0.000000, 
75.117392, 0.000000, 
76.030255, 0.000000, 
76.964423, 0.000000, 
78.020707, 0.000000, 
79.076387, 0.000000, 
80.191500, 0.000000, 
80.910852, 0.000000, 
81.767096, 0.000000, 
83.258263, 0.000000, 
84.022643, 0.000000, 
84.971148, 0.000000, 
86.240845, 0.000000, 
87.050452, 0.000000, 
88.068252, 0.000000, 
88.906286, 0.000000, 
90.020340, 0.000000, 
91.204315, 0.000000, 
92.018838, 0.000000, 
93.048875, 0.000000, 
94.231599, 0.000000, 
94.798667, 0.000000, 
95.815480, 0.000000, 
96.877994, 0.000000, 
97.899525, 0.000000, 
99.293829, 0.000000, 
99.868099, 0.000000, 
101.197801, 0.000000, 
101.878999, 0.000000, 
103.275225, 0.000000, 
103.952243, 0.000000, 
105.254898, 0.000000, 
105.930098, 0.000000, 
107.008730, 0.000000, 
107.708322, 0.000000, 
108.716678, 0.000000, 
109.859433, 0.000000, 
110.900795, 0.000000, 
111.718464, 0.000000, 
113.171055, 0.000000, 
113.839084, 0.000000, 
115.270680, 0.000000, 
116.122701, 0.000000, 
116.718794, 0.000000, 
117.962064, 0.000000, 
119.190382, 0.000000, 
120.115736, 0.000000, 
120.779738, 0.000000, 
121.792391, 0.000000, 
123.084655, 0.000000, 
124.039581, 0.000000, 
124.997258, 0.000000, 
125.799727, 0.000000, 
127.103575, 0.000000, 
128.165620, 0.000000, 
129.198318, 0.000000, 
130.104303, 0.000000, 
131.147665, 0.000000, 
131.824958, 0.000000, 
133.077046, 0.000000, 
134.294777, 0.000000, 
134.718736, 0.000000, 
135.932911, 0.000000, 
137.260479, 0.000000, 
137.969831, 0.000000, 
139.099640, 0.000000, 
140.071116, 0.000000, 
141.190530, 0.000000, 
142.116501, 0.000000, 
143.037474, 0.000000, 
144.110915, 0.000000, 
144.729404, 0.000000, 
146.114490, 0.000000, 
146.779202, 0.000000, 
148.162533, 0.000000, 
148.932296, 0.000000, 
149.806621, 0.000000, 
151.280058, 0.000000, 
151.979639, 0.000000, 
152.897869, 0.000000, 
153.895800, 0.000000, 
154.717976, 0.000000, 
156.201401, 0.000000, 
157.046258, 0.000000, 
157.856341, 0.000000, 
158.880606, 0.000000, 
159.900070, 0.000000, 
160.893911, 0.000000, 
161.857542, 0.000000, 
162.944578, 0.000000, 
163.758807, 0.000000, 
164.902867, 0.000000, 
166.211232, 0.000000, 
166.742786, 0.000000, 
168.061778, 0.000000, 
169.296509, 0.000000, 
169.824519, 0.000000, 
171.051181, 0.000000, 
172.030552, 0.000000, 
173.242049, 0.000000, 
174.231569, 0.000000, 
175.057175, 0.000000, 
176.196969, 0.000000, 
176.767845, 0.000000, 
177.849830, 0.000000, 
178.916854, 0.000000, 
179.765642, 0.000000, 
180.740499, 0.000000, 
182.079106, 0.000000, 
183.295121, 0.000000, 
184.204714, 0.000000, 
184.714753, 0.000000, 
185.713503, 0.000000, 
186.825148, 0.000000, 
187.926459, 0.000000, 
188.800271, 0.000000, 
189.793392, 0.000000, 
191.112597, 0.000000, 
191.704676, 0.000000, 
192.984209, 0.000000, 
193.838931, 0.000000, 
195.209274, 0.000000, 
196.277257, 0.000000, 
197.038729, 0.000000, 
197.851478, 0.000000, 
199.010105, 0.000000, 
