0.187066, 0.000000, 
0.891064, 0.000000, 
2.047261, 0.000000, 
3.245070, 0.000000, 
3.815208, 0.000000, 
5.168725, 0.000000, 
5.754571, 0.000000, 
6.747771, 0.000000, 
8.265638, 0.000000, 
9.206945, 0.000000, 
10.186872, 0.000000, 
10.978615, 0.000000, 
11.958599, 0.000000, 
13.173765, 0.000000, 
14.160713, 0.000000, 
15.194284, 0.000000, 
16.031576, 0.000000, 
17.229156, 0.000000, 
17.810224, 0.000000, 
18.986242, 0.000000, 
20.195185, 0.000000, 
21.116048, 0.000000, 
21.869163, 0.000000, 
22.741622, 0.000000, 
24.061480, 0.000000, 
24.792618, 0.000000, 
26.017153, 0.000000, 
27.056104, 0.000000, 
27.905767, 0.000000, 
29.086474, 0.000000, 
29.956715, 0.000000, 
30.828978, 0.000000, 
32.010899, 0.000000, 
32.915859, 0.000000, 
34.150433, 0.000000, 
34.999360, 0.000000, 
36.127735, 0.000000, 
37.183286, 0.000000, 
38.232626, 0.000000, 
38.908097, 0.000000, 
39.944736, 0.000000, 
41.206819, 0.000000, 
42.101395, 0.000000, 
42.814955, 0.000000, 
43.866404, 0.000000, 
45.284997, 0.000000, 
46.197064, 0.000000, 
47.167200, 0.000000, 
48.096374, 0.000000, 
48.734918, 0.000000, 
49.980058, 0.000000, 
50.789380, 0.000000, 
51.779527, 0.000000, 
53.089012, 0.000000, 
53.865884, 0.000000, 
54.788279, 0.000000, 
56.230558, 0.000000, 
56.983828, 0.000000, 
58.284018, 0.000000, 
58.721336, 0.000000, 
59.920810, 0.000000, 
60.856072, 0.000000, 
61.713446, 0.000000, 
62.967693, 0.000000, 
64.198051, 0.000000, 
65.187552, 0.000000, 
66.264098, 0.000000, 
66.927299, 0.000000, 
68.246675, 0.000000, 
69.002409, 0.000000, 
70.210209, 0.000000, 
71.065779, 0.000000, 
72.052558, 0.000000, 
72.846211, 0.000000, 
73.998180, 0.000000, 
75.283572, 0.000000, 
76.014451, 0.000000, 
76.933278, 0.000000, 
78.269013, 0.000000, 
79.162964, 0.000000, 
79.868116, 0.000000, 
81.068220, 0.000000, 
81.715409, 0.000000, 
82.815869, 0.000000, 
83.937048, 0.000000, 
84.900225, 0.000000, 
85.703477, 0.000000, 
86.849498, 0.000000, 
87.901949, 0.000000, 
88.765901, 0.000000, 
90.256979, 0.000000, 
91.288680, 0.000000, 
91.999949, 0.000000, 
93.204638, 0.000000, 
94.128425, 0.000000, 
94.923672, 0.000000, 
96.088826, 0.000000, 
97.003148, 0.000000, 
97.843002, 0.000000, 
99.233719, 0.000000, 
99.764542, 0.000000, 
100.921001, 0.000000, 
101.728441, 0.000000, 
102.735364, 0.000000, 
104.023530, 0.000000, 
104.899315, 0.000000, 
105.945810, 0.000000, 
106.894557, 0.000000, 
107.964721, 0.000000, 
109.137003, 0.000000, 
110.250283, 0.000000, 
110.704808, 0.000000, 
111.996715, 0.000000, 
112.813281, 0.000000, 
114.187643, 0.000000, 
114.828732, 0.000000, 
115.912879, 0.000000, 
116.964546, 0.000000, 
117.802733, 0.000000, 
119.066804, 0.000000, 
119.736375, 0.000000, 
121.136019, 0.000000, 
121.735626, 0.000000, 
123.156456, 0.000000, 
124.054753, 0.000000, 
125.002735, 0.000000, 
125.712761, 0.000000, 
126.714890, 0.000000, 
127.730518, 0.000000, 
128.750522, 0.000000, 
129.764360, 0.000000, 
131.269975, 0.000000, 
131.832904, 0.000000, 
132.938973, 0.000000, 
134.250668, 0.000000, 
134.918783, 0.000000, 
135.906986, 0.000000, 
137.280719, 0.000000, 
138.245518, 0.000000, 
138.820796, 0.000000, 
139.909678, 0.000000, 
140.907658, 0.000000, 
141.778475, 0.000000, 
142.732388, 0.000000, 
143.721475, 0.000000, 
145.086984, 0.000000, 
146.143410, 0.000000, 
146.810452, 0.000000, 
147.881563, 0.000000, 
149.083216, 0.000000, 
149.758787, 0.000000, 
150.707245, 0.000000, 
152.144734, 0.000000, 
152.906016, 0.000000, 
153.702042, 0.000000, 
155.191407, 0.000000, 
155.735863, 0.000000, 
157.140686, 0.000000, 
157.704328, 0.000000, 
158.802644, 0.000000, 
160.263318, 0.000000, 
160.802396, 0.000000, 
161.888387, 0.000000, 
162.925606, 0.000000, 
164.012388, 0.000000, 
165.258724, 0.000000, 
165.740315, 0.000000, 
167.157899, 0.000000, 
168.012498, 0.000000, 
168.989323, 0.000000, 
170.184977, 0.000000, 
171.281342, 0.000000, 
172.296614, 0.000000, 
173.155745, 0.000000, 
173.994134, 0.000000, 
174.723572, 0.000000, 
175.783205, 0.000000, 
176.936442, 0.000000, 
178.192197, 0.000000, 
178.794618, 0.000000, 
179.913952, 0.000000, 
180.984094, 0.000000, 
182.121240, 0.000000, 
183.127502, 0.000000, 
183.768896, 0.000000, 
184.779275, 0.000000, 
185.980141, 0.000000, 
187.054650, 0.000000, 
187.919565, 0.000000, 
188.794255, 0.000000, 
189.873888, 0.000000, 
190.854575, 0.000000, 
191.830691, 0.000000, 
192.752599, 0.000000, 
194.239082, 0.000000, 
195.029499, 0.000000, 
195.811407, 0.000000, 
196.764870, 0.000000, 
197.953589, 0.000000, 
198.758294, 0.000000, 
