0.216857, 0.000000, 
0.898509, 0.000000, 
2.279144, 0.000000, 
3.426993, 0.000000, 
3.853513, 0.000000, 
5.064120, 0.000000, 
6.297822, 0.000000, 
7.391082, 0.000000, 
8.305603, 0.000000, 
9.273727, 0.000000, 
9.589314, 0.000000, 
10.779913, 0.000000, 
12.241862, 0.000000, 
12.690353, 0.000000, 
13.770180, 0.000000, 
14.707709, 0.000000, 
16.297963, 0.000000, 
17.470718, 0.000000, 
18.337253, 0.000000, 
19.401177, 0.000000, 
20.118889, 0.000000, 
20.725932, 0.000000, 
21.852039, 0.000000, 
22.561663, 0.000000, 
24.118042, 0.000000, 
24.902623, 0.000000, 
26.387782, 0.000000, 
27.216287, 0.000000, 
27.925834, 0.000000, 
29.335396, 0.000000, 
29.984736, 0.000000, 
31.172671, 0.000000, 
32.152239, 0.000000, 
33.125703, 0.000000, 
34.240910, 0.000000, 
34.654092, 0.000000, 
36.385103, 0.000000, 
37.148778, 0.000000, 
38.436701, 0.000000, 
38.609700, 0.000000, 
39.772726, 0.000000, 
40.956888, 0.000000, 
42.209841, 0.000000, 
42.620318, 0.000000, 
43.534795, 0.000000, 
45.157414, 0.000000, 
46.339326, 0.000000, 
46.576620, 0.000000, 
47.549636, 0.000000, 
49.212871, 0.000000, 
50.091925, 0.000000, 
50.675871, 0.000000, 
52.014903, 0.000000, 
53.219916, 0.000000, 
54.169308, 0.000000, 
55.291657, 0.000000, 
55.660762, 0.000000, 
56.647676, 0.000000, 
57.909170, 0.000000, 
59.126284, 0.000000, 
60.417615, 0.000000, 
60.625337, 0.000000, 
61.506109, 0.000000, 
62.970137, 0.000000, 
64.499363, 0.000000, 
65.087481, 0.000000, 
66.478959, 0.000000, 
66.871998, 0.000000, 
68.078743, 0.000000, 
69.256654, 0.000000, 
70.338835, 0.000000, 
71.447610, 0.000000, 
72.477914, 0.000000, 
73.378584, 0.000000, 
73.539665, 0.000000, 
75.000085, 0.000000, 
76.428868, 0.000000, 
77.476216, 0.000000, 
77.532130, 0.000000, 
79.098248, 0.000000, 
80.133719, 0.000000, 
81.425059, 0.000000, 
82.008129, 0.000000, 
83.051601, 0.000000, 
84.028913, 0.000000, 
85.284496, 0.000000, 
86.310046, 0.000000, 
87.079062, 0.000000, 
88.388781, 0.000000, 
89.267233, 0.000000, 
90.041654, 0.000000, 
91.341617, 0.000000, 
92.407015, 0.000000, 
92.840776, 0.000000, 
94.155444, 0.000000, 
95.347761, 0.000000, 
95.797835, 0.000000, 
96.719756, 0.000000, 
97.698814, 0.000000, 
98.924314, 0.000000, 
100.279082, 0.000000, 
100.821851, 0.000000, 
101.938919, 0.000000, 
103.205714, 0.000000, 
104.022803, 0.000000, 
105.019990, 0.000000, 
106.393159, 0.000000, 
106.668375, 0.000000, 
108.221746, 0.000000, 
108.576978, 0.000000, 
110.370529, 0.000000, 
111.055006, 0.000000, 
111.671969, 0.000000, 
113.167475, 0.000000, 
114.071781, 0.000000, 
115.498991, 0.000000, 
116.105299, 0.000000, 
117.401798, 0.000000, 
117.707561, 0.000000, 
118.849601, 0.000000, 
120.211093, 0.000000, 
120.505949, 0.000000, 
122.477894, 0.000000, 
122.862458, 0.000000, 
124.328602, 0.000000, 
125.410391, 0.000000, 
125.616081, 0.000000, 
126.890940, 0.000000, 
128.196904, 0.000000, 
128.909635, 0.000000, 
129.763403, 0.000000, 
130.650046, 0.000000, 
131.843596, 0.000000, 
133.014530, 0.000000, 
134.130915, 0.000000, 
134.955391, 0.000000, 
135.622275, 0.000000, 
136.834436, 0.000000, 
137.658173, 0.000000, 
138.619255, 0.000000, 
140.491701, 0.000000, 
141.206655, 0.000000, 
141.810845, 0.000000, 
142.710292, 0.000000, 
144.007110, 0.000000, 
144.878737, 0.000000, 
146.321091, 0.000000, 
147.093351, 0.000000, 
148.172206, 0.000000, 
148.546133, 0.000000, 
150.309598, 0.000000, 
150.818230, 0.000000, 
152.048364, 0.000000, 
152.950852, 0.000000, 
153.829064, 0.000000, 
155.346637, 0.000000, 
155.643379, 0.000000, 
157.165836, 0.000000, 
158.048586, 0.000000, 
159.177440, 0.000000, 
160.232952, 0.000000, 
161.067726, 0.000000, 
162.137115, 0.000000, 
162.587287, 0.000000, 
164.102298, 0.000000, 
165.386635, 0.000000, 
165.803352, 0.000000, 
167.118977, 0.000000, 
167.643041, 0.000000, 
168.642863, 0.000000, 
169.720912, 0.000000, 
171.187199, 0.000000, 
172.415935, 0.000000, 
172.910009, 0.000000, 
174.121377, 0.000000, 
175.416903, 0.000000, 
176.156388, 0.000000, 
177.450350, 0.000000, 
177.964664, 0.000000, 
179.267014, 0.000000, 
180.078847, 0.000000, 
180.557919, 0.000000, 
181.975712, 0.000000, 
183.045417, 0.000000, 
184.110123, 0.000000, 
184.524487, 0.000000, 
185.611546, 0.000000, 
186.522994, 0.000000, 
188.490158, 0.000000, 
188.527329, 0.000000, 
189.681643, 0.000000, 
191.233694, 0.000000, 
191.593001, 0.000000, 
192.876944, 0.000000, 
193.733328, 0.000000, 
194.928075, 0.000000, 
196.106849, 0.000000, 
197.259356, 0.000000, 
198.253515, 0.000000, 
199.279063, 0.000000, 
