-0.051896, 0.000000, 
1.369131, 0.000000, 
2.379689, 0.000000, 
2.856403, 0.000000, 
3.897277, 0.000000, 
5.287426, 0.000000, 
5.821236, 0.000000, 
6.847144, 0.000000, 
7.744743, 0.000000, 
8.746871, 0.000000, 
9.819388, 0.000000, 
10.836797, 0.000000, 
12.075422, 0.000000, 
12.763736, 0.000000, 
13.786491, 0.000000, 
15.180135, 0.000000, 
15.718723, 0.000000, 
16.711737, 0.000000, 
18.190079, 0.000000, 
18.880963, 0.000000, 
19.933895, 0.000000, 
20.752018, 0.000000, 
21.908977, 0.000000, 
22.839010, 0.000000, 
23.624357, 0.000000, 
24.719267, 0.000000, 
26.034913, 0.000000, 
27.028612, 0.000000, 
27.842655, 0.000000, 
28.616551, 0.000000, 
30.256926, 0.000000, 
31.352713, 0.000000, 
31.899472, 0.000000, 
33.231290, 0.000000, 
33.790856, 0.000000, 
34.671566, 0.000000, 
36.175645, 0.000000, 
37.247572, 0.000000, 
38.368528, 0.000000, 
38.680200, 0.000000, 
39.942837, 0.000000, 
41.231437, 0.000000, 
42.223236, 0.000000, 
43.182452, 0.000000, 
44.337304, 0.000000, 
44.876428, 0.000000, 
46.049959, 0.000000, 
46.640367, 0.000000, 
48.239230, 0.000000, 
49.312185, 0.000000, 
49.961756, 0.000000, 
50.827836, 0.000000, 
51.822181, 0.000000, 
52.960055, 0.000000, 
53.730437, 0.000000, 
54.927697, 0.000000, 
55.858877, 0.000000, 
56.815788, 0.000000, 
58.071763, 0.000000, 
59.042170, 0.000000, 
59.765616, 0.000000, 
60.985094, 0.000000, 
61.727437, 0.000000, 
63.304637, 0.000000, 
64.153231, 0.000000, 
64.689201, 0.000000, 
65.813444, 0.000000, 
66.964420, 0.000000, 
68.121538, 0.000000, 
69.131524, 0.000000, 
70.140043, 0.000000, 
70.861897, 0.000000, 
72.204144, 0.000000, 
73.381169, 0.000000, 
73.778566, 0.000000, 
75.168700, 0.000000, 
75.923000, 0.000000, 
77.293578, 0.000000, 
77.777255, 0.000000, 
79.092122, 0.000000, 
79.615907, 0.000000, 
80.692697, 0.000000, 
82.264420, 0.000000, 
83.164771, 0.000000, 
84.355801, 0.000000, 
84.947742, 0.000000, 
85.880361, 0.000000, 
86.854598, 0.000000, 
87.828189, 0.000000, 
88.714249, 0.000000, 
90.244229, 0.000000, 
90.630805, 0.000000, 
92.139279, 0.000000, 
93.391810, 0.000000, 
93.613888, 0.000000, 
95.136755, 0.000000, 
95.988669, 0.000000, 
97.391884, 0.000000, 
97.965341, 0.000000, 
99.127656, 0.000000, 
100.286837, 0.000000, 
101.194845, 0.000000, 
102.179913, 0.000000, 
103.008554, 0.000000, 
104.313347, 0.000000, 
105.093173, 0.000000, 
105.858752, 0.000000, 
107.256365, 0.000000, 
107.978877, 0.000000, 
108.639106, 0.000000, 
109.920109, 0.000000, 
110.829169, 0.000000, 
112.110912, 0.000000, 
113.010342, 0.000000, 
114.103985, 0.000000, 
114.977437, 0.000000, 
116.339999, 0.000000, 
117.329828, 0.000000, 
118.074417, 0.000000, 
119.130393, 0.000000, 
119.758586, 0.000000, 
121.051722, 0.000000, 
121.858394, 0.000000, 
123.070922, 0.000000, 
124.125097, 0.000000, 
125.285488, 0.000000, 
126.207224, 0.000000, 
126.647113, 0.000000, 
127.722684, 0.000000, 
128.664409, 0.000000, 
129.788941, 0.000000, 
131.297711, 0.000000, 
131.779151, 0.000000, 
132.881454, 0.000000, 
134.223755, 0.000000, 
134.751246, 0.000000, 
136.092700, 0.000000, 
137.085744, 0.000000, 
138.206955, 0.000000, 
139.305128, 0.000000, 
139.680030, 0.000000, 
141.136759, 0.000000, 
141.947129, 0.000000, 
143.084428, 0.000000, 
144.360145, 0.000000, 
145.397751, 0.000000, 
146.016166, 0.000000, 
146.834385, 0.000000, 
148.385682, 0.000000, 
149.240307, 0.000000, 
149.944122, 0.000000, 
150.734459, 0.000000, 
152.371173, 0.000000, 
153.314501, 0.000000, 
154.351423, 0.000000, 
154.622133, 0.000000, 
156.344002, 0.000000, 
157.067083, 0.000000, 
157.686382, 0.000000, 
159.059589, 0.000000, 
160.003513, 0.000000, 
160.731949, 0.000000, 
161.761223, 0.000000, 
163.181070, 0.000000, 
164.098697, 0.000000, 
165.167072, 0.000000, 
166.165941, 0.000000, 
167.188443, 0.000000, 
168.215402, 0.000000, 
168.725668, 0.000000, 
170.203490, 0.000000, 
170.752298, 0.000000, 
171.908399, 0.000000, 
173.190255, 0.000000, 
174.311621, 0.000000, 
174.631600, 0.000000, 
175.891958, 0.000000, 
177.062640, 0.000000, 
178.013157, 0.000000, 
178.639397, 0.000000, 
180.175647, 0.000000, 
181.276628, 0.000000, 
182.139119, 0.000000, 
183.263841, 0.000000, 
184.137367, 0.000000, 
185.346717, 0.000000, 
186.131423, 0.000000, 
186.645320, 0.000000, 
188.203480, 0.000000, 
188.775179, 0.000000, 
189.859895, 0.000000, 
190.805489, 0.000000, 
191.943577, 0.000000, 
193.239179, 0.000000, 
193.603386, 0.000000, 
194.998950, 0.000000, 
195.977373, 0.000000, 
196.673468, 0.000000, 
197.815937, 0.000000, 
198.818118, 0.000000, 
