0.136803, 0.000000, 
0.755839, 0.000000, 
2.257253, 0.000000, 
3.080675, 0.000000, 
3.724151, 0.000000, 
4.990294, 0.000000, 
6.253858, 0.000000, 
7.064680, 0.000000, 
7.766793, 0.000000, 
8.785861, 0.000000, 
9.780565, 0.000000, 
10.809219, 0.000000, 
11.859293, 0.000000, 
13.278008, 0.000000, 
14.099052, 0.000000, 
14.916732, 0.000000, 
16.105057, 0.000000, 
16.852098, 0.000000, 
17.801224, 0.000000, 
18.797642, 0.000000, 
19.865896, 0.000000, 
21.286227, 0.000000, 
22.195121, 0.000000, 
22.901604, 0.000000, 
24.223988, 0.000000, 
25.147517, 0.000000, 
25.760530, 0.000000, 
26.737850, 0.000000, 
27.810027, 0.000000, 
29.142137, 0.000000, 
29.789307, 0.000000, 
30.844051, 0.000000, 
32.272283, 0.000000, 
32.894147, 0.000000, 
33.942570, 0.000000, 
35.033007, 0.000000, 
35.901787, 0.000000, 
37.199373, 0.000000, 
38.195655, 0.000000, 
39.009206, 0.000000, 
40.044244, 0.000000, 
40.728925, 0.000000, 
42.131688, 0.000000, 
42.754688, 0.000000, 
44.011351, 0.000000, 
45.200392, 0.000000, 
45.830229, 0.000000, 
46.927320, 0.000000, 
47.932889, 0.000000, 
49.027627, 0.000000, 
50.080042, 0.000000, 
51.078533, 0.000000, 
52.016626, 0.000000, 
52.939662, 0.000000, 
53.749352, 0.000000, 
55.183131, 0.000000, 
56.241142, 0.000000, 
56.910812, 0.000000, 
57.914529, 0.000000, 
59.144469, 0.000000, 
60.299420, 0.000000, 
61.282709, 0.000000, 
62.291084, 0.000000, 
62.923460, 0.000000, 
63.924651, 0.000000, 
65.058704, 0.000000, 
66.092200, 0.000000, 
67.294925, 0.000000, 
68.092863, 0.000000, 
69.288349, 0.000000, 
69.746540, 0.000000, 
71.114893, 0.000000, 
72.074035, 0.000000, 
72.880877, 0.000000, 
74.160244, 0.000000, 
75.027868, 0.000000, 
75.880857, 0.000000, 
77.299603, 0.000000, 
78.070998, 0.000000, 
78.913479, 0.000000, 
79.981268, 0.000000, 
80.965951, 0.000000, 
82.004122, 0.000000, 
83.243026, 0.000000, 
84.002847, 0.000000, 
84.914871, 0.000000, 
85.908150, 0.000000, 
86.978061, 0.000000, 
88.195257, 0.000000, 
89.165792, 0.000000, 
89.725225, 0.000000, 
90.904670, 0.000000, 
92.019483, 0.000000, 
93.019191, 0.000000, 
94.250360, 0.000000, 
94.906186, 0.000000, 
96.152399, 0.000000, 
96.848393, 0.000000, 
97.867917, 0.000000, 
99.169441, 0.000000, 
99.924925, 0.000000, 
101.225639, 0.000000, 
102.079478, 0.000000, 
103.298667, 0.000000, 
104.109227, 0.000000, 
104.980180, 0.000000, 
105.862081, 0.000000, 
107.059497, 0.000000, 
108.250751, 0.000000, 
109.102959, 0.000000, 
109.727949, 0.000000, 
110.915481, 0.000000, 
112.167259, 0.000000, 
113.084017, 0.000000, 
113.793399, 0.000000, 
115.186001, 0.000000, 
115.852375, 0.000000, 
117.046564, 0.000000, 
118.144939, 0.000000, 
118.864686, 0.000000, 
120.268646, 0.000000, 
120.906829, 0.000000, 
122.098528, 0.000000, 
123.243749, 0.000000, 
124.102597, 0.000000, 
125.151490, 0.000000, 
125.983989, 0.000000, 
126.718418, 0.000000, 
128.105118, 0.000000, 
128.967977, 0.000000, 
129.718609, 0.000000, 
130.928085, 0.000000, 
131.891602, 0.000000, 
132.981735, 0.000000, 
134.059153, 0.000000, 
135.138937, 0.000000, 
136.125205, 0.000000, 
136.797378, 0.000000, 
137.767309, 0.000000, 
138.939529, 0.000000, 
139.802475, 0.000000, 
141.085110, 0.000000, 
141.727365, 0.000000, 
143.073699, 0.000000, 
144.036278, 0.000000, 
144.770623, 0.000000, 
146.230178, 0.000000, 
146.869676, 0.000000, 
148.255915, 0.000000, 
149.068501, 0.000000, 
149.994515, 0.000000, 
151.168413, 0.000000, 
151.949107, 0.000000, 
152.873402, 0.000000, 
153.826020, 0.000000, 
155.299927, 0.000000, 
156.182967, 0.000000, 
157.260037, 0.000000, 
158.043961, 0.000000, 
158.967882, 0.000000, 
159.982584, 0.000000, 
160.828306, 0.000000, 
162.110512, 0.000000, 
162.753366, 0.000000, 
163.898838, 0.000000, 
164.837690, 0.000000, 
165.873088, 0.000000, 
167.068380, 0.000000, 
167.758477, 0.000000, 
169.285510, 0.000000, 
169.932596, 0.000000, 
170.899641, 0.000000, 
171.926534, 0.000000, 
172.812158, 0.000000, 
173.727872, 0.000000, 
174.921732, 0.000000, 
176.110884, 0.000000, 
176.926563, 0.000000, 
178.067780, 0.000000, 
178.960087, 0.000000, 
179.720826, 0.000000, 
181.067893, 0.000000, 
182.124647, 0.000000, 
183.079799, 0.000000, 
183.831490, 0.000000, 
185.140346, 0.000000, 
186.029271, 0.000000, 
187.287855, 0.000000, 
187.885467, 0.000000, 
188.798195, 0.000000, 
190.018385, 0.000000, 
191.245644, 0.000000, 
192.103643, 0.000000, 
192.997714, 0.000000, 
194.248937, 0.000000, 
195.282879, 0.000000, 
196.277141, 0.000000, 
197.265629, 0.000000, 
198.297212, 0.000000, 
199.176801, 0.000000, 
