-0.116128, 0.000000, 
1.076803, 0.000000, 
2.027505, 0.000000, 
2.861869, 0.000000, 
4.002722, 0.000000, 
5.187302, 0.000000, 
6.128827, 0.000000, 
6.874179, 0.000000, 
7.801545, 0.000000, 
8.934106, 0.000000, 
10.117472, 0.000000, 
11.094701, 0.000000, 
12.119559, 0.000000, 
12.857940, 0.000000, 
14.036567, 0.000000, 
15.002583, 0.000000, 
15.845872, 0.000000, 
17.156052, 0.000000, 
17.865429, 0.000000, 
19.152218, 0.000000, 
20.060489, 0.000000, 
20.880699, 0.000000, 
21.956475, 0.000000, 
22.830641, 0.000000, 
24.121806, 0.000000, 
25.077419, 0.000000, 
26.099601, 0.000000, 
27.070211, 0.000000, 
27.925109, 0.000000, 
29.058968, 0.000000, 
30.015520, 0.000000, 
31.012735, 0.000000, 
32.084360, 0.000000, 
33.050159, 0.000000, 
33.904471, 0.000000, 
35.100347, 0.000000, 
35.971623, 0.000000, 
37.024393, 0.000000, 
38.106306, 0.000000, 
39.115546, 0.000000, 
40.106636, 0.000000, 
40.876901, 0.000000, 
42.025086, 0.000000, 
43.033975, 0.000000, 
44.143353, 0.000000, 
45.070274, 0.000000, 
46.154156, 0.000000, 
46.971138, 0.000000, 
48.198817, 0.000000, 
48.895492, 0.000000, 
50.192985, 0.000000, 
50.916699, 0.000000, 
52.053734, 0.000000, 
52.960597, 0.000000, 
54.133586, 0.000000, 
55.156557, 0.000000, 
55.842477, 0.000000, 
57.133350, 0.000000, 
58.042514, 0.000000, 
59.154555, 0.000000, 
60.095655, 0.000000, 
61.186045, 0.000000, 
62.076656, 0.000000, 
63.065802, 0.000000, 
64.171228, 0.000000, 
64.807748, 0.000000, 
66.152015, 0.000000, 
67.076955, 0.000000, 
68.072167, 0.000000, 
69.023287, 0.000000, 
69.947151, 0.000000, 
71.031197, 0.000000, 
71.856307, 0.000000, 
72.908062, 0.000000, 
74.088450, 0.000000, 
74.902234, 0.000000, 
75.915464, 0.000000, 
76.853554, 0.000000, 
78.121496, 0.000000, 
78.895121, 0.000000, 
80.160353, 0.000000, 
81.005561, 0.000000, 
81.939433, 0.000000, 
83.104688, 0.000000, 
83.967524, 0.000000, 
84.801816, 0.000000, 
85.806967, 0.000000, 
87.043788, 0.000000, 
87.984195, 0.000000, 
89.182794, 0.000000, 
90.034545, 0.000000, 
90.823221, 0.000000, 
92.056571, 0.000000, 
93.119532, 0.000000, 
94.029537, 0.000000, 
95.056574, 0.000000, 
95.904702, 0.000000, 
97.031512, 0.000000, 
98.038000, 0.000000, 
99.021852, 0.000000, 
99.899592, 0.000000, 
100.916739, 0.000000, 
102.121185, 0.000000, 
102.967215, 0.000000, 
103.993950, 0.000000, 
105.173936, 0.000000, 
105.819897, 0.000000, 
106.841274, 0.000000, 
108.127472, 0.000000, 
108.840761, 0.000000, 
110.002762, 0.000000, 
110.934910, 0.000000, 
111.897069, 0.000000, 
112.890955, 0.000000, 
114.030551, 0.000000, 
115.165064, 0.000000, 
116.118711, 0.000000, 
117.034480, 0.000000, 
117.822979, 0.000000, 
118.925198, 0.000000, 
119.837162, 0.000000, 
121.106978, 0.000000, 
122.105860, 0.000000, 
122.947094, 0.000000, 
124.109009, 0.000000, 
125.037922, 0.000000, 
125.855897, 0.000000, 
127.084863, 0.000000, 
128.048771, 0.000000, 
128.996585, 0.000000, 
130.153458, 0.000000, 
130.842915, 0.000000, 
131.882555, 0.000000, 
133.185124, 0.000000, 
134.048394, 0.000000, 
134.849584, 0.000000, 
135.976590, 0.000000, 
136.849335, 0.000000, 
138.049104, 0.000000, 
139.025104, 0.000000, 
139.953877, 0.000000, 
141.020255, 0.000000, 
142.181479, 0.000000, 
143.178291, 0.000000, 
143.970997, 0.000000, 
145.148692, 0.000000, 
145.896493, 0.000000, 
146.907937, 0.000000, 
147.983740, 0.000000, 
149.179121, 0.000000, 
150.182297, 0.000000, 
151.055885, 0.000000, 
152.052045, 0.000000, 
153.152811, 0.000000, 
154.052501, 0.000000, 
154.954023, 0.000000, 
155.876723, 0.000000, 
157.075306, 0.000000, 
158.062083, 0.000000, 
159.136892, 0.000000, 
160.065936, 0.000000, 
161.089541, 0.000000, 
161.979703, 0.000000, 
163.023886, 0.000000, 
164.066437, 0.000000, 
165.144506, 0.000000, 
165.864964, 0.000000, 
167.065175, 0.000000, 
168.049205, 0.000000, 
168.862760, 0.000000, 
170.018160, 0.000000, 
170.833140, 0.000000, 
171.880509, 0.000000, 
172.861824, 0.000000, 
173.922187, 0.000000, 
174.823766, 0.000000, 
175.930778, 0.000000, 
177.034931, 0.000000, 
177.878474, 0.000000, 
179.132668, 0.000000, 
179.954337, 0.000000, 
181.066299, 0.000000, 
182.066833, 0.000000, 
183.039547, 0.000000, 
183.830140, 0.000000, 
184.812385, 0.000000, 
185.975381, 0.000000, 
186.820294, 0.000000, 
187.900865, 0.000000, 
188.904294, 0.000000, 
189.961546, 0.000000, 
190.950218, 0.000000, 
192.017622, 0.000000, 
193.088928, 0.000000, 
193.972051, 0.000000, 
194.916491, 0.000000, 
196.086385, 0.000000, 
196.973070, 0.000000, 
197.846092, 0.000000, 
198.935248, 0.000000, 
