-0.084860, 0.000000, 
1.190557, 0.000000, 
2.278321, 0.000000, 
3.285422, 0.000000, 
3.657279, 0.000000, 
5.006068, 0.000000, 
6.055194, 0.000000, 
6.507238, 0.000000, 
7.842600, 0.000000, 
9.359220, 0.000000, 
9.636132, 0.000000, 
10.809744, 0.000000, 
11.718756, 0.000000, 
12.545688, 0.000000, 
13.713330, 0.000000, 
14.906124, 0.000000, 
15.803830, 0.000000, 
17.494774, 0.000000, 
18.477903, 0.000000, 
19.280012, 0.000000, 
20.265446, 0.000000, 
20.518684, 0.000000, 
21.521614, 0.000000, 
22.980148, 0.000000, 
24.458973, 0.000000, 
24.710659, 0.000000, 
25.913330, 0.000000, 
27.125642, 0.000000, 
27.763678, 0.000000, 
28.826908, 0.000000, 
30.471111, 0.000000, 
30.717596, 0.000000, 
31.940494, 0.000000, 
33.000785, 0.000000, 
34.265935, 0.000000, 
35.193467, 0.000000, 
35.907589, 0.000000, 
37.205799, 0.000000, 
38.125699, 0.000000, 
38.961947, 0.000000, 
40.016983, 0.000000, 
41.237375, 0.000000, 
41.825632, 0.000000, 
43.427198, 0.000000, 
43.723590, 0.000000, 
44.888838, 0.000000, 
45.681044, 0.000000, 
46.843459, 0.000000, 
47.782751, 0.000000, 
48.640082, 0.000000, 
49.909862, 0.000000, 
51.479914, 0.000000, 
51.943264, 0.000000, 
52.539247, 0.000000, 
53.669677, 0.000000, 
55.451077, 0.000000, 
55.743280, 0.000000, 
57.086210, 0.000000, 
57.688971, 0.000000, 
58.651010, 0.000000, 
60.108970, 0.000000, 
61.036860, 0.000000, 
61.866578, 0.000000, 
62.552108, 0.000000, 
64.273141, 0.000000, 
65.458580, 0.000000, 
65.513586, 0.000000, 
66.613685, 0.000000, 
67.537751, 0.000000, 
69.168507, 0.000000, 
70.106617, 0.000000, 
70.727896, 0.000000, 
72.237610, 0.000000, 
73.104016, 0.000000, 
73.908069, 0.000000, 
75.341071, 0.000000, 
76.166822, 0.000000, 
77.148556, 0.000000, 
77.927964, 0.000000, 
79.401921, 0.000000, 
79.937575, 0.000000, 
81.245968, 0.000000, 
82.059779, 0.000000, 
82.938718, 0.000000, 
83.861791, 0.000000, 
85.309323, 0.000000, 
86.476605, 0.000000, 
86.601872, 0.000000, 
88.074474, 0.000000, 
88.708682, 0.000000, 
89.771937, 0.000000, 
90.943638, 0.000000, 
91.741665, 0.000000, 
93.082241, 0.000000, 
93.718764, 0.000000, 
94.813571, 0.000000, 
96.356785, 0.000000, 
96.834769, 0.000000, 
98.279847, 0.000000, 
98.528485, 0.000000, 
99.573445, 0.000000, 
100.809059, 0.000000, 
101.756906, 0.000000, 
103.218970, 0.000000, 
103.897897, 0.000000, 
105.028253, 0.000000, 
105.733470, 0.000000, 
106.550943, 0.000000, 
107.668459, 0.000000, 
108.891529, 0.000000, 
109.656676, 0.000000, 
110.541254, 0.000000, 
111.670996, 0.000000, 
112.572191, 0.000000, 
113.573343, 0.000000, 
115.243525, 0.000000, 
116.227178, 0.000000, 
117.264167, 0.000000, 
117.715249, 0.000000, 
118.575682, 0.000000, 
119.946893, 0.000000, 
121.401043, 0.000000, 
121.875339, 0.000000, 
123.113290, 0.000000, 
124.075594, 0.000000, 
124.547276, 0.000000, 
126.211517, 0.000000, 
126.785101, 0.000000, 
128.326687, 0.000000, 
128.884663, 0.000000, 
130.451168, 0.000000, 
130.730999, 0.000000, 
131.664713, 0.000000, 
133.203961, 0.000000, 
133.503543, 0.000000, 
135.371581, 0.000000, 
136.088532, 0.000000, 
137.192722, 0.000000, 
138.110641, 0.000000, 
139.018908, 0.000000, 
140.437123, 0.000000, 
141.484700, 0.000000, 
141.663954, 0.000000, 
142.502144, 0.000000, 
143.893270, 0.000000, 
144.634998, 0.000000, 
145.842836, 0.000000, 
147.480777, 0.000000, 
147.870564, 0.000000, 
148.938801, 0.000000, 
150.010772, 0.000000, 
151.320361, 0.000000, 
152.173604, 0.000000, 
153.268982, 0.000000, 
154.088805, 0.000000, 
155.393239, 0.000000, 
156.345938, 0.000000, 
156.764152, 0.000000, 
158.420107, 0.000000, 
158.510258, 0.000000, 
160.262455, 0.000000, 
161.168979, 0.000000, 
162.029366, 0.000000, 
163.277827, 0.000000, 
163.845164, 0.000000, 
164.639975, 0.000000, 
165.785154, 0.000000, 
166.656655, 0.000000, 
167.965755, 0.000000, 
168.775736, 0.000000, 
169.858324, 0.000000, 
170.625404, 0.000000, 
172.413981, 0.000000, 
173.493785, 0.000000, 
174.128022, 0.000000, 
175.288404, 0.000000, 
175.789176, 0.000000, 
176.583044, 0.000000, 
177.960559, 0.000000, 
179.091426, 0.000000, 
179.998142, 0.000000, 
181.133646, 0.000000, 
182.218380, 0.000000, 
182.916030, 0.000000, 
183.562995, 0.000000, 
185.192762, 0.000000, 
186.373606, 0.000000, 
187.133265, 0.000000, 
188.291287, 0.000000, 
188.517138, 0.000000, 
190.155317, 0.000000, 
190.834169, 0.000000, 
191.595601, 0.000000, 
193.301204, 0.000000, 
193.627327, 0.000000, 
195.152902, 0.000000, 
196.405214, 0.000000, 
196.662781, 0.000000, 
197.534644, 0.000000, 
199.031980, 0.000000, 
