-0.030604, 0.000000, 
0.986907, 0.000000, 
1.991075, 0.000000, 
2.958250, 0.000000, 
4.022236, 0.000000, 
5.072876, 0.000000, 
5.979992, 0.000000, 
7.036195, 0.000000, 
8.071218, 0.000000, 
8.939597, 0.000000, 
10.013464, 0.000000, 
11.061374, 0.000000, 
12.036831, 0.000000, 
12.945001, 0.000000, 
14.072071, 0.000000, 
15.029370, 0.000000, 
16.068335, 0.000000, 
16.966018, 0.000000, 
17.957869, 0.000000, 
19.002992, 0.000000, 
20.048156, 0.000000, 
21.061556, 0.000000, 
21.982661, 0.000000, 
23.014822, 0.000000, 
24.046206, 0.000000, 
24.967406, 0.000000, 
25.936044, 0.000000, 
26.940632, 0.000000, 
28.095732, 0.000000, 
29.005070, 0.000000, 
30.057535, 0.000000, 
30.945147, 0.000000, 
31.987733, 0.000000, 
33.010663, 0.000000, 
34.085009, 0.000000, 
35.027519, 0.000000, 
36.089665, 0.000000, 
37.007847, 0.000000, 
38.085600, 0.000000, 
39.027223, 0.000000, 
39.920297, 0.000000, 
41.073483, 0.000000, 
41.957940, 0.000000, 
43.004577, 0.000000, 
44.050672, 0.000000, 
45.015930, 0.000000, 
45.967864, 0.000000, 
46.912267, 0.000000, 
48.020994, 0.000000, 
48.926524, 0.000000, 
50.076148, 0.000000, 
50.997597, 0.000000, 
51.999469, 0.000000, 
52.956528, 0.000000, 
54.038578, 0.000000, 
55.007508, 0.000000, 
55.976842, 0.000000, 
56.937050, 0.000000, 
58.071433, 0.000000, 
59.046379, 0.000000, 
59.978212, 0.000000, 
60.953274, 0.000000, 
62.081925, 0.000000, 
63.062965, 0.000000, 
64.072092, 0.000000, 
65.016338, 0.000000, 
65.972674, 0.000000, 
67.084047, 0.000000, 
67.992249, 0.000000, 
68.973609, 0.000000, 
70.012977, 0.000000, 
70.939984, 0.000000, 
71.901216, 0.000000, 
73.039206, 0.000000, 
74.047537, 0.000000, 
75.041837, 0.000000, 
76.032065, 0.000000, 
77.051741, 0.000000, 
77.949252, 0.000000, 
78.906615, 0.000000, 
80.079327, 0.000000, 
81.081737, 0.000000, 
81.931456, 0.000000, 
83.057505, 0.000000, 
83.946186, 0.000000, 
85.021893, 0.000000, 
86.006977, 0.000000, 
87.009654, 0.000000, 
88.011199, 0.000000, 
88.903376, 0.000000, 
90.097966, 0.000000, 
91.002392, 0.000000, 
91.952735, 0.000000, 
92.974723, 0.000000, 
94.009970, 0.000000, 
95.030879, 0.000000, 
96.001178, 0.000000, 
97.016223, 0.000000, 
97.946742, 0.000000, 
99.024044, 0.000000, 
100.003616, 0.000000, 
101.080028, 0.000000, 
101.986185, 0.000000, 
102.912573, 0.000000, 
103.996183, 0.000000, 
105.061089, 0.000000, 
105.932846, 0.000000, 
107.040898, 0.000000, 
108.075340, 0.000000, 
109.076427, 0.000000, 
109.994896, 0.000000, 
111.031949, 0.000000, 
112.070204, 0.000000, 
113.014724, 0.000000, 
114.097524, 0.000000, 
114.911302, 0.000000, 
115.954010, 0.000000, 
116.916853, 0.000000, 
118.087438, 0.000000, 
119.050043, 0.000000, 
119.991419, 0.000000, 
121.054484, 0.000000, 
122.004445, 0.000000, 
123.011260, 0.000000, 
124.037153, 0.000000, 
125.038727, 0.000000, 
125.925494, 0.000000, 
126.946463, 0.000000, 
128.034673, 0.000000, 
128.994539, 0.000000, 
129.964812, 0.000000, 
131.060524, 0.000000, 
131.943068, 0.000000, 
133.016961, 0.000000, 
134.046176, 0.000000, 
135.007463, 0.000000, 
135.991633, 0.000000, 
137.028357, 0.000000, 
138.058097, 0.000000, 
139.032004, 0.000000, 
140.068119, 0.000000, 
140.985905, 0.000000, 
142.024419, 0.000000, 
143.077420, 0.000000, 
143.939258, 0.000000, 
144.905246, 0.000000, 
145.950026, 0.000000, 
146.967791, 0.000000, 
147.926292, 0.000000, 
149.050057, 0.000000, 
150.029570, 0.000000, 
151.094755, 0.000000, 
151.941783, 0.000000, 
152.974208, 0.000000, 
153.968788, 0.000000, 
155.024731, 0.000000, 
155.952736, 0.000000, 
157.054653, 0.000000, 
158.040564, 0.000000, 
158.957911, 0.000000, 
159.911761, 0.000000, 
160.991698, 0.000000, 
161.978211, 0.000000, 
163.013494, 0.000000, 
164.032242, 0.000000, 
165.036930, 0.000000, 
165.938399, 0.000000, 
167.050577, 0.000000, 
168.027818, 0.000000, 
168.999370, 0.000000, 
170.068984, 0.000000, 
170.991976, 0.000000, 
171.940653, 0.000000, 
172.945310, 0.000000, 
174.080620, 0.000000, 
175.041423, 0.000000, 
175.917631, 0.000000, 
177.059487, 0.000000, 
177.936796, 0.000000, 
178.928191, 0.000000, 
180.018507, 0.000000, 
180.905459, 0.000000, 
181.907623, 0.000000, 
182.923177, 0.000000, 
184.099803, 0.000000, 
185.027942, 0.000000, 
185.954012, 0.000000, 
186.920082, 0.000000, 
188.011251, 0.000000, 
189.042564, 0.000000, 
189.967441, 0.000000, 
191.084810, 0.000000, 
192.036856, 0.000000, 
192.975482, 0.000000, 
194.025164, 0.000000, 
195.068701, 0.000000, 
196.047142, 0.000000, 
197.071317, 0.000000, 
197.917954, 0.000000, 
198.975250, 0.000000, 
