-0.356815, 0.000000, 
1.325773, 0.000000, 
2.222041, 0.000000, 
2.739309, 0.000000, 
4.293275, 0.000000, 
4.666137, 0.000000, 
5.747026, 0.000000, 
7.486344, 0.000000, 
7.614133, 0.000000, 
9.488719, 0.000000, 
9.819652, 0.000000, 
11.060036, 0.000000, 
12.144001, 0.000000, 
13.446015, 0.000000, 
13.802877, 0.000000, 
15.339164, 0.000000, 
16.087610, 0.000000, 
16.825180, 0.000000, 
17.852465, 0.000000, 
19.289135, 0.000000, 
19.718845, 0.000000, 
20.951938, 0.000000, 
21.773997, 0.000000, 
22.663826, 0.000000, 
24.266019, 0.000000, 
24.707671, 0.000000, 
25.760161, 0.000000, 
26.615349, 0.000000, 
27.690290, 0.000000, 
28.509103, 0.000000, 
30.065495, 0.000000, 
30.564431, 0.000000, 
31.788916, 0.000000, 
33.198370, 0.000000, 
34.431599, 0.000000, 
34.782034, 0.000000, 
36.109686, 0.000000, 
36.785441, 0.000000, 
37.814769, 0.000000, 
38.501073, 0.000000, 
40.167662, 0.000000, 
40.726388, 0.000000, 
42.337234, 0.000000, 
43.133580, 0.000000, 
43.892600, 0.000000, 
45.419874, 0.000000, 
46.055249, 0.000000, 
47.349468, 0.000000, 
47.782991, 0.000000, 
48.825071, 0.000000, 
50.106090, 0.000000, 
50.939863, 0.000000, 
51.776331, 0.000000, 
52.635987, 0.000000, 
54.010162, 0.000000, 
55.233700, 0.000000, 
56.280732, 0.000000, 
56.640376, 0.000000, 
57.780143, 0.000000, 
59.005930, 0.000000, 
59.800294, 0.000000, 
61.426949, 0.000000, 
62.254241, 0.000000, 
63.267257, 0.000000, 
64.275118, 0.000000, 
64.603296, 0.000000, 
66.099368, 0.000000, 
66.898447, 0.000000, 
68.291679, 0.000000, 
69.379309, 0.000000, 
69.901599, 0.000000, 
70.993254, 0.000000, 
72.171087, 0.000000, 
73.175635, 0.000000, 
73.934871, 0.000000, 
74.567889, 0.000000, 
75.981462, 0.000000, 
77.496856, 0.000000, 
78.393250, 0.000000, 
79.459671, 0.000000, 
80.182457, 0.000000, 
81.043381, 0.000000, 
82.356410, 0.000000, 
82.602006, 0.000000, 
83.706279, 0.000000, 
85.260983, 0.000000, 
85.939486, 0.000000, 
87.061626, 0.000000, 
88.491292, 0.000000, 
88.885123, 0.000000, 
90.134905, 0.000000, 
91.050838, 0.000000, 
92.455495, 0.000000, 
93.034294, 0.000000, 
93.585087, 0.000000, 
94.529265, 0.000000, 
96.482259, 0.000000, 
96.814944, 0.000000, 
97.664193, 0.000000, 
98.877604, 0.000000, 
100.027887, 0.000000, 
101.129868, 0.000000, 
101.548929, 0.000000, 
103.415778, 0.000000, 
103.654523, 0.000000, 
105.347438, 0.000000, 
106.210744, 0.000000, 
107.231791, 0.000000, 
107.552160, 0.000000, 
108.778440, 0.000000, 
110.206809, 0.000000, 
111.447271, 0.000000, 
112.361010, 0.000000, 
113.283111, 0.000000, 
113.549388, 0.000000, 
114.895801, 0.000000, 
116.166523, 0.000000, 
117.484441, 0.000000, 
117.502749, 0.000000, 
119.221034, 0.000000, 
120.085600, 0.000000, 
120.853469, 0.000000, 
122.018535, 0.000000, 
122.514916, 0.000000, 
123.728559, 0.000000, 
125.271245, 0.000000, 
125.689569, 0.000000, 
126.971972, 0.000000, 
127.642186, 0.000000, 
128.509510, 0.000000, 
129.584721, 0.000000, 
130.750308, 0.000000, 
131.940276, 0.000000, 
133.237077, 0.000000, 
134.121318, 0.000000, 
134.993805, 0.000000, 
136.334986, 0.000000, 
136.874767, 0.000000, 
138.385776, 0.000000, 
138.967176, 0.000000, 
139.693767, 0.000000, 
141.165669, 0.000000, 
142.208062, 0.000000, 
142.880726, 0.000000, 
144.129994, 0.000000, 
145.198947, 0.000000, 
146.041951, 0.000000, 
146.633864, 0.000000, 
148.183138, 0.000000, 
148.783613, 0.000000, 
150.091416, 0.000000, 
151.290523, 0.000000, 
151.693207, 0.000000, 
153.027207, 0.000000, 
154.154352, 0.000000, 
154.698599, 0.000000, 
156.062484, 0.000000, 
157.316900, 0.000000, 
158.462173, 0.000000, 
159.176473, 0.000000, 
160.176442, 0.000000, 
161.040318, 0.000000, 
161.976719, 0.000000, 
163.068273, 0.000000, 
164.432066, 0.000000, 
164.794945, 0.000000, 
166.031812, 0.000000, 
167.152055, 0.000000, 
167.529868, 0.000000, 
169.450039, 0.000000, 
170.102427, 0.000000, 
170.748038, 0.000000, 
171.800738, 0.000000, 
173.187312, 0.000000, 
173.730001, 0.000000, 
174.889340, 0.000000, 
175.702972, 0.000000, 
177.234093, 0.000000, 
178.205576, 0.000000, 
178.601800, 0.000000, 
179.610081, 0.000000, 
181.039959, 0.000000, 
181.587557, 0.000000, 
182.832087, 0.000000, 
184.281454, 0.000000, 
185.206559, 0.000000, 
185.599477, 0.000000, 
186.901277, 0.000000, 
188.261844, 0.000000, 
189.432312, 0.000000, 
190.215444, 0.000000, 
191.071692, 0.000000, 
192.437474, 0.000000, 
192.572334, 0.000000, 
193.564734, 0.000000, 
195.177616, 0.000000, 
196.118582, 0.000000, 
196.888199, 0.000000, 
198.178829, 0.000000, 
198.850051, 0.000000, 
