-0.079013, 0.000000, 
1.024651, 0.000000, 
2.069631, 0.000000, 
2.935172, 0.000000, 
3.947656, 0.000000, 
4.902321, 0.000000, 
6.092719, 0.000000, 
7.007312, 0.000000, 
7.960313, 0.000000, 
8.990922, 0.000000, 
9.945969, 0.000000, 
11.023824, 0.000000, 
11.980788, 0.000000, 
13.029644, 0.000000, 
13.951015, 0.000000, 
14.928906, 0.000000, 
16.046816, 0.000000, 
17.014681, 0.000000, 
18.076259, 0.000000, 
19.002865, 0.000000, 
19.923478, 0.000000, 
20.905170, 0.000000, 
22.064549, 0.000000, 
22.911614, 0.000000, 
24.051608, 0.000000, 
24.918784, 0.000000, 
26.064959, 0.000000, 
26.903305, 0.000000, 
28.041801, 0.000000, 
29.081168, 0.000000, 
30.087618, 0.000000, 
31.009486, 0.000000, 
32.075985, 0.000000, 
32.985176, 0.000000, 
34.003562, 0.000000, 
35.087548, 0.000000, 
35.988414, 0.000000, 
36.935587, 0.000000, 
37.901165, 0.000000, 
38.985369, 0.000000, 
40.058367, 0.000000, 
41.006719, 0.000000, 
41.918105, 0.000000, 
43.062051, 0.000000, 
43.964522, 0.000000, 
45.076480, 0.000000, 
45.945941, 0.000000, 
46.939997, 0.000000, 
48.004600, 0.000000, 
48.977179, 0.000000, 
49.915223, 0.000000, 
51.052906, 0.000000, 
51.967774, 0.000000, 
53.005374, 0.000000, 
54.059438, 0.000000, 
54.963710, 0.000000, 
55.974268, 0.000000, 
57.038193, 0.000000, 
58.057610, 0.000000, 
59.024924, 0.000000, 
59.942938, 0.000000, 
60.960346, 0.000000, 
61.946746, 0.000000, 
62.940713, 0.000000, 
63.998909, 0.000000, 
64.986923, 0.000000, 
66.092043, 0.000000, 
67.013862, 0.000000, 
68.076008, 0.000000, 
69.036520, 0.000000, 
69.990349, 0.000000, 
70.999705, 0.000000, 
72.065412, 0.000000, 
73.004351, 0.000000, 
73.900027, 0.000000, 
74.972169, 0.000000, 
75.921245, 0.000000, 
77.070583, 0.000000, 
77.935457, 0.000000, 
79.089253, 0.000000, 
80.084642, 0.000000, 
80.978389, 0.000000, 
81.909728, 0.000000, 
83.097408, 0.000000, 
84.060159, 0.000000, 
85.007752, 0.000000, 
86.014298, 0.000000, 
87.068287, 0.000000, 
88.092228, 0.000000, 
89.045058, 0.000000, 
89.949834, 0.000000, 
91.087597, 0.000000, 
91.910069, 0.000000, 
92.952416, 0.000000, 
93.985408, 0.000000, 
94.960073, 0.000000, 
96.091244, 0.000000, 
97.058948, 0.000000, 
97.922249, 0.000000, 
99.083316, 0.000000, 
99.922167, 0.000000, 
101.096241, 0.000000, 
101.923451, 0.000000, 
102.992258, 0.000000, 
104.081736, 0.000000, 
105.010275, 0.000000, 
105.908485, 0.000000, 
106.911071, 0.000000, 
107.955468, 0.000000, 
108.961177, 0.000000, 
110.069974, 0.000000, 
110.986578, 0.000000, 
112.029230, 0.000000, 
112.981208, 0.000000, 
114.060690, 0.000000, 
115.055129, 0.000000, 
115.923740, 0.000000, 
116.995253, 0.000000, 
118.012487, 0.000000, 
118.980264, 0.000000, 
119.911829, 0.000000, 
121.073355, 0.000000, 
122.025587, 0.000000, 
123.003217, 0.000000, 
124.022764, 0.000000, 
124.986326, 0.000000, 
126.078689, 0.000000, 
127.000088, 0.000000, 
128.033578, 0.000000, 
128.910871, 0.000000, 
129.961760, 0.000000, 
131.094477, 0.000000, 
132.029275, 0.000000, 
132.970376, 0.000000, 
134.006518, 0.000000, 
134.924481, 0.000000, 
135.926183, 0.000000, 
136.907624, 0.000000, 
138.019168, 0.000000, 
139.035402, 0.000000, 
140.065204, 0.000000, 
140.980738, 0.000000, 
142.024751, 0.000000, 
143.023512, 0.000000, 
144.084523, 0.000000, 
144.963791, 0.000000, 
146.021808, 0.000000, 
147.016522, 0.000000, 
147.937795, 0.000000, 
148.982686, 0.000000, 
150.069137, 0.000000, 
151.003810, 0.000000, 
152.040206, 0.000000, 
152.927801, 0.000000, 
154.055811, 0.000000, 
154.997018, 0.000000, 
156.066986, 0.000000, 
157.074526, 0.000000, 
157.986299, 0.000000, 
159.056751, 0.000000, 
160.030922, 0.000000, 
161.069905, 0.000000, 
162.075486, 0.000000, 
162.930902, 0.000000, 
164.046455, 0.000000, 
164.958093, 0.000000, 
166.030542, 0.000000, 
167.056895, 0.000000, 
167.955997, 0.000000, 
168.974079, 0.000000, 
169.933679, 0.000000, 
170.952849, 0.000000, 
172.032555, 0.000000, 
172.923519, 0.000000, 
173.953809, 0.000000, 
174.963174, 0.000000, 
175.981318, 0.000000, 
176.912198, 0.000000, 
177.972116, 0.000000, 
179.020779, 0.000000, 
180.073010, 0.000000, 
180.966863, 0.000000, 
182.084196, 0.000000, 
183.079401, 0.000000, 
183.923634, 0.000000, 
184.906312, 0.000000, 
185.999943, 0.000000, 
186.922839, 0.000000, 
187.971563, 0.000000, 
188.974454, 0.000000, 
189.918725, 0.000000, 
190.997163, 0.000000, 
192.057766, 0.000000, 
193.022660, 0.000000, 
193.943720, 0.000000, 
194.925021, 0.000000, 
196.098551, 0.000000, 
197.025754, 0.000000, 
197.979783, 0.000000, 
199.088489, 0.000000, 
