0.309050, 0.000000, 
0.782331, 0.000000, 
1.927974, 0.000000, 
3.308639, 0.000000, 
4.017095, 0.000000, 
4.668783, 0.000000, 
6.044214, 0.000000, 
6.517403, 0.000000, 
8.075420, 0.000000, 
8.557548, 0.000000, 
10.021243, 0.000000, 
10.853636, 0.000000, 
12.194585, 0.000000, 
12.874649, 0.000000, 
13.623948, 0.000000, 
15.126994, 0.000000, 
16.300479, 0.000000, 
16.994503, 0.000000, 
18.332156, 0.000000, 
19.496570, 0.000000, 
20.080271, 0.000000, 
20.698215, 0.000000, 
22.257258, 0.000000, 
22.834686, 0.000000, 
24.120967, 0.000000, 
24.924609, 0.000000, 
26.236405, 0.000000, 
27.171779, 0.000000, 
27.736881, 0.000000, 
29.436131, 0.000000, 
30.329815, 0.000000, 
31.288162, 0.000000, 
31.618656, 0.000000, 
33.402746, 0.000000, 
34.130649, 0.000000, 
35.172361, 0.000000, 
35.705324, 0.000000, 
37.049277, 0.000000, 
37.523110, 0.000000, 
39.313232, 0.000000, 
39.580679, 0.000000, 
41.289980, 0.000000, 
42.441868, 0.000000, 
42.722835, 0.000000, 
43.559581, 0.000000, 
44.848017, 0.000000, 
45.856758, 0.000000, 
47.477954, 0.000000, 
48.417434, 0.000000, 
49.023683, 0.000000, 
50.272832, 0.000000, 
50.701223, 0.000000, 
51.983897, 0.000000, 
52.601438, 0.000000, 
53.804861, 0.000000, 
55.487404, 0.000000, 
55.932665, 0.000000, 
56.817315, 0.000000, 
57.788489, 0.000000, 
59.067415, 0.000000, 
60.128553, 0.000000, 
61.051534, 0.000000, 
61.623360, 0.000000, 
63.281643, 0.000000, 
63.750491, 0.000000, 
64.878860, 0.000000, 
65.662516, 0.000000, 
66.922399, 0.000000, 
68.231906, 0.000000, 
69.205788, 0.000000, 
70.225558, 0.000000, 
71.071486, 0.000000, 
71.971459, 0.000000, 
73.213851, 0.000000, 
73.794185, 0.000000, 
75.420894, 0.000000, 
75.787798, 0.000000, 
77.496315, 0.000000, 
77.780121, 0.000000, 
79.081706, 0.000000, 
79.718230, 0.000000, 
80.733932, 0.000000, 
82.025771, 0.000000, 
83.247710, 0.000000, 
83.674907, 0.000000, 
85.037565, 0.000000, 
86.062381, 0.000000, 
87.413165, 0.000000, 
87.848137, 0.000000, 
89.246185, 0.000000, 
89.650719, 0.000000, 
91.073324, 0.000000, 
92.055044, 0.000000, 
93.188680, 0.000000, 
94.072189, 0.000000, 
95.279275, 0.000000, 
96.144412, 0.000000, 
97.227750, 0.000000, 
97.716799, 0.000000, 
99.336990, 0.000000, 
100.204253, 0.000000, 
100.761364, 0.000000, 
101.836268, 0.000000, 
103.108763, 0.000000, 
104.473258, 0.000000, 
104.708855, 0.000000, 
106.120890, 0.000000, 
106.550379, 0.000000, 
107.939877, 0.000000, 
108.746459, 0.000000, 
109.804470, 0.000000, 
111.047800, 0.000000, 
112.073314, 0.000000, 
113.391593, 0.000000, 
113.542686, 0.000000, 
115.431177, 0.000000, 
116.342110, 0.000000, 
117.101018, 0.000000, 
117.648436, 0.000000, 
118.729688, 0.000000, 
120.359284, 0.000000, 
120.970405, 0.000000, 
121.769596, 0.000000, 
123.126807, 0.000000, 
123.623488, 0.000000, 
125.440625, 0.000000, 
125.705017, 0.000000, 
127.452804, 0.000000, 
127.517459, 0.000000, 
128.996131, 0.000000, 
130.239657, 0.000000, 
131.379515, 0.000000, 
132.374191, 0.000000, 
132.540797, 0.000000, 
134.318928, 0.000000, 
134.893267, 0.000000, 
135.812893, 0.000000, 
137.167098, 0.000000, 
137.692603, 0.000000, 
139.417315, 0.000000, 
139.772690, 0.000000, 
141.289973, 0.000000, 
141.993413, 0.000000, 
142.733829, 0.000000, 
144.236055, 0.000000, 
145.469144, 0.000000, 
145.990479, 0.000000, 
147.037221, 0.000000, 
148.256454, 0.000000, 
148.789281, 0.000000, 
149.651655, 0.000000, 
150.757735, 0.000000, 
151.775373, 0.000000, 
153.264020, 0.000000, 
153.579404, 0.000000, 
155.153785, 0.000000, 
155.945536, 0.000000, 
156.944481, 0.000000, 
157.614268, 0.000000, 
158.655195, 0.000000, 
159.819719, 0.000000, 
160.683796, 0.000000, 
161.843456, 0.000000, 
163.005460, 0.000000, 
164.141279, 0.000000, 
164.751543, 0.000000, 
165.504333, 0.000000, 
167.057934, 0.000000, 
168.194380, 0.000000, 
169.135090, 0.000000, 
170.289432, 0.000000, 
170.723034, 0.000000, 
171.990433, 0.000000, 
173.021244, 0.000000, 
173.760731, 0.000000, 
175.182602, 0.000000, 
175.784327, 0.000000, 
177.031091, 0.000000, 
177.686761, 0.000000, 
179.040718, 0.000000, 
179.762040, 0.000000, 
180.930307, 0.000000, 
181.599159, 0.000000, 
182.914205, 0.000000, 
184.458077, 0.000000, 
184.595777, 0.000000, 
186.465684, 0.000000, 
186.720746, 0.000000, 
187.761997, 0.000000, 
188.561771, 0.000000, 
190.367360, 0.000000, 
191.282347, 0.000000, 
191.763025, 0.000000, 
192.500244, 0.000000, 
193.943507, 0.000000, 
194.765171, 0.000000, 
195.747902, 0.000000, 
197.062716, 0.000000, 
198.135080, 0.000000, 
198.705062, 0.000000, 
