0.042257, 0.000000, 
1.235115, 0.000000, 
2.050328, 0.000000, 
2.944264, 0.000000, 
4.283738, 0.000000, 
5.211086, 0.000000, 
6.281125, 0.000000, 
6.629519, 0.000000, 
7.862066, 0.000000, 
8.792385, 0.000000, 
9.900102, 0.000000, 
10.992447, 0.000000, 
12.296004, 0.000000, 
12.620392, 0.000000, 
14.223707, 0.000000, 
15.389920, 0.000000, 
15.922819, 0.000000, 
16.943967, 0.000000, 
18.067028, 0.000000, 
19.053262, 0.000000, 
20.329349, 0.000000, 
20.852428, 0.000000, 
22.236852, 0.000000, 
23.211129, 0.000000, 
24.116900, 0.000000, 
25.324986, 0.000000, 
25.811564, 0.000000, 
26.752637, 0.000000, 
27.948718, 0.000000, 
29.331745, 0.000000, 
29.753686, 0.000000, 
30.920431, 0.000000, 
32.027176, 0.000000, 
33.105433, 0.000000, 
34.151692, 0.000000, 
35.116383, 0.000000, 
36.359136, 0.000000, 
36.979586, 0.000000, 
37.844681, 0.000000, 
39.083438, 0.000000, 
40.365529, 0.000000, 
40.985474, 0.000000, 
41.750627, 0.000000, 
43.242792, 0.000000, 
44.298041, 0.000000, 
45.119281, 0.000000, 
46.398183, 0.000000, 
47.382207, 0.000000, 
47.955056, 0.000000, 
49.148123, 0.000000, 
49.646747, 0.000000, 
50.926181, 0.000000, 
51.732012, 0.000000, 
52.720521, 0.000000, 
53.881313, 0.000000, 
54.942951, 0.000000, 
55.656548, 0.000000, 
57.078587, 0.000000, 
58.043314, 0.000000, 
58.875357, 0.000000, 
59.771703, 0.000000, 
60.704350, 0.000000, 
61.644172, 0.000000, 
63.193782, 0.000000, 
64.055337, 0.000000, 
64.909226, 0.000000, 
65.666568, 0.000000, 
67.348687, 0.000000, 
67.637284, 0.000000, 
69.310839, 0.000000, 
70.083954, 0.000000, 
70.824575, 0.000000, 
71.604396, 0.000000, 
72.783280, 0.000000, 
73.722411, 0.000000, 
74.994250, 0.000000, 
75.745382, 0.000000, 
76.913292, 0.000000, 
78.047647, 0.000000, 
79.361982, 0.000000, 
79.787048, 0.000000, 
80.722702, 0.000000, 
81.798401, 0.000000, 
83.201413, 0.000000, 
83.877566, 0.000000, 
84.999742, 0.000000, 
86.325324, 0.000000, 
86.611376, 0.000000, 
87.612722, 0.000000, 
88.775835, 0.000000, 
89.688303, 0.000000, 
90.864463, 0.000000, 
91.976832, 0.000000, 
93.174123, 0.000000, 
94.193281, 0.000000, 
94.683944, 0.000000, 
96.269333, 0.000000, 
96.914669, 0.000000, 
97.620044, 0.000000, 
99.059154, 0.000000, 
99.600462, 0.000000, 
101.369884, 0.000000, 
102.157398, 0.000000, 
103.306571, 0.000000, 
104.332978, 0.000000, 
104.876259, 0.000000, 
105.731334, 0.000000, 
107.082296, 0.000000, 
108.205240, 0.000000, 
108.910356, 0.000000, 
110.210408, 0.000000, 
111.106078, 0.000000, 
111.750880, 0.000000, 
112.934438, 0.000000, 
114.115790, 0.000000, 
114.734313, 0.000000, 
115.742664, 0.000000, 
116.935351, 0.000000, 
117.718766, 0.000000, 
119.285281, 0.000000, 
120.394696, 0.000000, 
121.325990, 0.000000, 
121.873587, 0.000000, 
122.659408, 0.000000, 
124.105334, 0.000000, 
124.758815, 0.000000, 
126.018434, 0.000000, 
127.167658, 0.000000, 
127.908250, 0.000000, 
128.867515, 0.000000, 
129.747611, 0.000000, 
131.209472, 0.000000, 
132.048301, 0.000000, 
132.958283, 0.000000, 
133.748347, 0.000000, 
135.371087, 0.000000, 
135.802339, 0.000000, 
136.875419, 0.000000, 
138.008321, 0.000000, 
139.046464, 0.000000, 
139.843347, 0.000000, 
140.847930, 0.000000, 
142.025040, 0.000000, 
142.958286, 0.000000, 
144.254172, 0.000000, 
144.666958, 0.000000, 
145.668697, 0.000000, 
147.062121, 0.000000, 
147.838424, 0.000000, 
149.128298, 0.000000, 
150.182306, 0.000000, 
151.137529, 0.000000, 
151.870942, 0.000000, 
153.364071, 0.000000, 
153.916344, 0.000000, 
154.609597, 0.000000, 
155.613008, 0.000000, 
156.675249, 0.000000, 
157.769313, 0.000000, 
159.071194, 0.000000, 
160.185944, 0.000000, 
161.049333, 0.000000, 
161.969517, 0.000000, 
162.878338, 0.000000, 
163.642524, 0.000000, 
164.929823, 0.000000, 
166.302088, 0.000000, 
167.258742, 0.000000, 
167.981297, 0.000000, 
169.349040, 0.000000, 
169.805138, 0.000000, 
171.217175, 0.000000, 
171.920832, 0.000000, 
172.981952, 0.000000, 
173.722832, 0.000000, 
175.348871, 0.000000, 
175.793977, 0.000000, 
176.778349, 0.000000, 
178.271482, 0.000000, 
179.230463, 0.000000, 
180.375205, 0.000000, 
181.109109, 0.000000, 
181.710309, 0.000000, 
183.132980, 0.000000, 
184.353059, 0.000000, 
185.278579, 0.000000, 
186.167511, 0.000000, 
187.357632, 0.000000, 
188.131026, 0.000000, 
188.652197, 0.000000, 
190.005906, 0.000000, 
191.019614, 0.000000, 
191.931025, 0.000000, 
192.882104, 0.000000, 
194.017184, 0.000000, 
195.396261, 0.000000, 
196.193884, 0.000000, 
196.745334, 0.000000, 
197.620654, 0.000000, 
198.630311, 0.000000, 
