-0.222203, 0.000000, 
0.982895, 0.000000, 
1.812919, 0.000000, 
2.888955, 0.000000, 
4.012537, 0.000000, 
5.271770, 0.000000, 
6.262650, 0.000000, 
6.921929, 0.000000, 
7.824867, 0.000000, 
9.220866, 0.000000, 
10.094760, 0.000000, 
10.880878, 0.000000, 
12.056235, 0.000000, 
13.163466, 0.000000, 
13.918120, 0.000000, 
15.126328, 0.000000, 
16.175667, 0.000000, 
16.725740, 0.000000, 
18.223227, 0.000000, 
18.962301, 0.000000, 
19.741120, 0.000000, 
21.222691, 0.000000, 
22.165160, 0.000000, 
22.872393, 0.000000, 
23.908586, 0.000000, 
25.134729, 0.000000, 
25.764146, 0.000000, 
26.975639, 0.000000, 
28.005786, 0.000000, 
28.854229, 0.000000, 
30.001218, 0.000000, 
30.913234, 0.000000, 
31.906243, 0.000000, 
32.702161, 0.000000, 
33.726526, 0.000000, 
34.866615, 0.000000, 
36.147352, 0.000000, 
36.828439, 0.000000, 
37.739798, 0.000000, 
39.208275, 0.000000, 
39.758555, 0.000000, 
40.753249, 0.000000, 
41.863863, 0.000000, 
43.200102, 0.000000, 
43.780635, 0.000000, 
45.210131, 0.000000, 
45.831920, 0.000000, 
46.893405, 0.000000, 
48.208055, 0.000000, 
48.806529, 0.000000, 
49.825042, 0.000000, 
50.868103, 0.000000, 
52.203461, 0.000000, 
52.994805, 0.000000, 
53.848564, 0.000000, 
54.834630, 0.000000, 
56.173925, 0.000000, 
56.813430, 0.000000, 
58.252900, 0.000000, 
58.721714, 0.000000, 
59.811828, 0.000000, 
61.171020, 0.000000, 
61.993809, 0.000000, 
63.132865, 0.000000, 
63.741933, 0.000000, 
64.749450, 0.000000, 
66.278407, 0.000000, 
67.216152, 0.000000, 
68.211980, 0.000000, 
69.008303, 0.000000, 
70.059781, 0.000000, 
71.145086, 0.000000, 
72.018087, 0.000000, 
73.030089, 0.000000, 
73.885167, 0.000000, 
74.902960, 0.000000, 
75.773178, 0.000000, 
76.769309, 0.000000, 
77.704214, 0.000000, 
78.976623, 0.000000, 
79.897916, 0.000000, 
81.086749, 0.000000, 
82.098741, 0.000000, 
83.028663, 0.000000, 
83.964736, 0.000000, 
84.839656, 0.000000, 
86.074935, 0.000000, 
86.708999, 0.000000, 
87.995738, 0.000000, 
88.777039, 0.000000, 
90.134374, 0.000000, 
90.905508, 0.000000, 
92.190154, 0.000000, 
92.714911, 0.000000, 
94.192765, 0.000000, 
94.720165, 0.000000, 
95.841571, 0.000000, 
97.201974, 0.000000, 
97.937158, 0.000000, 
98.887923, 0.000000, 
99.964239, 0.000000, 
100.991518, 0.000000, 
101.968527, 0.000000, 
103.127714, 0.000000, 
104.008211, 0.000000, 
104.763393, 0.000000, 
106.187758, 0.000000, 
107.286083, 0.000000, 
108.116969, 0.000000, 
109.169430, 0.000000, 
109.939597, 0.000000, 
110.727903, 0.000000, 
111.748304, 0.000000, 
112.933005, 0.000000, 
113.822492, 0.000000, 
115.214852, 0.000000, 
116.090284, 0.000000, 
117.008843, 0.000000, 
118.233602, 0.000000, 
119.126659, 0.000000, 
120.156527, 0.000000, 
121.080337, 0.000000, 
122.082793, 0.000000, 
123.262254, 0.000000, 
124.141069, 0.000000, 
124.793625, 0.000000, 
125.737952, 0.000000, 
126.784814, 0.000000, 
128.082214, 0.000000, 
128.904456, 0.000000, 
129.743714, 0.000000, 
131.070769, 0.000000, 
131.954039, 0.000000, 
133.163785, 0.000000, 
133.760962, 0.000000, 
135.184685, 0.000000, 
136.125679, 0.000000, 
137.254258, 0.000000, 
138.186182, 0.000000, 
139.023470, 0.000000, 
139.711506, 0.000000, 
141.014299, 0.000000, 
142.126964, 0.000000, 
143.073703, 0.000000, 
143.914184, 0.000000, 
144.722915, 0.000000, 
145.934325, 0.000000, 
147.061902, 0.000000, 
148.139883, 0.000000, 
149.243134, 0.000000, 
149.905023, 0.000000, 
151.047731, 0.000000, 
152.298007, 0.000000, 
152.709280, 0.000000, 
153.832242, 0.000000, 
154.976812, 0.000000, 
156.217181, 0.000000, 
157.233268, 0.000000, 
158.269097, 0.000000, 
158.709216, 0.000000, 
160.148998, 0.000000, 
161.200861, 0.000000, 
161.827743, 0.000000, 
162.825198, 0.000000, 
163.841822, 0.000000, 
165.028436, 0.000000, 
165.991505, 0.000000, 
166.810698, 0.000000, 
167.722097, 0.000000, 
168.988935, 0.000000, 
170.040095, 0.000000, 
171.065444, 0.000000, 
172.064835, 0.000000, 
173.116227, 0.000000, 
173.732900, 0.000000, 
175.090985, 0.000000, 
175.846070, 0.000000, 
176.849317, 0.000000, 
177.720553, 0.000000, 
179.154927, 0.000000, 
180.070120, 0.000000, 
181.052816, 0.000000, 
181.839397, 0.000000, 
182.889102, 0.000000, 
183.866124, 0.000000, 
184.886111, 0.000000, 
186.050077, 0.000000, 
186.716547, 0.000000, 
187.855261, 0.000000, 
189.077609, 0.000000, 
190.159227, 0.000000, 
191.210654, 0.000000, 
191.793225, 0.000000, 
193.161055, 0.000000, 
193.979343, 0.000000, 
195.061267, 0.000000, 
196.272335, 0.000000, 
196.815891, 0.000000, 
197.850730, 0.000000, 
198.981527, 0.000000, 
