0.085843, 0.000000, 
0.981966, 0.000000, 
1.995985, 0.000000, 
3.084322, 0.000000, 
4.045169, 0.000000, 
5.099982, 0.000000, 
5.914072, 0.000000, 
6.968143, 0.000000, 
7.989959, 0.000000, 
9.095262, 0.000000, 
9.912420, 0.000000, 
11.039312, 0.000000, 
11.935171, 0.000000, 
12.965702, 0.000000, 
13.900460, 0.000000, 
15.074173, 0.000000, 
16.054662, 0.000000, 
17.048624, 0.000000, 
18.029676, 0.000000, 
19.000686, 0.000000, 
20.067650, 0.000000, 
20.969507, 0.000000, 
22.025484, 0.000000, 
23.086407, 0.000000, 
23.986875, 0.000000, 
24.942042, 0.000000, 
26.052862, 0.000000, 
27.092813, 0.000000, 
28.040880, 0.000000, 
28.913666, 0.000000, 
30.000541, 0.000000, 
30.968638, 0.000000, 
31.992274, 0.000000, 
33.074218, 0.000000, 
34.058358, 0.000000, 
35.079748, 0.000000, 
35.990848, 0.000000, 
36.900394, 0.000000, 
38.037660, 0.000000, 
38.930281, 0.000000, 
40.012056, 0.000000, 
40.972870, 0.000000, 
42.043633, 0.000000, 
43.046174, 0.000000, 
43.955719, 0.000000, 
45.006746, 0.000000, 
45.981842, 0.000000, 
47.077600, 0.000000, 
47.902532, 0.000000, 
48.950450, 0.000000, 
49.920795, 0.000000, 
51.024345, 0.000000, 
51.912902, 0.000000, 
53.075638, 0.000000, 
53.979510, 0.000000, 
54.921309, 0.000000, 
55.928896, 0.000000, 
57.050983, 0.000000, 
57.912716, 0.000000, 
58.914275, 0.000000, 
60.048444, 0.000000, 
60.993077, 0.000000, 
61.961346, 0.000000, 
63.006423, 0.000000, 
63.986324, 0.000000, 
64.958506, 0.000000, 
66.066518, 0.000000, 
66.980263, 0.000000, 
67.992102, 0.000000, 
68.987777, 0.000000, 
69.968297, 0.000000, 
70.933953, 0.000000, 
72.094323, 0.000000, 
72.929716, 0.000000, 
74.067889, 0.000000, 
75.057688, 0.000000, 
76.056027, 0.000000, 
76.924536, 0.000000, 
77.974861, 0.000000, 
78.960576, 0.000000, 
80.046371, 0.000000, 
80.935639, 0.000000, 
82.050605, 0.000000, 
83.080644, 0.000000, 
84.082931, 0.000000, 
84.955512, 0.000000, 
85.936597, 0.000000, 
86.964060, 0.000000, 
88.002957, 0.000000, 
89.055369, 0.000000, 
89.945650, 0.000000, 
90.941545, 0.000000, 
92.049543, 0.000000, 
92.937907, 0.000000, 
94.032665, 0.000000, 
94.940981, 0.000000, 
96.025652, 0.000000, 
97.036260, 0.000000, 
97.968602, 0.000000, 
98.971351, 0.000000, 
100.046906, 0.000000, 
100.974816, 0.000000, 
102.045879, 0.000000, 
103.084894, 0.000000, 
103.927338, 0.000000, 
105.001775, 0.000000, 
106.044328, 0.000000, 
107.002275, 0.000000, 
108.044461, 0.000000, 
108.990399, 0.000000, 
110.086342, 0.000000, 
111.069046, 0.000000, 
111.942123, 0.000000, 
113.059646, 0.000000, 
113.985874, 0.000000, 
114.960667, 0.000000, 
115.952239, 0.000000, 
117.034345, 0.000000, 
117.972335, 0.000000, 
119.011822, 0.000000, 
120.022646, 0.000000, 
121.054035, 0.000000, 
121.918557, 0.000000, 
122.908485, 0.000000, 
124.082073, 0.000000, 
125.054241, 0.000000, 
126.039316, 0.000000, 
127.058708, 0.000000, 
127.925016, 0.000000, 
129.019021, 0.000000, 
129.962421, 0.000000, 
130.992948, 0.000000, 
131.933903, 0.000000, 
133.030383, 0.000000, 
134.089511, 0.000000, 
135.079420, 0.000000, 
135.958385, 0.000000, 
136.972471, 0.000000, 
137.971208, 0.000000, 
138.902229, 0.000000, 
139.979962, 0.000000, 
141.071752, 0.000000, 
141.910848, 0.000000, 
142.991482, 0.000000, 
143.979366, 0.000000, 
144.928317, 0.000000, 
145.956598, 0.000000, 
146.992959, 0.000000, 
148.012195, 0.000000, 
149.009466, 0.000000, 
149.972787, 0.000000, 
151.021202, 0.000000, 
151.939069, 0.000000, 
153.095537, 0.000000, 
154.019550, 0.000000, 
154.953166, 0.000000, 
156.072048, 0.000000, 
156.930697, 0.000000, 
157.981788, 0.000000, 
159.059387, 0.000000, 
159.937948, 0.000000, 
161.052573, 0.000000, 
162.040508, 0.000000, 
163.091802, 0.000000, 
164.021194, 0.000000, 
165.060239, 0.000000, 
165.923561, 0.000000, 
167.093712, 0.000000, 
168.050407, 0.000000, 
169.023064, 0.000000, 
169.902007, 0.000000, 
171.092062, 0.000000, 
172.036198, 0.000000, 
173.026503, 0.000000, 
174.003126, 0.000000, 
174.934314, 0.000000, 
176.001536, 0.000000, 
177.031573, 0.000000, 
178.011800, 0.000000, 
178.954308, 0.000000, 
179.979358, 0.000000, 
180.925314, 0.000000, 
181.977883, 0.000000, 
183.092556, 0.000000, 
184.089798, 0.000000, 
184.967789, 0.000000, 
186.056341, 0.000000, 
186.968567, 0.000000, 
187.983166, 0.000000, 
188.976058, 0.000000, 
189.926196, 0.000000, 
190.984650, 0.000000, 
192.080672, 0.000000, 
193.018572, 0.000000, 
193.923720, 0.000000, 
194.989736, 0.000000, 
195.927717, 0.000000, 
197.046667, 0.000000, 
197.919097, 0.000000, 
198.920539, 0.000000, 
