0.285846, 0.000000, 
0.999474, 0.000000, 
2.001232, 0.000000, 
3.023213, 0.000000, 
3.931542, 0.000000, 
5.119994, 0.000000, 
6.247202, 0.000000, 
6.781474, 0.000000, 
7.861534, 0.000000, 
9.064622, 0.000000, 
10.117758, 0.000000, 
10.939449, 0.000000, 
11.970779, 0.000000, 
13.229889, 0.000000, 
14.214459, 0.000000, 
15.005384, 0.000000, 
16.077166, 0.000000, 
16.722717, 0.000000, 
17.730638, 0.000000, 
18.846098, 0.000000, 
19.818557, 0.000000, 
21.235046, 0.000000, 
22.122423, 0.000000, 
22.749094, 0.000000, 
24.062165, 0.000000, 
24.739308, 0.000000, 
26.199785, 0.000000, 
27.129664, 0.000000, 
28.244740, 0.000000, 
28.713351, 0.000000, 
30.236403, 0.000000, 
30.994395, 0.000000, 
31.958113, 0.000000, 
33.007584, 0.000000, 
33.920996, 0.000000, 
34.974702, 0.000000, 
36.215243, 0.000000, 
36.750734, 0.000000, 
38.189553, 0.000000, 
39.296557, 0.000000, 
40.169374, 0.000000, 
41.013731, 0.000000, 
42.098212, 0.000000, 
42.988070, 0.000000, 
44.088483, 0.000000, 
45.140555, 0.000000, 
45.978177, 0.000000, 
47.298617, 0.000000, 
47.857263, 0.000000, 
48.705912, 0.000000, 
49.855102, 0.000000, 
51.294810, 0.000000, 
51.760135, 0.000000, 
52.764423, 0.000000, 
53.969031, 0.000000, 
54.909997, 0.000000, 
56.293192, 0.000000, 
57.187967, 0.000000, 
58.207298, 0.000000, 
58.715183, 0.000000, 
60.008397, 0.000000, 
60.753882, 0.000000, 
62.296549, 0.000000, 
63.152115, 0.000000, 
64.026416, 0.000000, 
64.967508, 0.000000, 
66.241192, 0.000000, 
67.247012, 0.000000, 
67.714921, 0.000000, 
69.093387, 0.000000, 
69.720085, 0.000000, 
71.005139, 0.000000, 
71.850630, 0.000000, 
73.272602, 0.000000, 
73.847753, 0.000000, 
74.851117, 0.000000, 
75.914338, 0.000000, 
77.204036, 0.000000, 
78.234613, 0.000000, 
79.038248, 0.000000, 
80.031919, 0.000000, 
81.122625, 0.000000, 
82.265745, 0.000000, 
83.014556, 0.000000, 
83.800177, 0.000000, 
84.849751, 0.000000, 
85.837209, 0.000000, 
86.875571, 0.000000, 
88.212706, 0.000000, 
89.037756, 0.000000, 
90.142447, 0.000000, 
90.752890, 0.000000, 
91.729838, 0.000000, 
92.759716, 0.000000, 
93.893446, 0.000000, 
94.758869, 0.000000, 
95.825752, 0.000000, 
96.718269, 0.000000, 
97.987261, 0.000000, 
98.874853, 0.000000, 
100.236925, 0.000000, 
101.135610, 0.000000, 
102.065125, 0.000000, 
102.864416, 0.000000, 
103.813912, 0.000000, 
104.720850, 0.000000, 
106.168337, 0.000000, 
107.096998, 0.000000, 
108.257912, 0.000000, 
109.293098, 0.000000, 
110.045752, 0.000000, 
111.147953, 0.000000, 
112.004619, 0.000000, 
113.211011, 0.000000, 
114.122197, 0.000000, 
115.282957, 0.000000, 
115.821224, 0.000000, 
117.096148, 0.000000, 
118.086864, 0.000000, 
118.733788, 0.000000, 
120.073384, 0.000000, 
121.211349, 0.000000, 
122.245273, 0.000000, 
123.239730, 0.000000, 
123.768120, 0.000000, 
125.020751, 0.000000, 
125.788666, 0.000000, 
127.084684, 0.000000, 
127.767976, 0.000000, 
128.721084, 0.000000, 
130.279811, 0.000000, 
130.767296, 0.000000, 
132.212423, 0.000000, 
133.038223, 0.000000, 
133.827038, 0.000000, 
135.285280, 0.000000, 
135.988152, 0.000000, 
137.153214, 0.000000, 
138.101768, 0.000000, 
138.903595, 0.000000, 
139.898226, 0.000000, 
141.165845, 0.000000, 
142.254542, 0.000000, 
143.028706, 0.000000, 
144.121143, 0.000000, 
144.756186, 0.000000, 
145.793295, 0.000000, 
147.052933, 0.000000, 
148.216484, 0.000000, 
148.927902, 0.000000, 
150.014727, 0.000000, 
150.966587, 0.000000, 
151.955573, 0.000000, 
153.261698, 0.000000, 
153.869829, 0.000000, 
155.291249, 0.000000, 
156.037871, 0.000000, 
157.081225, 0.000000, 
158.210751, 0.000000, 
159.134455, 0.000000, 
159.928648, 0.000000, 
161.137748, 0.000000, 
162.122519, 0.000000, 
163.106136, 0.000000, 
164.130900, 0.000000, 
164.862494, 0.000000, 
165.790264, 0.000000, 
166.824705, 0.000000, 
168.087166, 0.000000, 
168.895300, 0.000000, 
169.763341, 0.000000, 
170.769234, 0.000000, 
171.859637, 0.000000, 
173.205911, 0.000000, 
173.829210, 0.000000, 
175.216817, 0.000000, 
176.192415, 0.000000, 
176.756891, 0.000000, 
178.093392, 0.000000, 
178.778786, 0.000000, 
180.245378, 0.000000, 
181.173088, 0.000000, 
181.978972, 0.000000, 
182.773788, 0.000000, 
184.140359, 0.000000, 
185.272542, 0.000000, 
186.079177, 0.000000, 
187.079058, 0.000000, 
187.787718, 0.000000, 
188.821918, 0.000000, 
189.717597, 0.000000, 
191.226105, 0.000000, 
191.834086, 0.000000, 
193.145113, 0.000000, 
194.024890, 0.000000, 
194.702568, 0.000000, 
196.166250, 0.000000, 
196.822491, 0.000000, 
198.108422, 0.000000, 
198.983023, 0.000000, 
