0.096102, 0.000000, 
0.980046, 0.000000, 
2.075482, 0.000000, 
3.088191, 0.000000, 
3.904088, 0.000000, 
4.991707, 0.000000, 
6.092947, 0.000000, 
7.021816, 0.000000, 
7.980530, 0.000000, 
8.967913, 0.000000, 
9.907746, 0.000000, 
11.039684, 0.000000, 
11.992124, 0.000000, 
12.951308, 0.000000, 
14.046751, 0.000000, 
14.952756, 0.000000, 
15.981993, 0.000000, 
17.082277, 0.000000, 
18.063103, 0.000000, 
19.086901, 0.000000, 
20.092115, 0.000000, 
21.053185, 0.000000, 
22.058674, 0.000000, 
22.952559, 0.000000, 
23.918483, 0.000000, 
25.094783, 0.000000, 
25.902056, 0.000000, 
27.078748, 0.000000, 
28.067099, 0.000000, 
29.070996, 0.000000, 
29.947951, 0.000000, 
31.041072, 0.000000, 
31.989383, 0.000000, 
33.073637, 0.000000, 
33.946507, 0.000000, 
34.925844, 0.000000, 
36.038801, 0.000000, 
37.009610, 0.000000, 
38.019163, 0.000000, 
39.001761, 0.000000, 
39.961889, 0.000000, 
41.040193, 0.000000, 
42.027450, 0.000000, 
42.946654, 0.000000, 
43.957707, 0.000000, 
45.043696, 0.000000, 
45.907514, 0.000000, 
46.925495, 0.000000, 
47.915370, 0.000000, 
49.062081, 0.000000, 
49.958373, 0.000000, 
51.040403, 0.000000, 
51.979803, 0.000000, 
53.063126, 0.000000, 
54.064978, 0.000000, 
54.954131, 0.000000, 
55.936664, 0.000000, 
56.992306, 0.000000, 
57.994673, 0.000000, 
59.021013, 0.000000, 
60.068993, 0.000000, 
61.039981, 0.000000, 
62.042166, 0.000000, 
62.953288, 0.000000, 
63.994580, 0.000000, 
64.909553, 0.000000, 
66.072979, 0.000000, 
67.093118, 0.000000, 
68.086211, 0.000000, 
69.064219, 0.000000, 
69.987314, 0.000000, 
70.934286, 0.000000, 
72.097969, 0.000000, 
72.939074, 0.000000, 
73.941035, 0.000000, 
74.961439, 0.000000, 
75.945690, 0.000000, 
76.947683, 0.000000, 
78.024495, 0.000000, 
79.035014, 0.000000, 
79.955424, 0.000000, 
81.094799, 0.000000, 
82.060506, 0.000000, 
83.005387, 0.000000, 
84.044049, 0.000000, 
85.071823, 0.000000, 
86.071588, 0.000000, 
87.003332, 0.000000, 
88.046328, 0.000000, 
89.098268, 0.000000, 
90.091497, 0.000000, 
90.907741, 0.000000, 
91.983364, 0.000000, 
93.023646, 0.000000, 
94.034317, 0.000000, 
94.937831, 0.000000, 
95.977662, 0.000000, 
96.922306, 0.000000, 
97.966722, 0.000000, 
98.999285, 0.000000, 
99.972803, 0.000000, 
101.064710, 0.000000, 
101.996486, 0.000000, 
102.942199, 0.000000, 
104.031883, 0.000000, 
105.040134, 0.000000, 
106.028338, 0.000000, 
107.079094, 0.000000, 
107.947601, 0.000000, 
109.094261, 0.000000, 
110.099403, 0.000000, 
111.038139, 0.000000, 
111.974285, 0.000000, 
113.090004, 0.000000, 
114.044225, 0.000000, 
115.088221, 0.000000, 
115.986126, 0.000000, 
116.969757, 0.000000, 
118.038336, 0.000000, 
118.914643, 0.000000, 
119.959043, 0.000000, 
120.928576, 0.000000, 
121.910263, 0.000000, 
123.080160, 0.000000, 
124.069221, 0.000000, 
124.932404, 0.000000, 
125.952443, 0.000000, 
126.926806, 0.000000, 
127.912687, 0.000000, 
128.993902, 0.000000, 
130.027987, 0.000000, 
130.981681, 0.000000, 
131.981348, 0.000000, 
132.908260, 0.000000, 
133.960203, 0.000000, 
134.955244, 0.000000, 
136.028390, 0.000000, 
137.064421, 0.000000, 
137.980956, 0.000000, 
138.968420, 0.000000, 
139.927723, 0.000000, 
140.945082, 0.000000, 
142.083487, 0.000000, 
142.989455, 0.000000, 
143.983116, 0.000000, 
145.068860, 0.000000, 
146.001598, 0.000000, 
146.900805, 0.000000, 
148.008448, 0.000000, 
148.915682, 0.000000, 
150.012689, 0.000000, 
151.062771, 0.000000, 
151.964544, 0.000000, 
153.096828, 0.000000, 
154.014668, 0.000000, 
155.029430, 0.000000, 
155.927601, 0.000000, 
156.951329, 0.000000, 
157.930995, 0.000000, 
159.008540, 0.000000, 
160.010246, 0.000000, 
160.975346, 0.000000, 
161.941989, 0.000000, 
163.037306, 0.000000, 
164.051252, 0.000000, 
164.953203, 0.000000, 
166.040787, 0.000000, 
167.034761, 0.000000, 
167.989695, 0.000000, 
168.922194, 0.000000, 
170.032239, 0.000000, 
171.099187, 0.000000, 
172.090716, 0.000000, 
173.077068, 0.000000, 
174.024004, 0.000000, 
174.999051, 0.000000, 
176.095883, 0.000000, 
176.996414, 0.000000, 
178.043257, 0.000000, 
178.935724, 0.000000, 
179.997687, 0.000000, 
180.915312, 0.000000, 
182.029771, 0.000000, 
183.097721, 0.000000, 
183.993398, 0.000000, 
184.918467, 0.000000, 
186.039178, 0.000000, 
186.951337, 0.000000, 
187.921084, 0.000000, 
189.063866, 0.000000, 
190.015090, 0.000000, 
191.088489, 0.000000, 
192.041189, 0.000000, 
192.915865, 0.000000, 
193.954564, 0.000000, 
195.070024, 0.000000, 
196.025877, 0.000000, 
196.983971, 0.000000, 
198.038078, 0.000000, 
199.003037, 0.000000, 
