-0.030687, 0.000000, 
1.005275, 0.000000, 
1.934654, 0.000000, 
2.750366, 0.000000, 
3.833673, 0.000000, 
5.192681, 0.000000, 
6.105173, 0.000000, 
6.693595, 0.000000, 
7.738755, 0.000000, 
8.945845, 0.000000, 
9.794088, 0.000000, 
10.630000, 0.000000, 
11.988667, 0.000000, 
12.973083, 0.000000, 
13.995115, 0.000000, 
14.829376, 0.000000, 
16.294153, 0.000000, 
16.655278, 0.000000, 
18.196848, 0.000000, 
19.349691, 0.000000, 
19.872285, 0.000000, 
21.060385, 0.000000, 
21.703504, 0.000000, 
22.897239, 0.000000, 
23.650743, 0.000000, 
25.201648, 0.000000, 
25.780123, 0.000000, 
27.180318, 0.000000, 
28.186002, 0.000000, 
29.032708, 0.000000, 
30.117635, 0.000000, 
30.821035, 0.000000, 
31.947272, 0.000000, 
32.672911, 0.000000, 
34.167350, 0.000000, 
35.333506, 0.000000, 
36.245876, 0.000000, 
36.663246, 0.000000, 
37.693910, 0.000000, 
38.812600, 0.000000, 
39.685463, 0.000000, 
40.715988, 0.000000, 
41.939445, 0.000000, 
43.072778, 0.000000, 
43.748074, 0.000000, 
45.049667, 0.000000, 
46.069284, 0.000000, 
47.099793, 0.000000, 
47.968871, 0.000000, 
49.390931, 0.000000, 
49.788376, 0.000000, 
51.259145, 0.000000, 
51.817444, 0.000000, 
52.936776, 0.000000, 
53.877532, 0.000000, 
55.390992, 0.000000, 
56.158946, 0.000000, 
56.673471, 0.000000, 
58.301713, 0.000000, 
59.124450, 0.000000, 
60.269621, 0.000000, 
60.737708, 0.000000, 
61.965767, 0.000000, 
62.711460, 0.000000, 
64.193887, 0.000000, 
64.853530, 0.000000, 
65.639152, 0.000000, 
66.615707, 0.000000, 
68.282258, 0.000000, 
69.037393, 0.000000, 
69.818077, 0.000000, 
71.284432, 0.000000, 
72.146166, 0.000000, 
73.026344, 0.000000, 
74.327861, 0.000000, 
74.867281, 0.000000, 
75.691127, 0.000000, 
76.960209, 0.000000, 
77.968420, 0.000000, 
78.670956, 0.000000, 
79.869359, 0.000000, 
81.391186, 0.000000, 
81.707919, 0.000000, 
82.733570, 0.000000, 
84.015881, 0.000000, 
85.037281, 0.000000, 
85.676334, 0.000000, 
87.216252, 0.000000, 
87.861383, 0.000000, 
88.927244, 0.000000, 
89.884537, 0.000000, 
91.185393, 0.000000, 
92.292800, 0.000000, 
92.842132, 0.000000, 
93.929999, 0.000000, 
95.399455, 0.000000, 
95.790424, 0.000000, 
97.345479, 0.000000, 
98.233855, 0.000000, 
98.690611, 0.000000, 
100.274444, 0.000000, 
100.690933, 0.000000, 
101.765254, 0.000000, 
103.268338, 0.000000, 
103.840270, 0.000000, 
105.166005, 0.000000, 
106.318115, 0.000000, 
106.930195, 0.000000, 
107.741223, 0.000000, 
109.377240, 0.000000, 
110.175517, 0.000000, 
110.681316, 0.000000, 
112.322221, 0.000000, 
112.673919, 0.000000, 
113.764913, 0.000000, 
114.812928, 0.000000, 
115.761826, 0.000000, 
116.736227, 0.000000, 
118.037753, 0.000000, 
119.189733, 0.000000, 
120.301303, 0.000000, 
120.895150, 0.000000, 
122.375776, 0.000000, 
123.229599, 0.000000, 
124.330809, 0.000000, 
124.699601, 0.000000, 
126.262840, 0.000000, 
127.178796, 0.000000, 
127.813188, 0.000000, 
128.722127, 0.000000, 
129.881851, 0.000000, 
130.733850, 0.000000, 
132.256843, 0.000000, 
132.681914, 0.000000, 
134.106057, 0.000000, 
134.705909, 0.000000, 
135.678513, 0.000000, 
136.667612, 0.000000, 
137.603053, 0.000000, 
138.932966, 0.000000, 
140.273500, 0.000000, 
141.395983, 0.000000, 
142.046867, 0.000000, 
142.885165, 0.000000, 
144.289241, 0.000000, 
145.363152, 0.000000, 
146.378594, 0.000000, 
147.395833, 0.000000, 
148.210847, 0.000000, 
148.948139, 0.000000, 
149.771174, 0.000000, 
150.880510, 0.000000, 
152.201078, 0.000000, 
153.316745, 0.000000, 
154.099618, 0.000000, 
155.267598, 0.000000, 
155.916912, 0.000000, 
156.686744, 0.000000, 
157.632351, 0.000000, 
159.225432, 0.000000, 
160.299865, 0.000000, 
161.150489, 0.000000, 
162.146106, 0.000000, 
163.095068, 0.000000, 
163.786227, 0.000000, 
164.679157, 0.000000, 
166.151131, 0.000000, 
167.227198, 0.000000, 
168.301787, 0.000000, 
168.917444, 0.000000, 
170.353910, 0.000000, 
170.778335, 0.000000, 
172.146052, 0.000000, 
172.886117, 0.000000, 
173.781125, 0.000000, 
175.228054, 0.000000, 
176.062207, 0.000000, 
177.156526, 0.000000, 
178.360006, 0.000000, 
179.380142, 0.000000, 
179.617169, 0.000000, 
180.698094, 0.000000, 
181.861492, 0.000000, 
183.347342, 0.000000, 
183.606571, 0.000000, 
185.152609, 0.000000, 
186.001622, 0.000000, 
187.278158, 0.000000, 
188.326026, 0.000000, 
189.281856, 0.000000, 
190.116327, 0.000000, 
191.325195, 0.000000, 
191.644693, 0.000000, 
192.765823, 0.000000, 
194.032813, 0.000000, 
195.283919, 0.000000, 
196.148283, 0.000000, 
197.275688, 0.000000, 
198.263719, 0.000000, 
198.713199, 0.000000, 
