0.222396, 0.000000, 
1.348176, 0.000000, 
1.843556, 0.000000, 
3.292315, 0.000000, 
3.639975, 0.000000, 
5.246804, 0.000000, 
6.203264, 0.000000, 
7.398500, 0.000000, 
8.308456, 0.000000, 
9.185750, 0.000000, 
9.825875, 0.000000, 
10.801367, 0.000000, 
11.873478, 0.000000, 
12.764558, 0.000000, 
13.773121, 0.000000, 
14.982600, 0.000000, 
15.808867, 0.000000, 
17.081774, 0.000000, 
18.064680, 0.000000, 
19.334967, 0.000000, 
19.719698, 0.000000, 
20.740666, 0.000000, 
21.780468, 0.000000, 
22.682924, 0.000000, 
24.299073, 0.000000, 
25.035071, 0.000000, 
26.320533, 0.000000, 
27.082632, 0.000000, 
27.938558, 0.000000, 
28.943795, 0.000000, 
30.013023, 0.000000, 
31.221004, 0.000000, 
32.354461, 0.000000, 
32.895538, 0.000000, 
34.004213, 0.000000, 
34.992600, 0.000000, 
35.679122, 0.000000, 
37.044548, 0.000000, 
38.032284, 0.000000, 
39.100977, 0.000000, 
40.190654, 0.000000, 
41.204629, 0.000000, 
42.169342, 0.000000, 
42.729857, 0.000000, 
44.196110, 0.000000, 
45.163228, 0.000000, 
45.988654, 0.000000, 
46.961076, 0.000000, 
48.023982, 0.000000, 
48.976814, 0.000000, 
49.994237, 0.000000, 
50.846226, 0.000000, 
52.314583, 0.000000, 
52.954283, 0.000000, 
53.874591, 0.000000, 
54.953484, 0.000000, 
55.614981, 0.000000, 
56.981735, 0.000000, 
58.130421, 0.000000, 
59.252556, 0.000000, 
60.050044, 0.000000, 
60.953135, 0.000000, 
61.926625, 0.000000, 
63.316766, 0.000000, 
63.677882, 0.000000, 
64.889546, 0.000000, 
66.140848, 0.000000, 
67.086852, 0.000000, 
67.730723, 0.000000, 
68.845055, 0.000000, 
70.308928, 0.000000, 
71.047316, 0.000000, 
72.220639, 0.000000, 
73.261605, 0.000000, 
74.245448, 0.000000, 
75.109996, 0.000000, 
75.980628, 0.000000, 
77.010256, 0.000000, 
78.342237, 0.000000, 
79.231843, 0.000000, 
79.798972, 0.000000, 
80.685374, 0.000000, 
81.952063, 0.000000, 
83.380287, 0.000000, 
83.839596, 0.000000, 
85.121343, 0.000000, 
86.264545, 0.000000, 
86.959938, 0.000000, 
88.186570, 0.000000, 
88.954821, 0.000000, 
89.863243, 0.000000, 
91.133082, 0.000000, 
91.771995, 0.000000, 
93.314834, 0.000000, 
93.859965, 0.000000, 
95.133111, 0.000000, 
95.718601, 0.000000, 
96.909829, 0.000000, 
97.683153, 0.000000, 
99.072206, 0.000000, 
99.809497, 0.000000, 
100.659929, 0.000000, 
102.032284, 0.000000, 
102.708094, 0.000000, 
103.958538, 0.000000, 
104.761745, 0.000000, 
106.138647, 0.000000, 
106.834808, 0.000000, 
107.854939, 0.000000, 
108.670828, 0.000000, 
109.869500, 0.000000, 
110.824028, 0.000000, 
112.244066, 0.000000, 
112.703156, 0.000000, 
114.273754, 0.000000, 
115.101381, 0.000000, 
115.690923, 0.000000, 
116.696385, 0.000000, 
118.147200, 0.000000, 
119.222203, 0.000000, 
119.906436, 0.000000, 
120.797105, 0.000000, 
122.190192, 0.000000, 
123.139267, 0.000000, 
123.607770, 0.000000, 
124.906565, 0.000000, 
125.821757, 0.000000, 
127.392145, 0.000000, 
127.666727, 0.000000, 
128.811642, 0.000000, 
130.398000, 0.000000, 
130.713483, 0.000000, 
131.919775, 0.000000, 
133.129170, 0.000000, 
133.983862, 0.000000, 
134.711400, 0.000000, 
136.204661, 0.000000, 
136.655108, 0.000000, 
138.239445, 0.000000, 
138.824921, 0.000000, 
139.605906, 0.000000, 
141.333402, 0.000000, 
141.660900, 0.000000, 
143.355370, 0.000000, 
144.104346, 0.000000, 
145.121286, 0.000000, 
146.191524, 0.000000, 
146.959684, 0.000000, 
148.011307, 0.000000, 
148.746038, 0.000000, 
150.126682, 0.000000, 
150.762734, 0.000000, 
152.098945, 0.000000, 
153.325246, 0.000000, 
154.035005, 0.000000, 
154.899163, 0.000000, 
156.204071, 0.000000, 
156.871008, 0.000000, 
158.077191, 0.000000, 
158.867540, 0.000000, 
159.710447, 0.000000, 
161.171137, 0.000000, 
162.149321, 0.000000, 
162.731301, 0.000000, 
163.792783, 0.000000, 
164.865847, 0.000000, 
165.825268, 0.000000, 
166.669183, 0.000000, 
167.963181, 0.000000, 
168.958670, 0.000000, 
170.260615, 0.000000, 
170.732452, 0.000000, 
172.271919, 0.000000, 
173.135754, 0.000000, 
174.101800, 0.000000, 
175.141451, 0.000000, 
175.763813, 0.000000, 
177.328456, 0.000000, 
178.266455, 0.000000, 
178.678000, 0.000000, 
179.669711, 0.000000, 
180.954130, 0.000000, 
182.095968, 0.000000, 
183.370721, 0.000000, 
184.299031, 0.000000, 
184.729967, 0.000000, 
186.064598, 0.000000, 
187.044405, 0.000000, 
187.737139, 0.000000, 
189.280915, 0.000000, 
190.025177, 0.000000, 
191.131411, 0.000000, 
191.836363, 0.000000, 
192.759430, 0.000000, 
194.323848, 0.000000, 
195.096455, 0.000000, 
195.997046, 0.000000, 
196.707365, 0.000000, 
197.826140, 0.000000, 
198.662695, 0.000000, 
