0.174721, 0.000000, 
1.234682, 0.000000, 
2.123476, 0.000000, 
3.086936, 0.000000, 
4.320547, 0.000000, 
5.452442, 0.000000, 
6.290363, 0.000000, 
6.684800, 0.000000, 
8.363234, 0.000000, 
9.059954, 0.000000, 
9.682593, 0.000000, 
11.088580, 0.000000, 
12.140208, 0.000000, 
12.948815, 0.000000, 
14.237484, 0.000000, 
14.967508, 0.000000, 
16.160509, 0.000000, 
17.230263, 0.000000, 
17.608325, 0.000000, 
19.084887, 0.000000, 
20.182768, 0.000000, 
21.175238, 0.000000, 
21.810815, 0.000000, 
22.603220, 0.000000, 
24.339536, 0.000000, 
24.810718, 0.000000, 
25.942240, 0.000000, 
27.013532, 0.000000, 
27.878953, 0.000000, 
28.925854, 0.000000, 
29.861399, 0.000000, 
30.915804, 0.000000, 
31.686335, 0.000000, 
33.249326, 0.000000, 
33.926781, 0.000000, 
35.482889, 0.000000, 
35.819831, 0.000000, 
37.214061, 0.000000, 
37.753422, 0.000000, 
39.199653, 0.000000, 
40.079590, 0.000000, 
40.737837, 0.000000, 
41.678181, 0.000000, 
42.907195, 0.000000, 
44.036372, 0.000000, 
45.092937, 0.000000, 
46.474747, 0.000000, 
46.943503, 0.000000, 
48.205373, 0.000000, 
48.944714, 0.000000, 
49.676384, 0.000000, 
50.586933, 0.000000, 
51.676395, 0.000000, 
52.783047, 0.000000, 
54.004188, 0.000000, 
55.492978, 0.000000, 
55.505741, 0.000000, 
56.597182, 0.000000, 
57.571082, 0.000000, 
59.361369, 0.000000, 
59.591206, 0.000000, 
60.513897, 0.000000, 
61.835215, 0.000000, 
63.091691, 0.000000, 
63.861570, 0.000000, 
65.066951, 0.000000, 
66.418974, 0.000000, 
67.375286, 0.000000, 
67.674554, 0.000000, 
68.773862, 0.000000, 
69.620645, 0.000000, 
71.184604, 0.000000, 
71.606187, 0.000000, 
72.588971, 0.000000, 
73.552778, 0.000000, 
75.114524, 0.000000, 
76.068105, 0.000000, 
77.315969, 0.000000, 
77.883400, 0.000000, 
79.192083, 0.000000, 
80.027003, 0.000000, 
81.253329, 0.000000, 
82.076053, 0.000000, 
83.031891, 0.000000, 
84.019442, 0.000000, 
84.628173, 0.000000, 
86.248394, 0.000000, 
87.462027, 0.000000, 
88.333971, 0.000000, 
88.916254, 0.000000, 
89.952452, 0.000000, 
91.013823, 0.000000, 
92.461063, 0.000000, 
93.350078, 0.000000, 
94.442492, 0.000000, 
94.535087, 0.000000, 
96.295263, 0.000000, 
97.289140, 0.000000, 
98.337325, 0.000000, 
99.311168, 0.000000, 
99.772668, 0.000000, 
101.322228, 0.000000, 
102.499394, 0.000000, 
102.570345, 0.000000, 
103.836229, 0.000000, 
105.088373, 0.000000, 
105.664272, 0.000000, 
107.124661, 0.000000, 
108.110825, 0.000000, 
108.554745, 0.000000, 
110.034141, 0.000000, 
110.548567, 0.000000, 
112.198581, 0.000000, 
112.936030, 0.000000, 
114.111055, 0.000000, 
114.861354, 0.000000, 
115.545886, 0.000000, 
117.198226, 0.000000, 
117.593802, 0.000000, 
119.181935, 0.000000, 
120.308234, 0.000000, 
120.881599, 0.000000, 
121.745136, 0.000000, 
122.726097, 0.000000, 
124.010207, 0.000000, 
125.010356, 0.000000, 
126.256364, 0.000000, 
127.091627, 0.000000, 
127.576748, 0.000000, 
129.325625, 0.000000, 
129.778986, 0.000000, 
130.776597, 0.000000, 
132.395942, 0.000000, 
133.083323, 0.000000, 
133.908167, 0.000000, 
134.837934, 0.000000, 
136.056340, 0.000000, 
136.986702, 0.000000, 
138.286704, 0.000000, 
139.484526, 0.000000, 
139.669611, 0.000000, 
141.143112, 0.000000, 
141.539666, 0.000000, 
143.187323, 0.000000, 
144.454810, 0.000000, 
145.112664, 0.000000, 
146.139378, 0.000000, 
146.637618, 0.000000, 
148.452355, 0.000000, 
149.437243, 0.000000, 
149.746931, 0.000000, 
150.750296, 0.000000, 
152.441521, 0.000000, 
152.791561, 0.000000, 
153.505412, 0.000000, 
155.309830, 0.000000, 
156.451224, 0.000000, 
156.776944, 0.000000, 
158.412943, 0.000000, 
159.323592, 0.000000, 
159.511829, 0.000000, 
160.594001, 0.000000, 
161.770350, 0.000000, 
162.601721, 0.000000, 
164.217968, 0.000000, 
164.832391, 0.000000, 
166.405171, 0.000000, 
167.232932, 0.000000, 
168.471180, 0.000000, 
169.036866, 0.000000, 
169.866089, 0.000000, 
171.279447, 0.000000, 
172.205931, 0.000000, 
172.606519, 0.000000, 
173.583047, 0.000000, 
175.129426, 0.000000, 
175.933666, 0.000000, 
176.810315, 0.000000, 
178.222088, 0.000000, 
179.405268, 0.000000, 
179.837214, 0.000000, 
181.134276, 0.000000, 
182.027512, 0.000000, 
183.103428, 0.000000, 
184.185991, 0.000000, 
184.836903, 0.000000, 
185.857387, 0.000000, 
187.321310, 0.000000, 
188.060774, 0.000000, 
189.124662, 0.000000, 
190.399575, 0.000000, 
191.420529, 0.000000, 
192.241563, 0.000000, 
193.412531, 0.000000, 
194.264322, 0.000000, 
194.962774, 0.000000, 
195.904251, 0.000000, 
196.752096, 0.000000, 
198.314937, 0.000000, 
199.147169, 0.000000, 
