-0.437196, 0.000000, 
1.311921, 0.000000, 
1.774893, 0.000000, 
2.555930, 0.000000, 
3.593969, 0.000000, 
5.122677, 0.000000, 
5.679811, 0.000000, 
7.396142, 0.000000, 
7.564319, 0.000000, 
9.428075, 0.000000, 
10.021803, 0.000000, 
11.264995, 0.000000, 
11.841838, 0.000000, 
12.610492, 0.000000, 
13.591626, 0.000000, 
15.191737, 0.000000, 
16.234831, 0.000000, 
16.644389, 0.000000, 
18.281710, 0.000000, 
18.746676, 0.000000, 
20.118566, 0.000000, 
20.675428, 0.000000, 
22.086477, 0.000000, 
23.394234, 0.000000, 
23.827231, 0.000000, 
25.229611, 0.000000, 
25.832094, 0.000000, 
26.785960, 0.000000, 
28.475982, 0.000000, 
28.784426, 0.000000, 
30.406042, 0.000000, 
30.913935, 0.000000, 
32.380254, 0.000000, 
32.642309, 0.000000, 
33.595161, 0.000000, 
34.984613, 0.000000, 
36.353318, 0.000000, 
37.283998, 0.000000, 
37.983049, 0.000000, 
39.150576, 0.000000, 
39.753687, 0.000000, 
41.311564, 0.000000, 
42.252004, 0.000000, 
42.789928, 0.000000, 
43.781693, 0.000000, 
44.812052, 0.000000, 
46.234588, 0.000000, 
47.417126, 0.000000, 
47.692840, 0.000000, 
48.543510, 0.000000, 
50.048713, 0.000000, 
50.557237, 0.000000, 
52.286871, 0.000000, 
52.676406, 0.000000, 
54.428752, 0.000000, 
54.976137, 0.000000, 
55.673339, 0.000000, 
56.891386, 0.000000, 
57.957981, 0.000000, 
59.386383, 0.000000, 
59.613388, 0.000000, 
60.788668, 0.000000, 
62.303845, 0.000000, 
62.520296, 0.000000, 
63.607898, 0.000000, 
65.241345, 0.000000, 
66.234861, 0.000000, 
67.060633, 0.000000, 
67.510401, 0.000000, 
68.665823, 0.000000, 
70.269007, 0.000000, 
70.502261, 0.000000, 
72.236477, 0.000000, 
72.501685, 0.000000, 
74.129135, 0.000000, 
75.298805, 0.000000, 
75.636619, 0.000000, 
77.326251, 0.000000, 
77.983484, 0.000000, 
79.111039, 0.000000, 
80.286681, 0.000000, 
81.015778, 0.000000, 
82.292608, 0.000000, 
82.785983, 0.000000, 
84.131300, 0.000000, 
84.932048, 0.000000, 
85.603856, 0.000000, 
86.590523, 0.000000, 
87.925230, 0.000000, 
88.795401, 0.000000, 
90.389766, 0.000000, 
90.891884, 0.000000, 
92.155776, 0.000000, 
93.462479, 0.000000, 
94.144679, 0.000000, 
94.594188, 0.000000, 
96.299054, 0.000000, 
97.118520, 0.000000, 
97.689127, 0.000000, 
99.496436, 0.000000, 
99.991607, 0.000000, 
101.184544, 0.000000, 
101.730155, 0.000000, 
102.846800, 0.000000, 
103.527947, 0.000000, 
104.956415, 0.000000, 
106.263324, 0.000000, 
107.098443, 0.000000, 
108.304716, 0.000000, 
109.018698, 0.000000, 
109.532621, 0.000000, 
111.348547, 0.000000, 
112.358127, 0.000000, 
113.394331, 0.000000, 
114.071574, 0.000000, 
115.475253, 0.000000, 
116.328092, 0.000000, 
116.780416, 0.000000, 
118.477382, 0.000000, 
118.608831, 0.000000, 
119.770756, 0.000000, 
121.492056, 0.000000, 
122.306285, 0.000000, 
122.561761, 0.000000, 
124.277372, 0.000000, 
124.963154, 0.000000, 
126.046206, 0.000000, 
126.570978, 0.000000, 
127.743685, 0.000000, 
128.948831, 0.000000, 
129.891907, 0.000000, 
131.131480, 0.000000, 
132.401867, 0.000000, 
132.709120, 0.000000, 
134.004718, 0.000000, 
135.306184, 0.000000, 
136.068108, 0.000000, 
137.427470, 0.000000, 
137.807411, 0.000000, 
139.267374, 0.000000, 
139.997372, 0.000000, 
140.944958, 0.000000, 
141.648563, 0.000000, 
142.874802, 0.000000, 
143.934703, 0.000000, 
144.561864, 0.000000, 
145.991952, 0.000000, 
147.276613, 0.000000, 
147.817031, 0.000000, 
149.215857, 0.000000, 
149.581867, 0.000000, 
151.268497, 0.000000, 
151.607972, 0.000000, 
153.459261, 0.000000, 
154.430443, 0.000000, 
154.780807, 0.000000, 
155.994775, 0.000000, 
157.081745, 0.000000, 
157.577066, 0.000000, 
158.763558, 0.000000, 
160.119056, 0.000000, 
160.526881, 0.000000, 
161.650233, 0.000000, 
162.820529, 0.000000, 
163.792009, 0.000000, 
164.764906, 0.000000, 
166.139603, 0.000000, 
167.176077, 0.000000, 
168.311482, 0.000000, 
168.908584, 0.000000, 
170.054233, 0.000000, 
170.707328, 0.000000, 
171.609500, 0.000000, 
173.463762, 0.000000, 
173.573171, 0.000000, 
175.088410, 0.000000, 
175.708271, 0.000000, 
176.795763, 0.000000, 
178.305059, 0.000000, 
179.366474, 0.000000, 
180.430155, 0.000000, 
181.026085, 0.000000, 
181.670368, 0.000000, 
182.506727, 0.000000, 
184.065630, 0.000000, 
184.948421, 0.000000, 
186.357431, 0.000000, 
187.310186, 0.000000, 
188.244357, 0.000000, 
188.988032, 0.000000, 
190.311950, 0.000000, 
190.864151, 0.000000, 
191.930962, 0.000000, 
193.053130, 0.000000, 
193.892396, 0.000000, 
194.707360, 0.000000, 
196.350791, 0.000000, 
197.398644, 0.000000, 
197.713222, 0.000000, 
198.660106, 0.000000, 
