-0.320289, 0.000000, 
0.658293, 0.000000, 
2.078255, 0.000000, 
2.659912, 0.000000, 
3.950535, 0.000000, 
4.688235, 0.000000, 
5.916098, 0.000000, 
6.895479, 0.000000, 
7.960158, 0.000000, 
9.271607, 0.000000, 
9.623222, 0.000000, 
10.686814, 0.000000, 
11.651438, 0.000000, 
12.672697, 0.000000, 
13.912654, 0.000000, 
14.837474, 0.000000, 
16.216170, 0.000000, 
16.618801, 0.000000, 
18.201502, 0.000000, 
19.242169, 0.000000, 
19.963356, 0.000000, 
21.040697, 0.000000, 
22.051481, 0.000000, 
23.163470, 0.000000, 
24.178290, 0.000000, 
24.748028, 0.000000, 
25.708567, 0.000000, 
26.685671, 0.000000, 
27.774837, 0.000000, 
28.795745, 0.000000, 
30.248122, 0.000000, 
30.873994, 0.000000, 
32.227153, 0.000000, 
33.126852, 0.000000, 
33.907383, 0.000000, 
34.798789, 0.000000, 
36.314502, 0.000000, 
36.843584, 0.000000, 
38.397094, 0.000000, 
39.341187, 0.000000, 
40.236371, 0.000000, 
41.280730, 0.000000, 
42.197530, 0.000000, 
42.792393, 0.000000, 
44.277417, 0.000000, 
45.150015, 0.000000, 
46.307655, 0.000000, 
46.929262, 0.000000, 
47.988343, 0.000000, 
48.672196, 0.000000, 
49.828142, 0.000000, 
51.123028, 0.000000, 
52.386768, 0.000000, 
53.142023, 0.000000, 
54.148016, 0.000000, 
55.150649, 0.000000, 
55.774654, 0.000000, 
56.628547, 0.000000, 
58.376383, 0.000000, 
58.655656, 0.000000, 
59.632506, 0.000000, 
60.912377, 0.000000, 
62.203058, 0.000000, 
63.124562, 0.000000, 
64.301135, 0.000000, 
64.959955, 0.000000, 
66.355843, 0.000000, 
66.708050, 0.000000, 
67.764661, 0.000000, 
69.167194, 0.000000, 
69.776928, 0.000000, 
70.683555, 0.000000, 
71.736427, 0.000000, 
73.064709, 0.000000, 
74.169756, 0.000000, 
75.354253, 0.000000, 
75.932167, 0.000000, 
77.152087, 0.000000, 
77.733977, 0.000000, 
78.994577, 0.000000, 
80.161887, 0.000000, 
81.165309, 0.000000, 
81.960524, 0.000000, 
83.181478, 0.000000, 
84.234034, 0.000000, 
85.378187, 0.000000, 
85.602885, 0.000000, 
86.852207, 0.000000, 
87.772077, 0.000000, 
89.339597, 0.000000, 
90.318599, 0.000000, 
90.623406, 0.000000, 
91.994332, 0.000000, 
92.751684, 0.000000, 
93.696894, 0.000000, 
95.249390, 0.000000, 
96.175424, 0.000000, 
96.716855, 0.000000, 
97.972873, 0.000000, 
99.266864, 0.000000, 
100.019544, 0.000000, 
101.138657, 0.000000, 
102.293404, 0.000000, 
103.277445, 0.000000, 
104.030679, 0.000000, 
105.178528, 0.000000, 
106.137413, 0.000000, 
106.905724, 0.000000, 
108.287543, 0.000000, 
108.649362, 0.000000, 
110.018977, 0.000000, 
110.798387, 0.000000, 
112.171426, 0.000000, 
112.740861, 0.000000, 
113.776672, 0.000000, 
114.788251, 0.000000, 
115.794273, 0.000000, 
117.320413, 0.000000, 
118.222792, 0.000000, 
118.673111, 0.000000, 
119.896311, 0.000000, 
121.186530, 0.000000, 
121.817486, 0.000000, 
122.793633, 0.000000, 
124.174522, 0.000000, 
125.293531, 0.000000, 
126.291501, 0.000000, 
127.337072, 0.000000, 
128.010901, 0.000000, 
128.809044, 0.000000, 
130.193927, 0.000000, 
131.034654, 0.000000, 
132.222846, 0.000000, 
133.363040, 0.000000, 
133.867690, 0.000000, 
135.121817, 0.000000, 
135.873565, 0.000000, 
137.249360, 0.000000, 
137.782639, 0.000000, 
138.786881, 0.000000, 
140.269020, 0.000000, 
140.949002, 0.000000, 
142.000659, 0.000000, 
143.349795, 0.000000, 
144.252124, 0.000000, 
145.318945, 0.000000, 
145.663960, 0.000000, 
146.613282, 0.000000, 
148.240869, 0.000000, 
148.918779, 0.000000, 
149.799478, 0.000000, 
150.810127, 0.000000, 
152.031716, 0.000000, 
152.643593, 0.000000, 
154.360456, 0.000000, 
155.188816, 0.000000, 
156.081737, 0.000000, 
156.998122, 0.000000, 
158.126066, 0.000000, 
159.078528, 0.000000, 
160.073601, 0.000000, 
161.062217, 0.000000, 
162.360916, 0.000000, 
163.369597, 0.000000, 
164.247424, 0.000000, 
165.126534, 0.000000, 
165.976871, 0.000000, 
167.232298, 0.000000, 
168.116718, 0.000000, 
168.667892, 0.000000, 
170.283826, 0.000000, 
171.356282, 0.000000, 
172.263123, 0.000000, 
173.255842, 0.000000, 
174.090898, 0.000000, 
174.965592, 0.000000, 
175.839278, 0.000000, 
177.301060, 0.000000, 
177.743987, 0.000000, 
178.656863, 0.000000, 
180.113388, 0.000000, 
180.914103, 0.000000, 
182.046563, 0.000000, 
183.220384, 0.000000, 
183.797338, 0.000000, 
184.992453, 0.000000, 
186.077349, 0.000000, 
187.222228, 0.000000, 
187.845532, 0.000000, 
188.834225, 0.000000, 
190.127970, 0.000000, 
190.732572, 0.000000, 
192.270456, 0.000000, 
193.118670, 0.000000, 
193.872455, 0.000000, 
194.947673, 0.000000, 
195.859686, 0.000000, 
196.692826, 0.000000, 
197.678423, 0.000000, 
198.762298, 0.000000, 
