0.047873, 0.000000, 
0.845892, 0.000000, 
1.949432, 0.000000, 
2.885797, 0.000000, 
4.085888, 0.000000, 
4.827754, 0.000000, 
6.042772, 0.000000, 
6.857181, 0.000000, 
8.049822, 0.000000, 
8.938030, 0.000000, 
10.055516, 0.000000, 
11.029482, 0.000000, 
11.882108, 0.000000, 
13.083104, 0.000000, 
13.833483, 0.000000, 
15.030113, 0.000000, 
15.928595, 0.000000, 
16.995725, 0.000000, 
17.913540, 0.000000, 
19.162466, 0.000000, 
20.092120, 0.000000, 
21.188951, 0.000000, 
21.968038, 0.000000, 
23.138299, 0.000000, 
24.020559, 0.000000, 
25.017659, 0.000000, 
26.147594, 0.000000, 
26.954080, 0.000000, 
27.904912, 0.000000, 
28.800359, 0.000000, 
29.834636, 0.000000, 
31.119309, 0.000000, 
31.889804, 0.000000, 
33.130733, 0.000000, 
33.846828, 0.000000, 
34.966595, 0.000000, 
36.193324, 0.000000, 
37.157162, 0.000000, 
37.995422, 0.000000, 
38.848242, 0.000000, 
40.164571, 0.000000, 
41.057665, 0.000000, 
42.165181, 0.000000, 
42.826611, 0.000000, 
43.913010, 0.000000, 
45.128431, 0.000000, 
45.906660, 0.000000, 
46.894285, 0.000000, 
47.883493, 0.000000, 
48.843241, 0.000000, 
49.936185, 0.000000, 
50.845402, 0.000000, 
52.051689, 0.000000, 
53.008830, 0.000000, 
54.135843, 0.000000, 
54.902276, 0.000000, 
55.919445, 0.000000, 
56.899141, 0.000000, 
58.036567, 0.000000, 
58.831718, 0.000000, 
60.172729, 0.000000, 
60.980279, 0.000000, 
61.881674, 0.000000, 
62.821692, 0.000000, 
64.112303, 0.000000, 
65.050820, 0.000000, 
65.925540, 0.000000, 
66.820906, 0.000000, 
68.098858, 0.000000, 
68.873580, 0.000000, 
70.160579, 0.000000, 
70.864050, 0.000000, 
71.982799, 0.000000, 
72.897335, 0.000000, 
74.177093, 0.000000, 
75.050984, 0.000000, 
76.144602, 0.000000, 
76.849804, 0.000000, 
77.950123, 0.000000, 
79.005091, 0.000000, 
79.991433, 0.000000, 
80.883336, 0.000000, 
81.894386, 0.000000, 
82.953138, 0.000000, 
83.866468, 0.000000, 
84.810381, 0.000000, 
85.908911, 0.000000, 
87.143677, 0.000000, 
88.118304, 0.000000, 
88.967992, 0.000000, 
89.862873, 0.000000, 
91.058940, 0.000000, 
92.189435, 0.000000, 
92.860571, 0.000000, 
93.986952, 0.000000, 
94.912811, 0.000000, 
95.925663, 0.000000, 
96.950041, 0.000000, 
97.914173, 0.000000, 
98.801346, 0.000000, 
100.178265, 0.000000, 
100.907420, 0.000000, 
102.031606, 0.000000, 
102.976919, 0.000000, 
104.124817, 0.000000, 
105.006690, 0.000000, 
105.927909, 0.000000, 
106.842284, 0.000000, 
107.919685, 0.000000, 
108.863537, 0.000000, 
110.089865, 0.000000, 
110.943098, 0.000000, 
111.932971, 0.000000, 
112.881987, 0.000000, 
114.082409, 0.000000, 
114.935269, 0.000000, 
115.940159, 0.000000, 
117.088793, 0.000000, 
118.068998, 0.000000, 
118.943155, 0.000000, 
119.969829, 0.000000, 
120.892899, 0.000000, 
122.003344, 0.000000, 
122.854565, 0.000000, 
124.172446, 0.000000, 
125.168737, 0.000000, 
125.978362, 0.000000, 
126.970094, 0.000000, 
127.875782, 0.000000, 
129.145531, 0.000000, 
129.850930, 0.000000, 
131.028181, 0.000000, 
131.950891, 0.000000, 
133.171167, 0.000000, 
133.928653, 0.000000, 
134.959061, 0.000000, 
135.821252, 0.000000, 
137.166059, 0.000000, 
137.943962, 0.000000, 
138.968654, 0.000000, 
139.859970, 0.000000, 
140.949357, 0.000000, 
142.180834, 0.000000, 
143.091828, 0.000000, 
143.823433, 0.000000, 
144.878510, 0.000000, 
145.960833, 0.000000, 
147.051465, 0.000000, 
148.179683, 0.000000, 
148.863464, 0.000000, 
149.984430, 0.000000, 
151.188713, 0.000000, 
152.097033, 0.000000, 
153.166941, 0.000000, 
154.198022, 0.000000, 
155.059998, 0.000000, 
156.037508, 0.000000, 
156.950818, 0.000000, 
157.932057, 0.000000, 
158.953317, 0.000000, 
160.042762, 0.000000, 
160.982640, 0.000000, 
161.875109, 0.000000, 
163.054245, 0.000000, 
163.949455, 0.000000, 
165.004924, 0.000000, 
166.089734, 0.000000, 
166.980588, 0.000000, 
167.930538, 0.000000, 
169.194720, 0.000000, 
169.955614, 0.000000, 
171.025495, 0.000000, 
171.825256, 0.000000, 
173.031220, 0.000000, 
174.068772, 0.000000, 
174.899051, 0.000000, 
176.011561, 0.000000, 
176.946491, 0.000000, 
178.148886, 0.000000, 
178.897147, 0.000000, 
179.908992, 0.000000, 
181.139429, 0.000000, 
182.152011, 0.000000, 
182.906786, 0.000000, 
184.115815, 0.000000, 
185.165298, 0.000000, 
185.878049, 0.000000, 
186.808796, 0.000000, 
187.808575, 0.000000, 
189.084467, 0.000000, 
189.899838, 0.000000, 
190.866289, 0.000000, 
192.064124, 0.000000, 
193.024429, 0.000000, 
193.970063, 0.000000, 
194.801225, 0.000000, 
195.892026, 0.000000, 
197.194404, 0.000000, 
198.010682, 0.000000, 
198.963305, 0.000000, 
