-0.140966, 0.000000, 
1.448940, 0.000000, 
1.844617, 0.000000, 
2.627798, 0.000000, 
3.891044, 0.000000, 
5.204827, 0.000000, 
6.384803, 0.000000, 
7.447719, 0.000000, 
7.788590, 0.000000, 
9.335638, 0.000000, 
9.710303, 0.000000, 
10.750402, 0.000000, 
11.649926, 0.000000, 
13.162120, 0.000000, 
14.445036, 0.000000, 
14.720924, 0.000000, 
15.736677, 0.000000, 
16.972123, 0.000000, 
17.737298, 0.000000, 
18.904904, 0.000000, 
19.879013, 0.000000, 
20.820970, 0.000000, 
21.788257, 0.000000, 
22.992814, 0.000000, 
24.074018, 0.000000, 
25.236040, 0.000000, 
25.941315, 0.000000, 
27.276106, 0.000000, 
27.864819, 0.000000, 
28.629252, 0.000000, 
29.558326, 0.000000, 
30.892422, 0.000000, 
31.508469, 0.000000, 
33.496864, 0.000000, 
34.297939, 0.000000, 
34.900391, 0.000000, 
35.501911, 0.000000, 
37.324866, 0.000000, 
38.396196, 0.000000, 
38.574613, 0.000000, 
39.718388, 0.000000, 
41.207647, 0.000000, 
42.369146, 0.000000, 
43.169827, 0.000000, 
44.423575, 0.000000, 
45.411760, 0.000000, 
45.512024, 0.000000, 
46.913330, 0.000000, 
48.146733, 0.000000, 
48.714334, 0.000000, 
50.266377, 0.000000, 
50.717764, 0.000000, 
51.648538, 0.000000, 
52.786995, 0.000000, 
54.434479, 0.000000, 
55.274577, 0.000000, 
56.329639, 0.000000, 
56.697859, 0.000000, 
57.853026, 0.000000, 
58.945745, 0.000000, 
59.692759, 0.000000, 
61.140807, 0.000000, 
62.120152, 0.000000, 
63.222977, 0.000000, 
63.692648, 0.000000, 
64.820878, 0.000000, 
65.952749, 0.000000, 
67.491993, 0.000000, 
67.625316, 0.000000, 
69.053905, 0.000000, 
69.993530, 0.000000, 
71.307772, 0.000000, 
71.667807, 0.000000, 
73.146289, 0.000000, 
73.901242, 0.000000, 
74.913979, 0.000000, 
76.497006, 0.000000, 
77.104053, 0.000000, 
77.828842, 0.000000, 
78.712019, 0.000000, 
79.986988, 0.000000, 
81.489632, 0.000000, 
82.196779, 0.000000, 
82.691392, 0.000000, 
84.488844, 0.000000, 
84.532276, 0.000000, 
86.282853, 0.000000, 
86.645987, 0.000000, 
87.682646, 0.000000, 
88.918904, 0.000000, 
89.721794, 0.000000, 
91.387335, 0.000000, 
91.720193, 0.000000, 
93.342925, 0.000000, 
94.070308, 0.000000, 
95.107321, 0.000000, 
95.848541, 0.000000, 
96.760727, 0.000000, 
98.049340, 0.000000, 
98.654338, 0.000000, 
99.720567, 0.000000, 
101.130714, 0.000000, 
102.168478, 0.000000, 
103.326532, 0.000000, 
103.913981, 0.000000, 
104.629576, 0.000000, 
106.105887, 0.000000, 
106.627533, 0.000000, 
108.243169, 0.000000, 
108.819668, 0.000000, 
109.717113, 0.000000, 
111.456429, 0.000000, 
112.154359, 0.000000, 
112.951967, 0.000000, 
113.944343, 0.000000, 
115.183366, 0.000000, 
115.652448, 0.000000, 
116.826479, 0.000000, 
117.632808, 0.000000, 
119.448104, 0.000000, 
119.611653, 0.000000, 
120.983228, 0.000000, 
122.376437, 0.000000, 
123.297269, 0.000000, 
124.432124, 0.000000, 
124.560792, 0.000000, 
126.487783, 0.000000, 
126.977054, 0.000000, 
127.709791, 0.000000, 
129.272638, 0.000000, 
129.588908, 0.000000, 
130.946299, 0.000000, 
131.689285, 0.000000, 
132.618171, 0.000000, 
134.362897, 0.000000, 
135.012969, 0.000000, 
136.246644, 0.000000, 
136.942210, 0.000000, 
137.794403, 0.000000, 
139.396209, 0.000000, 
139.567125, 0.000000, 
140.602506, 0.000000, 
141.844144, 0.000000, 
142.761724, 0.000000, 
144.131187, 0.000000, 
144.822321, 0.000000, 
145.942021, 0.000000, 
147.026333, 0.000000, 
147.613654, 0.000000, 
148.508401, 0.000000, 
150.495997, 0.000000, 
151.270977, 0.000000, 
152.317133, 0.000000, 
152.964649, 0.000000, 
154.414851, 0.000000, 
154.659270, 0.000000, 
156.392516, 0.000000, 
156.638023, 0.000000, 
158.223965, 0.000000, 
159.030000, 0.000000, 
159.944024, 0.000000, 
161.038063, 0.000000, 
162.473099, 0.000000, 
162.761783, 0.000000, 
164.161415, 0.000000, 
164.535307, 0.000000, 
165.704361, 0.000000, 
167.186048, 0.000000, 
167.692378, 0.000000, 
168.667227, 0.000000, 
170.406020, 0.000000, 
171.196034, 0.000000, 
171.508821, 0.000000, 
172.637919, 0.000000, 
174.203512, 0.000000, 
174.686370, 0.000000, 
175.868751, 0.000000, 
176.944985, 0.000000, 
177.556468, 0.000000, 
179.284797, 0.000000, 
179.622874, 0.000000, 
180.660348, 0.000000, 
181.987808, 0.000000, 
182.911925, 0.000000, 
184.194929, 0.000000, 
185.407702, 0.000000, 
185.527121, 0.000000, 
187.485828, 0.000000, 
187.574631, 0.000000, 
189.477044, 0.000000, 
189.978416, 0.000000, 
190.796671, 0.000000, 
191.633245, 0.000000, 
192.924798, 0.000000, 
193.790214, 0.000000, 
195.171167, 0.000000, 
196.422091, 0.000000, 
197.380985, 0.000000, 
198.345210, 0.000000, 
199.185259, 0.000000, 
