-0.074029, 0.000000, 
0.940020, 0.000000, 
2.067279, 0.000000, 
2.921981, 0.000000, 
4.072389, 0.000000, 
4.948539, 0.000000, 
5.927678, 0.000000, 
7.032365, 0.000000, 
8.040577, 0.000000, 
8.909163, 0.000000, 
9.928319, 0.000000, 
11.033684, 0.000000, 
11.940599, 0.000000, 
12.988571, 0.000000, 
14.046165, 0.000000, 
14.925238, 0.000000, 
16.022813, 0.000000, 
16.948349, 0.000000, 
17.951292, 0.000000, 
18.996912, 0.000000, 
19.935576, 0.000000, 
20.960276, 0.000000, 
21.958774, 0.000000, 
22.938874, 0.000000, 
23.938355, 0.000000, 
24.910219, 0.000000, 
26.092592, 0.000000, 
26.961600, 0.000000, 
28.029671, 0.000000, 
29.026489, 0.000000, 
30.055664, 0.000000, 
30.907294, 0.000000, 
31.910703, 0.000000, 
33.092055, 0.000000, 
33.925240, 0.000000, 
35.069951, 0.000000, 
35.913611, 0.000000, 
37.062096, 0.000000, 
37.936185, 0.000000, 
39.002993, 0.000000, 
40.013665, 0.000000, 
40.903486, 0.000000, 
41.986373, 0.000000, 
42.996610, 0.000000, 
43.910812, 0.000000, 
45.091186, 0.000000, 
45.998550, 0.000000, 
47.070423, 0.000000, 
47.969237, 0.000000, 
48.901157, 0.000000, 
50.012398, 0.000000, 
50.992862, 0.000000, 
51.955687, 0.000000, 
53.052023, 0.000000, 
54.017580, 0.000000, 
54.978234, 0.000000, 
55.999057, 0.000000, 
56.993370, 0.000000, 
57.952486, 0.000000, 
59.084532, 0.000000, 
60.041596, 0.000000, 
60.930934, 0.000000, 
61.901276, 0.000000, 
63.069853, 0.000000, 
64.011982, 0.000000, 
65.054491, 0.000000, 
65.943892, 0.000000, 
66.912179, 0.000000, 
68.071201, 0.000000, 
69.074034, 0.000000, 
70.000542, 0.000000, 
71.001890, 0.000000, 
72.080164, 0.000000, 
73.029683, 0.000000, 
74.016348, 0.000000, 
74.991325, 0.000000, 
76.076805, 0.000000, 
77.033046, 0.000000, 
78.044628, 0.000000, 
79.049526, 0.000000, 
80.058285, 0.000000, 
80.906138, 0.000000, 
82.015343, 0.000000, 
83.032748, 0.000000, 
83.982778, 0.000000, 
84.943274, 0.000000, 
86.096567, 0.000000, 
86.932504, 0.000000, 
87.955763, 0.000000, 
88.970983, 0.000000, 
90.067244, 0.000000, 
90.980978, 0.000000, 
91.926538, 0.000000, 
92.905600, 0.000000, 
93.930045, 0.000000, 
94.985928, 0.000000, 
96.022379, 0.000000, 
97.055946, 0.000000, 
98.086619, 0.000000, 
98.938109, 0.000000, 
99.915699, 0.000000, 
101.048821, 0.000000, 
101.999309, 0.000000, 
103.022213, 0.000000, 
104.078594, 0.000000, 
105.012773, 0.000000, 
105.996904, 0.000000, 
107.079291, 0.000000, 
108.002399, 0.000000, 
109.050231, 0.000000, 
110.079929, 0.000000, 
110.937673, 0.000000, 
112.011100, 0.000000, 
113.050382, 0.000000, 
114.078800, 0.000000, 
114.993605, 0.000000, 
115.922679, 0.000000, 
116.907404, 0.000000, 
117.954157, 0.000000, 
119.083707, 0.000000, 
119.951095, 0.000000, 
120.903766, 0.000000, 
122.013499, 0.000000, 
123.084103, 0.000000, 
123.960547, 0.000000, 
124.908474, 0.000000, 
125.997601, 0.000000, 
127.064725, 0.000000, 
127.912994, 0.000000, 
129.022258, 0.000000, 
129.988917, 0.000000, 
131.060222, 0.000000, 
132.042088, 0.000000, 
132.925115, 0.000000, 
134.012700, 0.000000, 
134.966757, 0.000000, 
135.939342, 0.000000, 
137.012071, 0.000000, 
137.907152, 0.000000, 
139.045135, 0.000000, 
139.923142, 0.000000, 
140.950373, 0.000000, 
142.050961, 0.000000, 
143.021713, 0.000000, 
144.098136, 0.000000, 
144.908395, 0.000000, 
145.962378, 0.000000, 
146.947528, 0.000000, 
148.024027, 0.000000, 
148.929509, 0.000000, 
150.083177, 0.000000, 
151.051044, 0.000000, 
152.012484, 0.000000, 
153.006425, 0.000000, 
154.093303, 0.000000, 
154.993725, 0.000000, 
155.989899, 0.000000, 
157.068298, 0.000000, 
157.933848, 0.000000, 
159.077941, 0.000000, 
160.001453, 0.000000, 
161.091716, 0.000000, 
161.934613, 0.000000, 
163.001716, 0.000000, 
164.098632, 0.000000, 
164.964942, 0.000000, 
166.001648, 0.000000, 
167.045317, 0.000000, 
168.087170, 0.000000, 
168.967663, 0.000000, 
169.938558, 0.000000, 
171.023601, 0.000000, 
171.936003, 0.000000, 
173.078286, 0.000000, 
173.916465, 0.000000, 
174.971317, 0.000000, 
176.055208, 0.000000, 
176.965692, 0.000000, 
178.050840, 0.000000, 
179.010753, 0.000000, 
180.050424, 0.000000, 
181.046653, 0.000000, 
182.046382, 0.000000, 
182.929132, 0.000000, 
184.051908, 0.000000, 
184.926086, 0.000000, 
186.074469, 0.000000, 
186.956777, 0.000000, 
187.995620, 0.000000, 
189.010056, 0.000000, 
189.946609, 0.000000, 
190.910258, 0.000000, 
192.095020, 0.000000, 
192.903280, 0.000000, 
194.016212, 0.000000, 
194.948094, 0.000000, 
196.075159, 0.000000, 
196.956210, 0.000000, 
197.964523, 0.000000, 
199.049194, 0.000000, 
