0.078475, 0.000000, 
1.077935, 0.000000, 
2.091981, 0.000000, 
3.020572, 0.000000, 
4.025420, 0.000000, 
5.086879, 0.000000, 
6.056489, 0.000000, 
7.087575, 0.000000, 
8.041071, 0.000000, 
8.971551, 0.000000, 
10.082829, 0.000000, 
10.964793, 0.000000, 
11.968014, 0.000000, 
12.954619, 0.000000, 
13.917784, 0.000000, 
15.019645, 0.000000, 
16.069960, 0.000000, 
17.012374, 0.000000, 
18.070813, 0.000000, 
18.901256, 0.000000, 
19.913898, 0.000000, 
20.923969, 0.000000, 
21.932041, 0.000000, 
23.012206, 0.000000, 
24.068089, 0.000000, 
25.042692, 0.000000, 
26.040336, 0.000000, 
27.071141, 0.000000, 
27.956791, 0.000000, 
28.911044, 0.000000, 
29.957899, 0.000000, 
31.000780, 0.000000, 
31.976381, 0.000000, 
33.035365, 0.000000, 
34.007988, 0.000000, 
35.087585, 0.000000, 
36.070941, 0.000000, 
36.969526, 0.000000, 
37.982339, 0.000000, 
38.935338, 0.000000, 
40.077683, 0.000000, 
41.050973, 0.000000, 
41.982663, 0.000000, 
43.037970, 0.000000, 
44.083060, 0.000000, 
44.969520, 0.000000, 
45.908690, 0.000000, 
46.958344, 0.000000, 
48.013091, 0.000000, 
49.095226, 0.000000, 
50.017274, 0.000000, 
51.031512, 0.000000, 
51.936027, 0.000000, 
52.965134, 0.000000, 
53.986405, 0.000000, 
55.028466, 0.000000, 
55.957014, 0.000000, 
57.005017, 0.000000, 
58.000220, 0.000000, 
59.028301, 0.000000, 
60.014645, 0.000000, 
60.933767, 0.000000, 
61.997038, 0.000000, 
62.957003, 0.000000, 
64.012983, 0.000000, 
65.036927, 0.000000, 
65.903898, 0.000000, 
66.957442, 0.000000, 
68.007839, 0.000000, 
69.059392, 0.000000, 
69.928220, 0.000000, 
71.093264, 0.000000, 
72.042594, 0.000000, 
72.934247, 0.000000, 
74.018675, 0.000000, 
75.017583, 0.000000, 
76.058334, 0.000000, 
77.077248, 0.000000, 
78.025265, 0.000000, 
79.028268, 0.000000, 
79.973767, 0.000000, 
80.982813, 0.000000, 
82.095455, 0.000000, 
83.076536, 0.000000, 
83.945231, 0.000000, 
85.018356, 0.000000, 
86.068734, 0.000000, 
86.918742, 0.000000, 
88.063636, 0.000000, 
88.980741, 0.000000, 
89.936930, 0.000000, 
90.951979, 0.000000, 
92.042006, 0.000000, 
92.947534, 0.000000, 
94.079063, 0.000000, 
95.082141, 0.000000, 
95.927208, 0.000000, 
96.928001, 0.000000, 
97.983979, 0.000000, 
99.092789, 0.000000, 
99.970107, 0.000000, 
101.072430, 0.000000, 
102.083265, 0.000000, 
102.994496, 0.000000, 
103.956078, 0.000000, 
105.020548, 0.000000, 
105.903492, 0.000000, 
106.959812, 0.000000, 
108.047875, 0.000000, 
109.050247, 0.000000, 
109.970877, 0.000000, 
111.073082, 0.000000, 
112.095320, 0.000000, 
112.987573, 0.000000, 
113.907464, 0.000000, 
114.970451, 0.000000, 
115.985020, 0.000000, 
116.920006, 0.000000, 
118.020701, 0.000000, 
119.088036, 0.000000, 
120.000012, 0.000000, 
120.974994, 0.000000, 
121.935421, 0.000000, 
123.008203, 0.000000, 
123.986979, 0.000000, 
124.991110, 0.000000, 
126.042791, 0.000000, 
126.985343, 0.000000, 
128.090505, 0.000000, 
128.973970, 0.000000, 
130.031061, 0.000000, 
131.095697, 0.000000, 
132.076316, 0.000000, 
132.954317, 0.000000, 
133.945218, 0.000000, 
134.997502, 0.000000, 
136.015013, 0.000000, 
136.926507, 0.000000, 
137.987295, 0.000000, 
138.933554, 0.000000, 
140.029554, 0.000000, 
140.932479, 0.000000, 
142.029073, 0.000000, 
142.900394, 0.000000, 
144.047698, 0.000000, 
144.948750, 0.000000, 
145.954463, 0.000000, 
146.948020, 0.000000, 
148.057238, 0.000000, 
148.986062, 0.000000, 
149.901135, 0.000000, 
151.027646, 0.000000, 
152.087254, 0.000000, 
153.081475, 0.000000, 
153.987069, 0.000000, 
155.042121, 0.000000, 
155.971526, 0.000000, 
156.991597, 0.000000, 
158.031691, 0.000000, 
159.061322, 0.000000, 
159.975458, 0.000000, 
160.936488, 0.000000, 
162.029524, 0.000000, 
162.993993, 0.000000, 
163.991979, 0.000000, 
164.959337, 0.000000, 
165.962738, 0.000000, 
166.992603, 0.000000, 
167.914999, 0.000000, 
169.039178, 0.000000, 
169.992476, 0.000000, 
171.061279, 0.000000, 
171.928866, 0.000000, 
172.988997, 0.000000, 
174.098772, 0.000000, 
174.937631, 0.000000, 
176.020046, 0.000000, 
177.051883, 0.000000, 
178.088930, 0.000000, 
179.077784, 0.000000, 
179.926713, 0.000000, 
181.085491, 0.000000, 
181.971412, 0.000000, 
183.082347, 0.000000, 
183.904749, 0.000000, 
185.071963, 0.000000, 
185.951839, 0.000000, 
186.995506, 0.000000, 
188.050975, 0.000000, 
188.920781, 0.000000, 
189.991446, 0.000000, 
191.074745, 0.000000, 
191.953704, 0.000000, 
192.910941, 0.000000, 
193.911508, 0.000000, 
195.032140, 0.000000, 
196.066906, 0.000000, 
196.941845, 0.000000, 
197.946361, 0.000000, 
198.923054, 0.000000, 
