-0.083056, 0.000000, 
0.917220, 0.000000, 
2.002492, 0.000000, 
3.055836, 0.000000, 
3.944038, 0.000000, 
4.952942, 0.000000, 
6.067551, 0.000000, 
7.092915, 0.000000, 
8.081969, 0.000000, 
8.959959, 0.000000, 
9.919259, 0.000000, 
11.058863, 0.000000, 
11.994306, 0.000000, 
12.928135, 0.000000, 
13.946071, 0.000000, 
15.029695, 0.000000, 
15.944323, 0.000000, 
17.094531, 0.000000, 
17.900739, 0.000000, 
19.092157, 0.000000, 
19.910038, 0.000000, 
20.981097, 0.000000, 
21.911884, 0.000000, 
22.913864, 0.000000, 
24.000407, 0.000000, 
24.972938, 0.000000, 
25.959951, 0.000000, 
27.099217, 0.000000, 
28.046593, 0.000000, 
28.980678, 0.000000, 
29.980392, 0.000000, 
31.003858, 0.000000, 
31.964607, 0.000000, 
32.973053, 0.000000, 
34.077268, 0.000000, 
35.075194, 0.000000, 
35.936779, 0.000000, 
37.059761, 0.000000, 
38.049798, 0.000000, 
38.979250, 0.000000, 
39.991201, 0.000000, 
40.994945, 0.000000, 
42.022693, 0.000000, 
42.992771, 0.000000, 
43.928675, 0.000000, 
45.000829, 0.000000, 
46.006446, 0.000000, 
47.078023, 0.000000, 
48.077367, 0.000000, 
49.061614, 0.000000, 
49.973033, 0.000000, 
51.003459, 0.000000, 
52.016507, 0.000000, 
52.985177, 0.000000, 
54.008084, 0.000000, 
54.976340, 0.000000, 
55.940325, 0.000000, 
57.017921, 0.000000, 
58.051048, 0.000000, 
59.067716, 0.000000, 
60.068121, 0.000000, 
60.964217, 0.000000, 
62.011506, 0.000000, 
62.933609, 0.000000, 
63.948365, 0.000000, 
65.052286, 0.000000, 
66.099923, 0.000000, 
67.048631, 0.000000, 
67.946966, 0.000000, 
68.917001, 0.000000, 
69.932219, 0.000000, 
70.952894, 0.000000, 
71.928096, 0.000000, 
72.907243, 0.000000, 
74.018509, 0.000000, 
74.987645, 0.000000, 
75.908047, 0.000000, 
76.982949, 0.000000, 
78.014379, 0.000000, 
79.020379, 0.000000, 
80.088349, 0.000000, 
81.011018, 0.000000, 
82.026439, 0.000000, 
83.024819, 0.000000, 
84.031081, 0.000000, 
85.002476, 0.000000, 
85.997065, 0.000000, 
86.913437, 0.000000, 
88.007751, 0.000000, 
89.008733, 0.000000, 
90.018378, 0.000000, 
90.926379, 0.000000, 
92.043327, 0.000000, 
92.948350, 0.000000, 
94.008690, 0.000000, 
94.937107, 0.000000, 
96.074955, 0.000000, 
97.038569, 0.000000, 
97.959882, 0.000000, 
98.955690, 0.000000, 
100.090462, 0.000000, 
101.075018, 0.000000, 
101.938159, 0.000000, 
103.041233, 0.000000, 
103.946520, 0.000000, 
105.098981, 0.000000, 
105.963269, 0.000000, 
106.959554, 0.000000, 
107.960687, 0.000000, 
109.091427, 0.000000, 
109.965498, 0.000000, 
111.043079, 0.000000, 
111.990947, 0.000000, 
113.024047, 0.000000, 
113.978806, 0.000000, 
114.932898, 0.000000, 
116.086985, 0.000000, 
117.037836, 0.000000, 
117.904376, 0.000000, 
119.097918, 0.000000, 
119.930845, 0.000000, 
121.086054, 0.000000, 
122.024665, 0.000000, 
123.041881, 0.000000, 
124.022420, 0.000000, 
124.958883, 0.000000, 
126.078123, 0.000000, 
126.970609, 0.000000, 
128.009190, 0.000000, 
128.964890, 0.000000, 
129.904527, 0.000000, 
130.924355, 0.000000, 
132.097394, 0.000000, 
133.057738, 0.000000, 
133.981663, 0.000000, 
135.051333, 0.000000, 
136.031190, 0.000000, 
137.009219, 0.000000, 
138.071417, 0.000000, 
139.018710, 0.000000, 
140.069336, 0.000000, 
140.930676, 0.000000, 
142.021865, 0.000000, 
142.985106, 0.000000, 
144.073055, 0.000000, 
145.058471, 0.000000, 
146.078184, 0.000000, 
146.947368, 0.000000, 
147.983081, 0.000000, 
148.978633, 0.000000, 
150.061217, 0.000000, 
150.987815, 0.000000, 
151.956456, 0.000000, 
152.943333, 0.000000, 
154.020922, 0.000000, 
155.015319, 0.000000, 
156.013656, 0.000000, 
157.082498, 0.000000, 
158.067519, 0.000000, 
158.982485, 0.000000, 
160.014084, 0.000000, 
161.083479, 0.000000, 
162.033754, 0.000000, 
163.056762, 0.000000, 
163.903649, 0.000000, 
164.999080, 0.000000, 
165.992913, 0.000000, 
167.070952, 0.000000, 
168.025656, 0.000000, 
169.002251, 0.000000, 
169.905922, 0.000000, 
171.030370, 0.000000, 
171.901244, 0.000000, 
173.032833, 0.000000, 
174.069064, 0.000000, 
175.052268, 0.000000, 
175.943907, 0.000000, 
176.902619, 0.000000, 
177.956785, 0.000000, 
178.912295, 0.000000, 
179.965847, 0.000000, 
180.933981, 0.000000, 
182.000708, 0.000000, 
183.043702, 0.000000, 
183.967290, 0.000000, 
184.948817, 0.000000, 
186.054264, 0.000000, 
187.048067, 0.000000, 
188.041857, 0.000000, 
188.994347, 0.000000, 
189.924950, 0.000000, 
190.903542, 0.000000, 
192.012297, 0.000000, 
193.002700, 0.000000, 
194.064195, 0.000000, 
194.995262, 0.000000, 
196.089498, 0.000000, 
196.932136, 0.000000, 
197.928095, 0.000000, 
199.072930, 0.000000, 
