-0.262167, 0.000000, 
1.230441, 0.000000, 
1.919177, 0.000000, 
2.940749, 0.000000, 
4.424831, 0.000000, 
5.437921, 0.000000, 
5.902327, 0.000000, 
6.818022, 0.000000, 
7.677863, 0.000000, 
9.007143, 0.000000, 
10.183683, 0.000000, 
11.481265, 0.000000, 
12.381831, 0.000000, 
12.525113, 0.000000, 
13.790359, 0.000000, 
14.610856, 0.000000, 
16.235359, 0.000000, 
16.583430, 0.000000, 
17.547021, 0.000000, 
18.985879, 0.000000, 
20.124042, 0.000000, 
21.337636, 0.000000, 
22.172089, 0.000000, 
22.653832, 0.000000, 
23.724879, 0.000000, 
24.877819, 0.000000, 
26.106609, 0.000000, 
27.150841, 0.000000, 
28.033038, 0.000000, 
29.324243, 0.000000, 
29.660462, 0.000000, 
30.560347, 0.000000, 
32.214533, 0.000000, 
33.132339, 0.000000, 
33.582800, 0.000000, 
34.534866, 0.000000, 
36.118797, 0.000000, 
37.359099, 0.000000, 
38.180063, 0.000000, 
38.635569, 0.000000, 
40.049570, 0.000000, 
41.393368, 0.000000, 
41.966416, 0.000000, 
42.721639, 0.000000, 
44.491812, 0.000000, 
45.236540, 0.000000, 
46.347485, 0.000000, 
47.074464, 0.000000, 
47.904167, 0.000000, 
48.660414, 0.000000, 
49.603630, 0.000000, 
51.038843, 0.000000, 
52.069486, 0.000000, 
53.421271, 0.000000, 
54.103033, 0.000000, 
55.470702, 0.000000, 
55.998557, 0.000000, 
57.114548, 0.000000, 
58.389881, 0.000000, 
59.293705, 0.000000, 
59.960006, 0.000000, 
61.212909, 0.000000, 
62.015350, 0.000000, 
63.195276, 0.000000, 
64.302054, 0.000000, 
65.231226, 0.000000, 
65.646909, 0.000000, 
67.455589, 0.000000, 
68.153959, 0.000000, 
68.655766, 0.000000, 
70.479320, 0.000000, 
70.898657, 0.000000, 
72.240348, 0.000000, 
73.309908, 0.000000, 
73.757587, 0.000000, 
74.925580, 0.000000, 
75.813785, 0.000000, 
76.886344, 0.000000, 
77.519212, 0.000000, 
78.961636, 0.000000, 
80.255611, 0.000000, 
81.175753, 0.000000, 
82.038803, 0.000000, 
82.660150, 0.000000, 
83.544471, 0.000000, 
84.615901, 0.000000, 
86.332139, 0.000000, 
87.120261, 0.000000, 
88.315424, 0.000000, 
89.080267, 0.000000, 
90.275557, 0.000000, 
90.878996, 0.000000, 
92.237045, 0.000000, 
93.047801, 0.000000, 
93.526850, 0.000000, 
94.949185, 0.000000, 
95.639491, 0.000000, 
97.291814, 0.000000, 
97.727048, 0.000000, 
99.375372, 0.000000, 
99.523728, 0.000000, 
100.798295, 0.000000, 
101.607208, 0.000000, 
102.826492, 0.000000, 
104.368877, 0.000000, 
104.647744, 0.000000, 
105.995696, 0.000000, 
106.720847, 0.000000, 
107.918140, 0.000000, 
109.455519, 0.000000, 
110.059450, 0.000000, 
110.743001, 0.000000, 
111.861769, 0.000000, 
113.371901, 0.000000, 
114.270757, 0.000000, 
114.722135, 0.000000, 
115.552443, 0.000000, 
117.014878, 0.000000, 
118.374015, 0.000000, 
118.719133, 0.000000, 
120.478576, 0.000000, 
120.681795, 0.000000, 
122.314983, 0.000000, 
123.354954, 0.000000, 
123.620891, 0.000000, 
124.543144, 0.000000, 
126.431912, 0.000000, 
127.431439, 0.000000, 
127.847470, 0.000000, 
129.145839, 0.000000, 
130.445256, 0.000000, 
130.847916, 0.000000, 
131.575359, 0.000000, 
132.645252, 0.000000, 
134.247915, 0.000000, 
135.389427, 0.000000, 
135.507990, 0.000000, 
137.400497, 0.000000, 
137.500013, 0.000000, 
138.762110, 0.000000, 
140.446714, 0.000000, 
141.143533, 0.000000, 
142.469357, 0.000000, 
142.975492, 0.000000, 
143.553892, 0.000000, 
144.558061, 0.000000, 
145.650639, 0.000000, 
147.228344, 0.000000, 
147.545206, 0.000000, 
148.705253, 0.000000, 
149.951423, 0.000000, 
151.333733, 0.000000, 
151.716862, 0.000000, 
153.358791, 0.000000, 
154.072041, 0.000000, 
154.771607, 0.000000, 
155.819089, 0.000000, 
157.420481, 0.000000, 
157.715976, 0.000000, 
159.205965, 0.000000, 
159.983346, 0.000000, 
161.423047, 0.000000, 
162.216966, 0.000000, 
162.690390, 0.000000, 
163.933505, 0.000000, 
164.511196, 0.000000, 
165.672029, 0.000000, 
167.148296, 0.000000, 
168.311907, 0.000000, 
168.925407, 0.000000, 
170.157643, 0.000000, 
170.611621, 0.000000, 
172.141093, 0.000000, 
172.857037, 0.000000, 
174.382008, 0.000000, 
174.942738, 0.000000, 
176.037310, 0.000000, 
176.925725, 0.000000, 
177.723485, 0.000000, 
179.039102, 0.000000, 
179.835792, 0.000000, 
180.955164, 0.000000, 
181.994099, 0.000000, 
183.130108, 0.000000, 
184.062844, 0.000000, 
184.613134, 0.000000, 
185.813543, 0.000000, 
186.520694, 0.000000, 
188.486101, 0.000000, 
189.242529, 0.000000, 
189.776206, 0.000000, 
191.086879, 0.000000, 
191.587007, 0.000000, 
193.177776, 0.000000, 
194.420332, 0.000000, 
194.713881, 0.000000, 
196.186718, 0.000000, 
197.359722, 0.000000, 
198.374595, 0.000000, 
198.758675, 0.000000, 
