0.280021, 0.000000, 
0.690245, 0.000000, 
1.899909, 0.000000, 
2.802961, 0.000000, 
4.185617, 0.000000, 
5.345088, 0.000000, 
6.196550, 0.000000, 
6.766506, 0.000000, 
8.473364, 0.000000, 
9.328569, 0.000000, 
10.402065, 0.000000, 
11.275729, 0.000000, 
12.346561, 0.000000, 
12.975182, 0.000000, 
14.197943, 0.000000, 
15.346150, 0.000000, 
15.784078, 0.000000, 
16.520874, 0.000000, 
17.801680, 0.000000, 
18.631312, 0.000000, 
20.020754, 0.000000, 
21.094486, 0.000000, 
22.005988, 0.000000, 
22.891120, 0.000000, 
23.970612, 0.000000, 
25.151935, 0.000000, 
25.810824, 0.000000, 
27.147992, 0.000000, 
28.235635, 0.000000, 
29.351592, 0.000000, 
29.666712, 0.000000, 
30.938065, 0.000000, 
32.236523, 0.000000, 
33.068763, 0.000000, 
34.108856, 0.000000, 
34.946887, 0.000000, 
35.644754, 0.000000, 
36.835860, 0.000000, 
37.530164, 0.000000, 
38.603184, 0.000000, 
40.433323, 0.000000, 
40.947032, 0.000000, 
41.616391, 0.000000, 
43.329940, 0.000000, 
43.573626, 0.000000, 
44.658617, 0.000000, 
46.465300, 0.000000, 
47.407895, 0.000000, 
48.462074, 0.000000, 
49.217490, 0.000000, 
49.774306, 0.000000, 
51.340786, 0.000000, 
51.779354, 0.000000, 
53.304484, 0.000000, 
54.168858, 0.000000, 
55.490916, 0.000000, 
56.194164, 0.000000, 
57.089322, 0.000000, 
57.832254, 0.000000, 
59.273587, 0.000000, 
59.944129, 0.000000, 
61.121166, 0.000000, 
62.159038, 0.000000, 
62.791840, 0.000000, 
64.027165, 0.000000, 
64.574878, 0.000000, 
66.087412, 0.000000, 
67.319861, 0.000000, 
68.469454, 0.000000, 
69.267324, 0.000000, 
69.997759, 0.000000, 
70.866969, 0.000000, 
72.478869, 0.000000, 
72.509201, 0.000000, 
73.811533, 0.000000, 
74.821211, 0.000000, 
75.990392, 0.000000, 
77.226262, 0.000000, 
78.347063, 0.000000, 
79.339213, 0.000000, 
79.840656, 0.000000, 
80.938696, 0.000000, 
81.693676, 0.000000, 
83.284077, 0.000000, 
83.638160, 0.000000, 
85.358849, 0.000000, 
85.849749, 0.000000, 
86.840718, 0.000000, 
88.239281, 0.000000, 
89.215912, 0.000000, 
89.713494, 0.000000, 
91.457162, 0.000000, 
92.360939, 0.000000, 
93.446339, 0.000000, 
94.086080, 0.000000, 
94.690093, 0.000000, 
95.601037, 0.000000, 
96.854063, 0.000000, 
97.805406, 0.000000, 
99.364357, 0.000000, 
99.676485, 0.000000, 
101.003465, 0.000000, 
102.168056, 0.000000, 
103.353966, 0.000000, 
104.096346, 0.000000, 
105.139722, 0.000000, 
106.142289, 0.000000, 
107.214826, 0.000000, 
107.751415, 0.000000, 
109.102753, 0.000000, 
109.925204, 0.000000, 
110.634397, 0.000000, 
111.571905, 0.000000, 
112.930078, 0.000000, 
114.097465, 0.000000, 
115.295313, 0.000000, 
116.351358, 0.000000, 
117.011958, 0.000000, 
118.003507, 0.000000, 
118.539200, 0.000000, 
119.988556, 0.000000, 
120.763052, 0.000000, 
122.133267, 0.000000, 
122.866825, 0.000000, 
124.228404, 0.000000, 
124.615009, 0.000000, 
125.916758, 0.000000, 
126.557856, 0.000000, 
127.688259, 0.000000, 
129.028468, 0.000000, 
129.719219, 0.000000, 
130.941434, 0.000000, 
131.914038, 0.000000, 
133.149525, 0.000000, 
133.852708, 0.000000, 
134.919813, 0.000000, 
136.391459, 0.000000, 
136.688081, 0.000000, 
137.886349, 0.000000, 
139.468602, 0.000000, 
140.215128, 0.000000, 
140.624574, 0.000000, 
141.505553, 0.000000, 
143.409912, 0.000000, 
144.051040, 0.000000, 
145.264169, 0.000000, 
145.536015, 0.000000, 
146.740775, 0.000000, 
148.143540, 0.000000, 
149.176239, 0.000000, 
149.542110, 0.000000, 
150.801094, 0.000000, 
151.923102, 0.000000, 
152.895692, 0.000000, 
153.767535, 0.000000, 
154.811329, 0.000000, 
155.947857, 0.000000, 
156.507561, 0.000000, 
158.012430, 0.000000, 
159.257167, 0.000000, 
159.983393, 0.000000, 
160.966403, 0.000000, 
161.970409, 0.000000, 
163.148086, 0.000000, 
163.710624, 0.000000, 
164.670967, 0.000000, 
165.689279, 0.000000, 
167.281774, 0.000000, 
168.189060, 0.000000, 
168.980152, 0.000000, 
169.747813, 0.000000, 
171.067773, 0.000000, 
171.985029, 0.000000, 
172.733088, 0.000000, 
173.988984, 0.000000, 
174.619771, 0.000000, 
176.332126, 0.000000, 
177.452082, 0.000000, 
178.136508, 0.000000, 
179.436771, 0.000000, 
179.593467, 0.000000, 
180.508133, 0.000000, 
182.159189, 0.000000, 
182.848738, 0.000000, 
184.307516, 0.000000, 
185.332675, 0.000000, 
186.327185, 0.000000, 
187.224191, 0.000000, 
188.248116, 0.000000, 
188.757050, 0.000000, 
189.574915, 0.000000, 
191.418199, 0.000000, 
191.836445, 0.000000, 
192.915958, 0.000000, 
194.297679, 0.000000, 
195.290287, 0.000000, 
195.704799, 0.000000, 
196.558600, 0.000000, 
197.755474, 0.000000, 
198.533278, 0.000000, 
