0.014263, 0.000000, 
1.120093, 0.000000, 
2.191111, 0.000000, 
2.950606, 0.000000, 
3.943232, 0.000000, 
5.174275, 0.000000, 
5.873933, 0.000000, 
7.012541, 0.000000, 
7.820012, 0.000000, 
8.945678, 0.000000, 
9.980060, 0.000000, 
10.835387, 0.000000, 
12.072591, 0.000000, 
13.061839, 0.000000, 
13.834574, 0.000000, 
15.168226, 0.000000, 
15.813360, 0.000000, 
16.976101, 0.000000, 
18.092143, 0.000000, 
18.906241, 0.000000, 
19.853514, 0.000000, 
21.008705, 0.000000, 
22.056444, 0.000000, 
23.119950, 0.000000, 
23.913641, 0.000000, 
24.997455, 0.000000, 
25.884247, 0.000000, 
26.905209, 0.000000, 
28.185311, 0.000000, 
28.939111, 0.000000, 
29.982370, 0.000000, 
30.940634, 0.000000, 
32.183535, 0.000000, 
33.169952, 0.000000, 
33.861484, 0.000000, 
35.015248, 0.000000, 
35.953698, 0.000000, 
37.191486, 0.000000, 
38.111011, 0.000000, 
38.902082, 0.000000, 
39.867886, 0.000000, 
41.016117, 0.000000, 
41.934990, 0.000000, 
43.182556, 0.000000, 
43.882197, 0.000000, 
45.128925, 0.000000, 
46.018103, 0.000000, 
47.088693, 0.000000, 
48.048421, 0.000000, 
49.083525, 0.000000, 
50.159093, 0.000000, 
51.053782, 0.000000, 
51.842150, 0.000000, 
53.196771, 0.000000, 
54.046525, 0.000000, 
55.025497, 0.000000, 
55.849567, 0.000000, 
56.956555, 0.000000, 
58.014335, 0.000000, 
58.847377, 0.000000, 
60.056873, 0.000000, 
60.948792, 0.000000, 
61.940021, 0.000000, 
63.109425, 0.000000, 
64.032442, 0.000000, 
64.802642, 0.000000, 
66.099572, 0.000000, 
67.091455, 0.000000, 
67.872705, 0.000000, 
68.956035, 0.000000, 
69.821096, 0.000000, 
70.915581, 0.000000, 
72.142841, 0.000000, 
72.975664, 0.000000, 
74.180013, 0.000000, 
75.063025, 0.000000, 
76.068790, 0.000000, 
76.995854, 0.000000, 
78.171840, 0.000000, 
78.830935, 0.000000, 
80.109290, 0.000000, 
81.017055, 0.000000, 
82.162874, 0.000000, 
82.887574, 0.000000, 
83.921283, 0.000000, 
85.022291, 0.000000, 
85.960783, 0.000000, 
86.867387, 0.000000, 
88.151574, 0.000000, 
88.853818, 0.000000, 
90.138099, 0.000000, 
91.110958, 0.000000, 
92.000586, 0.000000, 
92.832896, 0.000000, 
93.863226, 0.000000, 
94.822058, 0.000000, 
96.199648, 0.000000, 
97.145800, 0.000000, 
98.172474, 0.000000, 
98.877236, 0.000000, 
99.861979, 0.000000, 
100.956656, 0.000000, 
101.828749, 0.000000, 
102.994840, 0.000000, 
103.997418, 0.000000, 
104.841937, 0.000000, 
105.977713, 0.000000, 
107.084710, 0.000000, 
107.899935, 0.000000, 
109.097736, 0.000000, 
110.084643, 0.000000, 
110.997722, 0.000000, 
112.103962, 0.000000, 
113.092061, 0.000000, 
114.031768, 0.000000, 
114.823359, 0.000000, 
116.118468, 0.000000, 
116.840340, 0.000000, 
118.045501, 0.000000, 
118.861559, 0.000000, 
119.994668, 0.000000, 
120.808408, 0.000000, 
122.027217, 0.000000, 
122.817364, 0.000000, 
124.000549, 0.000000, 
124.877351, 0.000000, 
125.908379, 0.000000, 
127.057658, 0.000000, 
128.093227, 0.000000, 
129.167789, 0.000000, 
130.085265, 0.000000, 
131.082412, 0.000000, 
131.810629, 0.000000, 
132.947661, 0.000000, 
134.025824, 0.000000, 
134.835750, 0.000000, 
135.920400, 0.000000, 
137.043465, 0.000000, 
138.189078, 0.000000, 
139.016893, 0.000000, 
140.075990, 0.000000, 
141.056449, 0.000000, 
142.077679, 0.000000, 
143.092863, 0.000000, 
144.128764, 0.000000, 
144.942296, 0.000000, 
145.862588, 0.000000, 
147.017949, 0.000000, 
148.111470, 0.000000, 
149.034303, 0.000000, 
149.826833, 0.000000, 
150.858397, 0.000000, 
151.809579, 0.000000, 
153.057398, 0.000000, 
154.056997, 0.000000, 
155.199804, 0.000000, 
156.007078, 0.000000, 
156.927353, 0.000000, 
157.878625, 0.000000, 
158.889352, 0.000000, 
159.934392, 0.000000, 
160.955725, 0.000000, 
162.093377, 0.000000, 
163.095042, 0.000000, 
164.188935, 0.000000, 
165.170022, 0.000000, 
166.062272, 0.000000, 
167.085944, 0.000000, 
168.096369, 0.000000, 
169.107032, 0.000000, 
169.866831, 0.000000, 
171.095379, 0.000000, 
172.142729, 0.000000, 
173.193593, 0.000000, 
173.827159, 0.000000, 
175.154585, 0.000000, 
175.876962, 0.000000, 
177.157806, 0.000000, 
177.889919, 0.000000, 
179.022874, 0.000000, 
180.133083, 0.000000, 
181.088570, 0.000000, 
182.044229, 0.000000, 
183.159370, 0.000000, 
184.158312, 0.000000, 
184.902347, 0.000000, 
185.985229, 0.000000, 
186.987375, 0.000000, 
187.993778, 0.000000, 
189.019993, 0.000000, 
190.138605, 0.000000, 
190.802749, 0.000000, 
192.167311, 0.000000, 
192.975111, 0.000000, 
193.847577, 0.000000, 
195.067713, 0.000000, 
196.129012, 0.000000, 
196.964173, 0.000000, 
198.184211, 0.000000, 
199.183820, 0.000000, 
