0.085922, 0.000000, 
1.302751, 0.000000, 
1.826252, 0.000000, 
3.077114, 0.000000, 
4.060426, 0.000000, 
5.462940, 0.000000, 
5.662337, 0.000000, 
7.457239, 0.000000, 
8.041065, 0.000000, 
8.645870, 0.000000, 
9.531917, 0.000000, 
10.756574, 0.000000, 
11.857708, 0.000000, 
13.459413, 0.000000, 
13.541407, 0.000000, 
15.448441, 0.000000, 
15.942773, 0.000000, 
17.116202, 0.000000, 
18.308091, 0.000000, 
19.191466, 0.000000, 
19.672458, 0.000000, 
20.717002, 0.000000, 
21.518802, 0.000000, 
23.247212, 0.000000, 
23.598422, 0.000000, 
24.986987, 0.000000, 
26.382145, 0.000000, 
26.804701, 0.000000, 
28.390684, 0.000000, 
28.552634, 0.000000, 
30.338664, 0.000000, 
30.809327, 0.000000, 
32.241399, 0.000000, 
33.041463, 0.000000, 
34.415939, 0.000000, 
34.758534, 0.000000, 
35.917516, 0.000000, 
37.294587, 0.000000, 
37.882629, 0.000000, 
38.754867, 0.000000, 
40.472413, 0.000000, 
40.928466, 0.000000, 
42.431764, 0.000000, 
43.027913, 0.000000, 
43.637612, 0.000000, 
44.660460, 0.000000, 
45.685513, 0.000000, 
46.662157, 0.000000, 
47.745490, 0.000000, 
49.012920, 0.000000, 
50.041399, 0.000000, 
50.781746, 0.000000, 
52.447915, 0.000000, 
53.218683, 0.000000, 
53.762212, 0.000000, 
54.954235, 0.000000, 
56.372541, 0.000000, 
56.607584, 0.000000, 
58.386910, 0.000000, 
59.051426, 0.000000, 
60.170996, 0.000000, 
61.349403, 0.000000, 
61.517232, 0.000000, 
63.395601, 0.000000, 
63.802211, 0.000000, 
64.884877, 0.000000, 
65.889761, 0.000000, 
66.550927, 0.000000, 
68.495263, 0.000000, 
69.297696, 0.000000, 
70.044952, 0.000000, 
70.816467, 0.000000, 
71.927612, 0.000000, 
72.870605, 0.000000, 
74.326376, 0.000000, 
74.681594, 0.000000, 
75.572260, 0.000000, 
76.726489, 0.000000, 
77.966666, 0.000000, 
79.024931, 0.000000, 
79.529437, 0.000000, 
81.309764, 0.000000, 
81.970535, 0.000000, 
83.308985, 0.000000, 
83.939786, 0.000000, 
84.767925, 0.000000, 
85.817818, 0.000000, 
86.944949, 0.000000, 
88.480185, 0.000000, 
89.305222, 0.000000, 
90.189740, 0.000000, 
91.325484, 0.000000, 
91.735602, 0.000000, 
92.839687, 0.000000, 
93.849835, 0.000000, 
94.739298, 0.000000, 
95.736574, 0.000000, 
96.538400, 0.000000, 
98.462751, 0.000000, 
99.088752, 0.000000, 
100.145007, 0.000000, 
100.791844, 0.000000, 
102.446545, 0.000000, 
103.295027, 0.000000, 
103.854441, 0.000000, 
104.755507, 0.000000, 
105.988540, 0.000000, 
107.046647, 0.000000, 
107.882308, 0.000000, 
109.466447, 0.000000, 
110.315902, 0.000000, 
111.345344, 0.000000, 
111.805895, 0.000000, 
112.816965, 0.000000, 
113.579589, 0.000000, 
114.886782, 0.000000, 
116.034165, 0.000000, 
117.000906, 0.000000, 
118.412185, 0.000000, 
119.424036, 0.000000, 
119.645953, 0.000000, 
120.933372, 0.000000, 
121.665821, 0.000000, 
123.464717, 0.000000, 
124.119065, 0.000000, 
125.057161, 0.000000, 
125.657568, 0.000000, 
127.015294, 0.000000, 
127.916609, 0.000000, 
129.095626, 0.000000, 
130.049527, 0.000000, 
131.214679, 0.000000, 
132.163350, 0.000000, 
132.761076, 0.000000, 
133.702501, 0.000000, 
135.309382, 0.000000, 
135.635344, 0.000000, 
137.039093, 0.000000, 
138.428784, 0.000000, 
138.993649, 0.000000, 
139.605542, 0.000000, 
140.847902, 0.000000, 
142.439107, 0.000000, 
143.274316, 0.000000, 
143.729367, 0.000000, 
144.875087, 0.000000, 
145.578592, 0.000000, 
147.217582, 0.000000, 
148.287443, 0.000000, 
149.156706, 0.000000, 
150.190208, 0.000000, 
151.421469, 0.000000, 
151.695372, 0.000000, 
152.804791, 0.000000, 
154.245232, 0.000000, 
155.492478, 0.000000, 
156.407406, 0.000000, 
156.849295, 0.000000, 
157.791335, 0.000000, 
159.423745, 0.000000, 
159.793576, 0.000000, 
161.191229, 0.000000, 
162.281928, 0.000000, 
162.929629, 0.000000, 
163.746336, 0.000000, 
165.345704, 0.000000, 
165.979503, 0.000000, 
166.505004, 0.000000, 
168.197298, 0.000000, 
169.007204, 0.000000, 
169.989172, 0.000000, 
171.054255, 0.000000, 
172.199130, 0.000000, 
172.957459, 0.000000, 
174.215514, 0.000000, 
174.873527, 0.000000, 
176.443853, 0.000000, 
177.072159, 0.000000, 
177.936851, 0.000000, 
178.743016, 0.000000, 
180.346746, 0.000000, 
180.929641, 0.000000, 
181.768456, 0.000000, 
182.517005, 0.000000, 
183.671844, 0.000000, 
185.064612, 0.000000, 
186.016172, 0.000000, 
186.934678, 0.000000, 
188.433859, 0.000000, 
189.483551, 0.000000, 
189.781608, 0.000000, 
190.992622, 0.000000, 
191.734334, 0.000000, 
192.782822, 0.000000, 
194.333205, 0.000000, 
195.377683, 0.000000, 
195.667848, 0.000000, 
197.130471, 0.000000, 
198.361152, 0.000000, 
199.348969, 0.000000, 
