-0.391315, 0.000000, 
1.113430, 0.000000, 
1.602726, 0.000000, 
3.346034, 0.000000, 
4.098066, 0.000000, 
5.330503, 0.000000, 
6.144424, 0.000000, 
6.921281, 0.000000, 
8.201917, 0.000000, 
8.799750, 0.000000, 
10.261771, 0.000000, 
10.705445, 0.000000, 
11.820892, 0.000000, 
13.383582, 0.000000, 
14.300501, 0.000000, 
15.295203, 0.000000, 
16.277254, 0.000000, 
17.366324, 0.000000, 
18.310845, 0.000000, 
18.663837, 0.000000, 
20.013835, 0.000000, 
21.161970, 0.000000, 
21.756076, 0.000000, 
22.894246, 0.000000, 
24.023172, 0.000000, 
25.128206, 0.000000, 
25.662579, 0.000000, 
26.608850, 0.000000, 
28.253155, 0.000000, 
28.674653, 0.000000, 
29.968658, 0.000000, 
30.773478, 0.000000, 
32.039335, 0.000000, 
33.043416, 0.000000, 
33.679276, 0.000000, 
35.264070, 0.000000, 
35.900512, 0.000000, 
37.022906, 0.000000, 
38.303764, 0.000000, 
38.928738, 0.000000, 
40.097171, 0.000000, 
41.271400, 0.000000, 
41.700501, 0.000000, 
43.316290, 0.000000, 
44.253343, 0.000000, 
44.862579, 0.000000, 
45.820323, 0.000000, 
47.236801, 0.000000, 
47.622030, 0.000000, 
48.792273, 0.000000, 
50.272530, 0.000000, 
50.709070, 0.000000, 
51.989090, 0.000000, 
52.863173, 0.000000, 
54.023296, 0.000000, 
54.962346, 0.000000, 
55.769112, 0.000000, 
57.275202, 0.000000, 
58.302016, 0.000000, 
58.816609, 0.000000, 
60.326278, 0.000000, 
60.690794, 0.000000, 
61.853093, 0.000000, 
63.073485, 0.000000, 
63.814899, 0.000000, 
65.000729, 0.000000, 
65.963906, 0.000000, 
66.948536, 0.000000, 
67.721062, 0.000000, 
68.666524, 0.000000, 
70.377337, 0.000000, 
71.158564, 0.000000, 
71.993560, 0.000000, 
72.827818, 0.000000, 
73.722452, 0.000000, 
74.774624, 0.000000, 
76.117488, 0.000000, 
76.824274, 0.000000, 
77.672337, 0.000000, 
79.042542, 0.000000, 
79.882411, 0.000000, 
81.040657, 0.000000, 
81.686304, 0.000000, 
83.131982, 0.000000, 
83.754891, 0.000000, 
85.359629, 0.000000, 
85.735316, 0.000000, 
86.760899, 0.000000, 
88.128038, 0.000000, 
88.886609, 0.000000, 
89.605383, 0.000000, 
90.798353, 0.000000, 
92.040621, 0.000000, 
92.911943, 0.000000, 
93.694576, 0.000000, 
94.656618, 0.000000, 
96.359245, 0.000000, 
97.275239, 0.000000, 
98.083280, 0.000000, 
99.014569, 0.000000, 
99.781928, 0.000000, 
100.970961, 0.000000, 
102.013994, 0.000000, 
103.263006, 0.000000, 
104.380770, 0.000000, 
105.274232, 0.000000, 
106.222076, 0.000000, 
107.126519, 0.000000, 
108.215821, 0.000000, 
108.652001, 0.000000, 
109.791347, 0.000000, 
110.642920, 0.000000, 
111.647142, 0.000000, 
113.179234, 0.000000, 
114.304942, 0.000000, 
115.215676, 0.000000, 
116.055008, 0.000000, 
116.610816, 0.000000, 
118.039956, 0.000000, 
118.923985, 0.000000, 
119.850343, 0.000000, 
120.645218, 0.000000, 
122.015650, 0.000000, 
123.035216, 0.000000, 
123.633248, 0.000000, 
125.165941, 0.000000, 
125.710658, 0.000000, 
126.976406, 0.000000, 
128.088295, 0.000000, 
128.714965, 0.000000, 
129.933744, 0.000000, 
131.168027, 0.000000, 
131.771302, 0.000000, 
133.121357, 0.000000, 
133.959100, 0.000000, 
134.913589, 0.000000, 
135.687438, 0.000000, 
136.938162, 0.000000, 
138.192730, 0.000000, 
139.214828, 0.000000, 
140.271653, 0.000000, 
140.725439, 0.000000, 
142.300061, 0.000000, 
142.644134, 0.000000, 
144.275908, 0.000000, 
144.662142, 0.000000, 
145.958282, 0.000000, 
146.645466, 0.000000, 
148.198635, 0.000000, 
149.237341, 0.000000, 
149.980432, 0.000000, 
151.076765, 0.000000, 
151.637219, 0.000000, 
152.959157, 0.000000, 
153.759321, 0.000000, 
154.828337, 0.000000, 
156.058053, 0.000000, 
156.711495, 0.000000, 
158.033119, 0.000000, 
158.606544, 0.000000, 
159.679240, 0.000000, 
160.895363, 0.000000, 
161.618414, 0.000000, 
162.617496, 0.000000, 
164.001176, 0.000000, 
164.740295, 0.000000, 
166.318699, 0.000000, 
166.844929, 0.000000, 
167.960545, 0.000000, 
168.762917, 0.000000, 
169.684996, 0.000000, 
171.076077, 0.000000, 
171.732926, 0.000000, 
172.885167, 0.000000, 
173.964439, 0.000000, 
174.872190, 0.000000, 
175.697190, 0.000000, 
176.871736, 0.000000, 
177.790289, 0.000000, 
179.388640, 0.000000, 
179.699063, 0.000000, 
181.131800, 0.000000, 
182.146723, 0.000000, 
183.395292, 0.000000, 
183.956842, 0.000000, 
185.157542, 0.000000, 
185.817039, 0.000000, 
186.995590, 0.000000, 
188.202045, 0.000000, 
189.034301, 0.000000, 
190.056562, 0.000000, 
190.672945, 0.000000, 
191.994935, 0.000000, 
192.680710, 0.000000, 
193.890510, 0.000000, 
195.216915, 0.000000, 
195.859275, 0.000000, 
197.174915, 0.000000, 
197.744425, 0.000000, 
199.149133, 0.000000, 
