-0.339380, 0.000000, 
1.333796, 0.000000, 
1.743062, 0.000000, 
2.807758, 0.000000, 
4.364445, 0.000000, 
4.888182, 0.000000, 
5.780994, 0.000000, 
6.765071, 0.000000, 
7.606482, 0.000000, 
8.769010, 0.000000, 
9.958718, 0.000000, 
10.837620, 0.000000, 
11.952411, 0.000000, 
12.619325, 0.000000, 
13.937104, 0.000000, 
14.964972, 0.000000, 
16.016249, 0.000000, 
16.670385, 0.000000, 
17.747798, 0.000000, 
19.162170, 0.000000, 
19.668075, 0.000000, 
21.081347, 0.000000, 
21.716192, 0.000000, 
23.365207, 0.000000, 
23.928286, 0.000000, 
25.392340, 0.000000, 
26.198203, 0.000000, 
27.001560, 0.000000, 
28.396966, 0.000000, 
29.261707, 0.000000, 
29.711847, 0.000000, 
31.097076, 0.000000, 
32.226710, 0.000000, 
33.396464, 0.000000, 
33.661400, 0.000000, 
34.701560, 0.000000, 
36.207117, 0.000000, 
36.845691, 0.000000, 
37.668945, 0.000000, 
39.122748, 0.000000, 
40.079347, 0.000000, 
40.667275, 0.000000, 
42.039502, 0.000000, 
43.116754, 0.000000, 
44.114153, 0.000000, 
45.099324, 0.000000, 
45.626471, 0.000000, 
47.016019, 0.000000, 
48.226797, 0.000000, 
49.309590, 0.000000, 
50.142256, 0.000000, 
50.688724, 0.000000, 
52.002336, 0.000000, 
53.366834, 0.000000, 
54.360329, 0.000000, 
55.213251, 0.000000, 
56.341649, 0.000000, 
57.306977, 0.000000, 
58.295282, 0.000000, 
58.749800, 0.000000, 
60.386778, 0.000000, 
60.854377, 0.000000, 
61.684578, 0.000000, 
62.893471, 0.000000, 
64.108188, 0.000000, 
65.046954, 0.000000, 
65.935935, 0.000000, 
66.977314, 0.000000, 
68.173121, 0.000000, 
69.159797, 0.000000, 
70.041773, 0.000000, 
70.832602, 0.000000, 
72.159604, 0.000000, 
72.902753, 0.000000, 
73.860139, 0.000000, 
75.204043, 0.000000, 
76.006182, 0.000000, 
77.354859, 0.000000, 
77.883454, 0.000000, 
78.745338, 0.000000, 
80.364898, 0.000000, 
80.685353, 0.000000, 
81.825882, 0.000000, 
83.252489, 0.000000, 
83.734640, 0.000000, 
84.784710, 0.000000, 
86.033751, 0.000000, 
86.731600, 0.000000, 
88.238978, 0.000000, 
89.394855, 0.000000, 
90.097426, 0.000000, 
90.667265, 0.000000, 
91.801347, 0.000000, 
93.287848, 0.000000, 
93.770863, 0.000000, 
95.246620, 0.000000, 
95.626273, 0.000000, 
96.737588, 0.000000, 
97.749947, 0.000000, 
98.865693, 0.000000, 
100.107770, 0.000000, 
101.372223, 0.000000, 
102.132768, 0.000000, 
102.687627, 0.000000, 
104.272721, 0.000000, 
105.134399, 0.000000, 
105.886210, 0.000000, 
107.358910, 0.000000, 
107.803118, 0.000000, 
108.928708, 0.000000, 
110.388913, 0.000000, 
111.242512, 0.000000, 
112.372962, 0.000000, 
112.675888, 0.000000, 
114.356032, 0.000000, 
114.892855, 0.000000, 
116.282110, 0.000000, 
116.675127, 0.000000, 
117.675779, 0.000000, 
118.793564, 0.000000, 
120.216613, 0.000000, 
121.026867, 0.000000, 
122.282816, 0.000000, 
122.876902, 0.000000, 
124.314505, 0.000000, 
124.755081, 0.000000, 
125.746539, 0.000000, 
126.673264, 0.000000, 
127.869566, 0.000000, 
129.014380, 0.000000, 
130.331735, 0.000000, 
130.831913, 0.000000, 
131.700490, 0.000000, 
133.362358, 0.000000, 
134.026861, 0.000000, 
135.031588, 0.000000, 
135.612074, 0.000000, 
137.194482, 0.000000, 
138.049690, 0.000000, 
138.895474, 0.000000, 
140.069690, 0.000000, 
141.028886, 0.000000, 
142.125621, 0.000000, 
143.179834, 0.000000, 
144.237034, 0.000000, 
145.048710, 0.000000, 
146.059356, 0.000000, 
146.732421, 0.000000, 
147.841124, 0.000000, 
149.148935, 0.000000, 
149.974763, 0.000000, 
151.207874, 0.000000, 
151.689450, 0.000000, 
153.032833, 0.000000, 
153.610617, 0.000000, 
154.782073, 0.000000, 
155.644400, 0.000000, 
157.322877, 0.000000, 
158.311816, 0.000000, 
159.314400, 0.000000, 
160.322338, 0.000000, 
161.189176, 0.000000, 
161.666057, 0.000000, 
163.334519, 0.000000, 
163.825159, 0.000000, 
164.850299, 0.000000, 
166.049860, 0.000000, 
167.110257, 0.000000, 
168.036389, 0.000000, 
169.261788, 0.000000, 
170.182200, 0.000000, 
171.191632, 0.000000, 
171.642495, 0.000000, 
172.933650, 0.000000, 
173.735769, 0.000000, 
175.081195, 0.000000, 
176.243982, 0.000000, 
177.191439, 0.000000, 
178.296608, 0.000000, 
178.997166, 0.000000, 
179.968543, 0.000000, 
181.202233, 0.000000, 
181.701705, 0.000000, 
182.665395, 0.000000, 
183.610489, 0.000000, 
184.775882, 0.000000, 
186.117479, 0.000000, 
187.083970, 0.000000, 
187.770232, 0.000000, 
188.735012, 0.000000, 
190.194182, 0.000000, 
191.370267, 0.000000, 
191.751409, 0.000000, 
192.958136, 0.000000, 
194.158685, 0.000000, 
194.965770, 0.000000, 
195.956230, 0.000000, 
196.811088, 0.000000, 
197.988510, 0.000000, 
198.792498, 0.000000, 
