-0.291948, 0.000000, 
1.206049, 0.000000, 
2.316934, 0.000000, 
3.184403, 0.000000, 
3.799498, 0.000000, 
4.980383, 0.000000, 
6.068312, 0.000000, 
6.831458, 0.000000, 
8.333242, 0.000000, 
9.446765, 0.000000, 
9.948707, 0.000000, 
10.822688, 0.000000, 
11.767821, 0.000000, 
13.384051, 0.000000, 
13.924737, 0.000000, 
15.231894, 0.000000, 
16.199475, 0.000000, 
16.580832, 0.000000, 
17.600712, 0.000000, 
19.003906, 0.000000, 
19.698238, 0.000000, 
21.155820, 0.000000, 
21.543001, 0.000000, 
23.384515, 0.000000, 
23.962596, 0.000000, 
24.526781, 0.000000, 
25.767656, 0.000000, 
26.775646, 0.000000, 
28.449398, 0.000000, 
28.543447, 0.000000, 
30.473225, 0.000000, 
30.675492, 0.000000, 
31.916447, 0.000000, 
32.940156, 0.000000, 
34.494957, 0.000000, 
34.975481, 0.000000, 
36.016321, 0.000000, 
37.360678, 0.000000, 
37.850682, 0.000000, 
39.432066, 0.000000, 
39.837797, 0.000000, 
41.188446, 0.000000, 
41.826758, 0.000000, 
43.362199, 0.000000, 
43.561593, 0.000000, 
44.811926, 0.000000, 
46.355148, 0.000000, 
46.863701, 0.000000, 
48.198111, 0.000000, 
48.607257, 0.000000, 
50.074589, 0.000000, 
50.685974, 0.000000, 
51.668935, 0.000000, 
53.005553, 0.000000, 
53.637315, 0.000000, 
55.275909, 0.000000, 
55.534231, 0.000000, 
57.276554, 0.000000, 
58.498076, 0.000000, 
58.509920, 0.000000, 
60.328174, 0.000000, 
60.930689, 0.000000, 
62.253399, 0.000000, 
63.465220, 0.000000, 
63.744177, 0.000000, 
65.425943, 0.000000, 
65.640777, 0.000000, 
66.581294, 0.000000, 
68.267372, 0.000000, 
68.905023, 0.000000, 
69.824134, 0.000000, 
70.773659, 0.000000, 
72.191619, 0.000000, 
72.794683, 0.000000, 
74.360952, 0.000000, 
75.414437, 0.000000, 
75.615763, 0.000000, 
76.624371, 0.000000, 
77.737702, 0.000000, 
79.426024, 0.000000, 
80.466694, 0.000000, 
80.779275, 0.000000, 
82.414690, 0.000000, 
83.482085, 0.000000, 
84.377633, 0.000000, 
84.595730, 0.000000, 
85.863000, 0.000000, 
87.028773, 0.000000, 
87.612267, 0.000000, 
89.021241, 0.000000, 
89.543103, 0.000000, 
91.249991, 0.000000, 
91.715924, 0.000000, 
93.488435, 0.000000, 
94.090750, 0.000000, 
95.219207, 0.000000, 
96.010937, 0.000000, 
96.926157, 0.000000, 
98.246152, 0.000000, 
98.922581, 0.000000, 
99.516561, 0.000000, 
100.669575, 0.000000, 
101.538803, 0.000000, 
102.919882, 0.000000, 
103.823478, 0.000000, 
104.557001, 0.000000, 
105.967552, 0.000000, 
107.313537, 0.000000, 
107.659582, 0.000000, 
109.139418, 0.000000, 
109.683715, 0.000000, 
111.380755, 0.000000, 
111.883045, 0.000000, 
113.319221, 0.000000, 
114.054883, 0.000000, 
114.734651, 0.000000, 
115.550327, 0.000000, 
117.056892, 0.000000, 
117.906732, 0.000000, 
118.915485, 0.000000, 
119.506072, 0.000000, 
120.740215, 0.000000, 
122.440131, 0.000000, 
123.132256, 0.000000, 
124.052164, 0.000000, 
124.646061, 0.000000, 
126.124053, 0.000000, 
127.235169, 0.000000, 
127.659759, 0.000000, 
128.664508, 0.000000, 
130.449910, 0.000000, 
131.280264, 0.000000, 
131.621512, 0.000000, 
133.178614, 0.000000, 
133.625650, 0.000000, 
135.091570, 0.000000, 
135.600632, 0.000000, 
136.745589, 0.000000, 
137.638985, 0.000000, 
138.783306, 0.000000, 
139.723696, 0.000000, 
140.956803, 0.000000, 
142.095730, 0.000000, 
143.447712, 0.000000, 
144.395473, 0.000000, 
144.626062, 0.000000, 
146.020299, 0.000000, 
146.786653, 0.000000, 
147.740007, 0.000000, 
148.829039, 0.000000, 
149.776310, 0.000000, 
150.808036, 0.000000, 
152.089526, 0.000000, 
153.325892, 0.000000, 
154.026120, 0.000000, 
155.099300, 0.000000, 
155.713709, 0.000000, 
157.388219, 0.000000, 
157.854491, 0.000000, 
159.138091, 0.000000, 
159.582108, 0.000000, 
161.389543, 0.000000, 
161.696911, 0.000000, 
162.805038, 0.000000, 
164.184525, 0.000000, 
164.835050, 0.000000, 
165.779260, 0.000000, 
166.823564, 0.000000, 
168.042913, 0.000000, 
169.170753, 0.000000, 
169.542701, 0.000000, 
171.049326, 0.000000, 
171.538508, 0.000000, 
173.044964, 0.000000, 
174.255871, 0.000000, 
174.561764, 0.000000, 
176.078407, 0.000000, 
176.561069, 0.000000, 
178.110980, 0.000000, 
179.463445, 0.000000, 
179.768745, 0.000000, 
181.014659, 0.000000, 
181.802116, 0.000000, 
183.023550, 0.000000, 
183.905363, 0.000000, 
184.660271, 0.000000, 
186.321550, 0.000000, 
187.091500, 0.000000, 
187.731576, 0.000000, 
188.973807, 0.000000, 
190.194378, 0.000000, 
190.694686, 0.000000, 
192.237126, 0.000000, 
192.664742, 0.000000, 
194.365746, 0.000000, 
194.940890, 0.000000, 
195.709497, 0.000000, 
196.915222, 0.000000, 
197.559015, 0.000000, 
198.878108, 0.000000, 
