-0.197903, 0.000000, 
0.945914, 0.000000, 
1.866287, 0.000000, 
2.808830, 0.000000, 
4.104732, 0.000000, 
5.031418, 0.000000, 
6.110424, 0.000000, 
7.026035, 0.000000, 
7.923932, 0.000000, 
8.998553, 0.000000, 
9.807183, 0.000000, 
11.119486, 0.000000, 
11.925483, 0.000000, 
13.124956, 0.000000, 
14.029578, 0.000000, 
14.976420, 0.000000, 
16.053263, 0.000000, 
17.161299, 0.000000, 
18.026205, 0.000000, 
18.946500, 0.000000, 
20.188459, 0.000000, 
20.992964, 0.000000, 
21.884396, 0.000000, 
23.091902, 0.000000, 
23.805743, 0.000000, 
24.961840, 0.000000, 
25.979359, 0.000000, 
27.003444, 0.000000, 
27.880957, 0.000000, 
28.885846, 0.000000, 
29.890772, 0.000000, 
30.806124, 0.000000, 
31.800727, 0.000000, 
32.865858, 0.000000, 
33.926738, 0.000000, 
35.121156, 0.000000, 
35.913804, 0.000000, 
37.185899, 0.000000, 
38.075445, 0.000000, 
38.895139, 0.000000, 
39.880370, 0.000000, 
40.835261, 0.000000, 
42.036935, 0.000000, 
42.847932, 0.000000, 
43.985403, 0.000000, 
44.801766, 0.000000, 
46.142348, 0.000000, 
47.199127, 0.000000, 
47.913534, 0.000000, 
48.870116, 0.000000, 
49.985364, 0.000000, 
51.176784, 0.000000, 
52.037437, 0.000000, 
53.108864, 0.000000, 
53.873767, 0.000000, 
55.086362, 0.000000, 
56.130264, 0.000000, 
57.068666, 0.000000, 
57.955535, 0.000000, 
59.054875, 0.000000, 
59.921537, 0.000000, 
60.965761, 0.000000, 
61.919685, 0.000000, 
62.969521, 0.000000, 
64.098267, 0.000000, 
64.890630, 0.000000, 
66.163106, 0.000000, 
67.020479, 0.000000, 
68.051499, 0.000000, 
69.088736, 0.000000, 
70.035538, 0.000000, 
71.117721, 0.000000, 
72.009016, 0.000000, 
73.067405, 0.000000, 
73.825730, 0.000000, 
74.970901, 0.000000, 
76.048592, 0.000000, 
76.919961, 0.000000, 
78.128105, 0.000000, 
79.022048, 0.000000, 
79.839647, 0.000000, 
80.887117, 0.000000, 
81.941520, 0.000000, 
82.956253, 0.000000, 
83.924289, 0.000000, 
84.960353, 0.000000, 
86.190949, 0.000000, 
86.923305, 0.000000, 
87.829068, 0.000000, 
88.911369, 0.000000, 
89.832004, 0.000000, 
90.870939, 0.000000, 
91.801709, 0.000000, 
92.856030, 0.000000, 
94.020557, 0.000000, 
95.138108, 0.000000, 
95.997361, 0.000000, 
97.188438, 0.000000, 
97.911874, 0.000000, 
99.184794, 0.000000, 
100.021535, 0.000000, 
100.956737, 0.000000, 
101.827649, 0.000000, 
103.010163, 0.000000, 
104.150883, 0.000000, 
104.801767, 0.000000, 
105.870789, 0.000000, 
107.116229, 0.000000, 
108.151346, 0.000000, 
109.048000, 0.000000, 
110.102006, 0.000000, 
110.855205, 0.000000, 
111.924384, 0.000000, 
112.857366, 0.000000, 
114.043865, 0.000000, 
115.156196, 0.000000, 
116.156891, 0.000000, 
117.186407, 0.000000, 
118.174683, 0.000000, 
118.975808, 0.000000, 
119.903001, 0.000000, 
120.844966, 0.000000, 
121.899105, 0.000000, 
122.979007, 0.000000, 
124.054738, 0.000000, 
124.803241, 0.000000, 
125.906141, 0.000000, 
127.083406, 0.000000, 
127.881318, 0.000000, 
129.168427, 0.000000, 
130.056297, 0.000000, 
130.904863, 0.000000, 
132.014739, 0.000000, 
133.037685, 0.000000, 
133.804825, 0.000000, 
134.950247, 0.000000, 
136.065468, 0.000000, 
136.847070, 0.000000, 
137.904693, 0.000000, 
138.839518, 0.000000, 
139.845806, 0.000000, 
141.186373, 0.000000, 
141.876957, 0.000000, 
143.012616, 0.000000, 
144.128293, 0.000000, 
144.968950, 0.000000, 
145.903916, 0.000000, 
146.871736, 0.000000, 
148.069416, 0.000000, 
149.112847, 0.000000, 
149.871178, 0.000000, 
151.035552, 0.000000, 
151.822594, 0.000000, 
152.806965, 0.000000, 
153.858627, 0.000000, 
154.931353, 0.000000, 
156.087795, 0.000000, 
157.191744, 0.000000, 
157.871097, 0.000000, 
158.854444, 0.000000, 
160.026981, 0.000000, 
161.146289, 0.000000, 
161.822059, 0.000000, 
162.900656, 0.000000, 
164.003350, 0.000000, 
164.909334, 0.000000, 
166.022949, 0.000000, 
166.894462, 0.000000, 
167.919708, 0.000000, 
169.041721, 0.000000, 
169.955547, 0.000000, 
171.126447, 0.000000, 
172.111364, 0.000000, 
173.026165, 0.000000, 
173.958403, 0.000000, 
175.037078, 0.000000, 
176.134096, 0.000000, 
177.071813, 0.000000, 
178.068417, 0.000000, 
178.971337, 0.000000, 
180.044037, 0.000000, 
180.855551, 0.000000, 
182.170342, 0.000000, 
182.827762, 0.000000, 
184.080463, 0.000000, 
185.088963, 0.000000, 
185.910659, 0.000000, 
186.866882, 0.000000, 
187.894217, 0.000000, 
188.961731, 0.000000, 
190.067653, 0.000000, 
191.008973, 0.000000, 
191.926021, 0.000000, 
193.027654, 0.000000, 
194.092047, 0.000000, 
194.838578, 0.000000, 
195.934786, 0.000000, 
197.199780, 0.000000, 
197.834387, 0.000000, 
199.118515, 0.000000, 
