0.079063, 0.000000, 
1.128436, 0.000000, 
2.414985, 0.000000, 
2.594964, 0.000000, 
4.081853, 0.000000, 
5.438798, 0.000000, 
6.458945, 0.000000, 
6.898959, 0.000000, 
8.046264, 0.000000, 
9.074473, 0.000000, 
9.581441, 0.000000, 
10.939849, 0.000000, 
11.794988, 0.000000, 
13.236854, 0.000000, 
14.457025, 0.000000, 
15.431733, 0.000000, 
16.454730, 0.000000, 
16.798318, 0.000000, 
17.672541, 0.000000, 
19.119750, 0.000000, 
20.193029, 0.000000, 
21.013611, 0.000000, 
21.564386, 0.000000, 
23.422297, 0.000000, 
24.241207, 0.000000, 
25.322755, 0.000000, 
26.360579, 0.000000, 
26.603596, 0.000000, 
27.546637, 0.000000, 
29.010538, 0.000000, 
29.780273, 0.000000, 
31.457007, 0.000000, 
31.897214, 0.000000, 
33.187133, 0.000000, 
33.668279, 0.000000, 
34.655077, 0.000000, 
36.392101, 0.000000, 
37.268821, 0.000000, 
38.367140, 0.000000, 
38.829082, 0.000000, 
40.071671, 0.000000, 
40.595030, 0.000000, 
41.762935, 0.000000, 
43.310817, 0.000000, 
44.323132, 0.000000, 
44.983693, 0.000000, 
46.374120, 0.000000, 
47.456812, 0.000000, 
47.508657, 0.000000, 
49.279381, 0.000000, 
50.223592, 0.000000, 
50.873087, 0.000000, 
51.836550, 0.000000, 
52.912064, 0.000000, 
53.905373, 0.000000, 
54.811549, 0.000000, 
55.599576, 0.000000, 
57.455506, 0.000000, 
58.069591, 0.000000, 
59.007340, 0.000000, 
59.692257, 0.000000, 
60.649557, 0.000000, 
61.518184, 0.000000, 
63.197849, 0.000000, 
63.964110, 0.000000, 
65.222351, 0.000000, 
66.020769, 0.000000, 
67.422570, 0.000000, 
67.698791, 0.000000, 
68.752186, 0.000000, 
69.721902, 0.000000, 
71.208824, 0.000000, 
71.661738, 0.000000, 
73.482972, 0.000000, 
74.055854, 0.000000, 
75.049010, 0.000000, 
76.391355, 0.000000, 
77.209477, 0.000000, 
77.816369, 0.000000, 
78.874386, 0.000000, 
79.945841, 0.000000, 
80.944994, 0.000000, 
82.213320, 0.000000, 
82.868899, 0.000000, 
84.170525, 0.000000, 
84.950733, 0.000000, 
85.694074, 0.000000, 
87.092384, 0.000000, 
87.852652, 0.000000, 
88.772356, 0.000000, 
89.803387, 0.000000, 
90.997477, 0.000000, 
91.621346, 0.000000, 
92.719812, 0.000000, 
93.825201, 0.000000, 
95.434564, 0.000000, 
96.246286, 0.000000, 
96.526072, 0.000000, 
97.546658, 0.000000, 
98.940669, 0.000000, 
99.796073, 0.000000, 
100.731551, 0.000000, 
101.747567, 0.000000, 
102.504248, 0.000000, 
104.459318, 0.000000, 
104.793520, 0.000000, 
105.535523, 0.000000, 
107.366490, 0.000000, 
107.872325, 0.000000, 
109.172858, 0.000000, 
109.925503, 0.000000, 
110.841008, 0.000000, 
111.653259, 0.000000, 
112.671716, 0.000000, 
114.426387, 0.000000, 
115.384640, 0.000000, 
116.402323, 0.000000, 
117.156055, 0.000000, 
117.715927, 0.000000, 
119.112109, 0.000000, 
120.382729, 0.000000, 
120.571504, 0.000000, 
121.580456, 0.000000, 
122.627648, 0.000000, 
123.900096, 0.000000, 
124.797732, 0.000000, 
126.128470, 0.000000, 
127.304007, 0.000000, 
127.675765, 0.000000, 
129.162469, 0.000000, 
130.480543, 0.000000, 
131.381889, 0.000000, 
132.461030, 0.000000, 
133.362219, 0.000000, 
133.543139, 0.000000, 
135.066553, 0.000000, 
136.352908, 0.000000, 
136.838503, 0.000000, 
138.133135, 0.000000, 
139.173083, 0.000000, 
140.334781, 0.000000, 
140.720578, 0.000000, 
141.736866, 0.000000, 
142.514740, 0.000000, 
144.378869, 0.000000, 
144.790685, 0.000000, 
145.547385, 0.000000, 
146.911116, 0.000000, 
147.937136, 0.000000, 
148.684194, 0.000000, 
150.077608, 0.000000, 
150.764997, 0.000000, 
152.118761, 0.000000, 
152.672385, 0.000000, 
153.777959, 0.000000, 
155.468999, 0.000000, 
155.810490, 0.000000, 
156.693712, 0.000000, 
158.421004, 0.000000, 
159.194077, 0.000000, 
160.359474, 0.000000, 
160.940205, 0.000000, 
162.466856, 0.000000, 
163.168090, 0.000000, 
163.937116, 0.000000, 
165.146976, 0.000000, 
165.915889, 0.000000, 
166.735834, 0.000000, 
168.059321, 0.000000, 
169.156167, 0.000000, 
169.596232, 0.000000, 
170.846691, 0.000000, 
172.431531, 0.000000, 
172.782527, 0.000000, 
174.466201, 0.000000, 
174.509780, 0.000000, 
175.641430, 0.000000, 
176.880288, 0.000000, 
177.655261, 0.000000, 
179.040687, 0.000000, 
179.809164, 0.000000, 
181.233548, 0.000000, 
182.268648, 0.000000, 
182.536960, 0.000000, 
183.652202, 0.000000, 
185.243825, 0.000000, 
186.176743, 0.000000, 
187.024219, 0.000000, 
187.556877, 0.000000, 
188.968230, 0.000000, 
189.736568, 0.000000, 
190.769603, 0.000000, 
192.427643, 0.000000, 
192.830738, 0.000000, 
194.403933, 0.000000, 
195.043194, 0.000000, 
195.592377, 0.000000, 
197.224217, 0.000000, 
198.138206, 0.000000, 
198.874503, 0.000000, 
