-0.094119, 0.000000, 
0.983624, 0.000000, 
2.010105, 0.000000, 
2.967098, 0.000000, 
4.151322, 0.000000, 
4.964206, 0.000000, 
5.933716, 0.000000, 
7.142500, 0.000000, 
7.896228, 0.000000, 
9.176629, 0.000000, 
10.178844, 0.000000, 
11.124408, 0.000000, 
12.141860, 0.000000, 
13.089443, 0.000000, 
13.867162, 0.000000, 
15.084292, 0.000000, 
16.022662, 0.000000, 
16.924344, 0.000000, 
17.971053, 0.000000, 
18.809022, 0.000000, 
20.129821, 0.000000, 
21.073808, 0.000000, 
21.947138, 0.000000, 
23.093290, 0.000000, 
23.938297, 0.000000, 
25.041592, 0.000000, 
25.898950, 0.000000, 
26.925284, 0.000000, 
27.817469, 0.000000, 
29.182137, 0.000000, 
30.148882, 0.000000, 
30.824248, 0.000000, 
31.929518, 0.000000, 
32.848450, 0.000000, 
33.804425, 0.000000, 
34.834675, 0.000000, 
36.015361, 0.000000, 
37.019021, 0.000000, 
37.978713, 0.000000, 
39.009231, 0.000000, 
39.813754, 0.000000, 
40.939864, 0.000000, 
41.820465, 0.000000, 
43.014150, 0.000000, 
43.954851, 0.000000, 
45.053116, 0.000000, 
46.161604, 0.000000, 
47.176985, 0.000000, 
47.901198, 0.000000, 
48.886152, 0.000000, 
50.117526, 0.000000, 
51.128847, 0.000000, 
52.112649, 0.000000, 
52.850109, 0.000000, 
53.902365, 0.000000, 
54.972365, 0.000000, 
55.953379, 0.000000, 
56.879407, 0.000000, 
58.172153, 0.000000, 
59.133568, 0.000000, 
60.131438, 0.000000, 
61.067027, 0.000000, 
61.883820, 0.000000, 
62.897683, 0.000000, 
63.851982, 0.000000, 
64.890040, 0.000000, 
66.092115, 0.000000, 
66.983643, 0.000000, 
67.885193, 0.000000, 
68.867065, 0.000000, 
70.032672, 0.000000, 
70.910672, 0.000000, 
71.852795, 0.000000, 
72.916442, 0.000000, 
74.104868, 0.000000, 
74.813451, 0.000000, 
75.833204, 0.000000, 
77.125912, 0.000000, 
77.828527, 0.000000, 
78.993304, 0.000000, 
80.181320, 0.000000, 
81.016334, 0.000000, 
81.918697, 0.000000, 
83.196480, 0.000000, 
83.932037, 0.000000, 
85.119868, 0.000000, 
85.890715, 0.000000, 
87.057191, 0.000000, 
87.876379, 0.000000, 
88.881360, 0.000000, 
90.178704, 0.000000, 
91.065115, 0.000000, 
91.849277, 0.000000, 
93.165113, 0.000000, 
94.023496, 0.000000, 
95.065351, 0.000000, 
96.098860, 0.000000, 
97.039754, 0.000000, 
98.083264, 0.000000, 
98.920312, 0.000000, 
100.166440, 0.000000, 
101.053633, 0.000000, 
101.879064, 0.000000, 
102.849820, 0.000000, 
104.027885, 0.000000, 
104.940415, 0.000000, 
106.118574, 0.000000, 
107.138489, 0.000000, 
107.922727, 0.000000, 
109.047191, 0.000000, 
110.080207, 0.000000, 
111.073442, 0.000000, 
112.024335, 0.000000, 
112.860824, 0.000000, 
114.178509, 0.000000, 
115.132195, 0.000000, 
115.945050, 0.000000, 
117.074749, 0.000000, 
118.152459, 0.000000, 
119.071876, 0.000000, 
120.124496, 0.000000, 
120.989866, 0.000000, 
121.850828, 0.000000, 
123.167062, 0.000000, 
124.013325, 0.000000, 
124.999773, 0.000000, 
126.059869, 0.000000, 
127.109601, 0.000000, 
127.870619, 0.000000, 
129.021424, 0.000000, 
129.874087, 0.000000, 
130.817838, 0.000000, 
132.101606, 0.000000, 
132.839802, 0.000000, 
134.028908, 0.000000, 
135.065550, 0.000000, 
135.959374, 0.000000, 
136.994963, 0.000000, 
138.161647, 0.000000, 
139.038078, 0.000000, 
140.086585, 0.000000, 
140.849441, 0.000000, 
141.848109, 0.000000, 
143.010550, 0.000000, 
143.944361, 0.000000, 
144.835006, 0.000000, 
145.997148, 0.000000, 
147.181937, 0.000000, 
147.865920, 0.000000, 
148.909473, 0.000000, 
149.847283, 0.000000, 
151.057283, 0.000000, 
151.822085, 0.000000, 
153.006148, 0.000000, 
153.919618, 0.000000, 
154.989541, 0.000000, 
156.163764, 0.000000, 
157.033530, 0.000000, 
157.857323, 0.000000, 
159.153234, 0.000000, 
160.090758, 0.000000, 
160.891918, 0.000000, 
162.036163, 0.000000, 
162.873704, 0.000000, 
163.882384, 0.000000, 
164.904151, 0.000000, 
166.153710, 0.000000, 
166.856196, 0.000000, 
167.911383, 0.000000, 
169.094034, 0.000000, 
170.061388, 0.000000, 
170.804656, 0.000000, 
172.003671, 0.000000, 
173.141854, 0.000000, 
174.048373, 0.000000, 
175.148168, 0.000000, 
176.036188, 0.000000, 
177.148704, 0.000000, 
177.862884, 0.000000, 
178.995749, 0.000000, 
179.851530, 0.000000, 
180.994537, 0.000000, 
182.010965, 0.000000, 
183.142421, 0.000000, 
184.167426, 0.000000, 
185.017560, 0.000000, 
186.060577, 0.000000, 
186.962603, 0.000000, 
188.188240, 0.000000, 
188.965700, 0.000000, 
190.061984, 0.000000, 
191.025885, 0.000000, 
191.946050, 0.000000, 
193.064178, 0.000000, 
193.978417, 0.000000, 
194.801529, 0.000000, 
196.036982, 0.000000, 
196.946197, 0.000000, 
197.910648, 0.000000, 
198.824874, 0.000000, 
