0.271721, 0.000000, 
0.896806, 0.000000, 
1.837822, 0.000000, 
3.274393, 0.000000, 
4.135779, 0.000000, 
4.850989, 0.000000, 
5.886155, 0.000000, 
6.765540, 0.000000, 
7.787878, 0.000000, 
9.272768, 0.000000, 
10.235878, 0.000000, 
10.831320, 0.000000, 
11.804659, 0.000000, 
12.964813, 0.000000, 
14.224571, 0.000000, 
15.172421, 0.000000, 
15.756421, 0.000000, 
16.756455, 0.000000, 
18.038753, 0.000000, 
18.755730, 0.000000, 
20.070260, 0.000000, 
20.871768, 0.000000, 
22.123606, 0.000000, 
23.160135, 0.000000, 
24.205540, 0.000000, 
24.836393, 0.000000, 
26.258928, 0.000000, 
26.781229, 0.000000, 
28.008359, 0.000000, 
29.112209, 0.000000, 
30.002410, 0.000000, 
30.844780, 0.000000, 
31.966047, 0.000000, 
33.226695, 0.000000, 
33.933557, 0.000000, 
34.777183, 0.000000, 
36.249300, 0.000000, 
37.212981, 0.000000, 
38.262856, 0.000000, 
38.779775, 0.000000, 
40.105217, 0.000000, 
40.933933, 0.000000, 
41.888431, 0.000000, 
42.739153, 0.000000, 
44.116118, 0.000000, 
45.084585, 0.000000, 
45.901279, 0.000000, 
47.195841, 0.000000, 
47.850190, 0.000000, 
48.932677, 0.000000, 
49.976959, 0.000000, 
51.239644, 0.000000, 
52.253050, 0.000000, 
52.817861, 0.000000, 
54.219206, 0.000000, 
54.992824, 0.000000, 
55.709520, 0.000000, 
56.716491, 0.000000, 
58.017619, 0.000000, 
58.858576, 0.000000, 
60.056231, 0.000000, 
61.033223, 0.000000, 
61.893248, 0.000000, 
63.214537, 0.000000, 
63.795878, 0.000000, 
65.148261, 0.000000, 
65.765629, 0.000000, 
66.904608, 0.000000, 
68.183230, 0.000000, 
68.833738, 0.000000, 
69.982932, 0.000000, 
70.958060, 0.000000, 
71.868672, 0.000000, 
72.902783, 0.000000, 
74.097018, 0.000000, 
75.141081, 0.000000, 
76.165800, 0.000000, 
76.857569, 0.000000, 
78.161406, 0.000000, 
78.926056, 0.000000, 
80.096715, 0.000000, 
81.294391, 0.000000, 
82.017701, 0.000000, 
83.100462, 0.000000, 
84.279252, 0.000000, 
85.220545, 0.000000, 
85.953215, 0.000000, 
87.069101, 0.000000, 
88.140195, 0.000000, 
88.754724, 0.000000, 
89.987992, 0.000000, 
91.080461, 0.000000, 
92.177313, 0.000000, 
93.217567, 0.000000, 
93.799821, 0.000000, 
94.799643, 0.000000, 
96.111951, 0.000000, 
97.230712, 0.000000, 
97.883141, 0.000000, 
99.157209, 0.000000, 
99.867930, 0.000000, 
100.739525, 0.000000, 
102.147743, 0.000000, 
103.031139, 0.000000, 
103.747351, 0.000000, 
105.229745, 0.000000, 
106.228477, 0.000000, 
106.797305, 0.000000, 
108.276389, 0.000000, 
109.146740, 0.000000, 
109.828716, 0.000000, 
110.855807, 0.000000, 
112.226683, 0.000000, 
113.037603, 0.000000, 
114.054888, 0.000000, 
114.889174, 0.000000, 
116.278568, 0.000000, 
117.111749, 0.000000, 
117.874629, 0.000000, 
119.032428, 0.000000, 
120.297828, 0.000000, 
120.765306, 0.000000, 
121.764989, 0.000000, 
122.795223, 0.000000, 
123.727139, 0.000000, 
124.922135, 0.000000, 
125.733332, 0.000000, 
126.782790, 0.000000, 
128.262554, 0.000000, 
129.266515, 0.000000, 
129.748772, 0.000000, 
130.854951, 0.000000, 
132.280105, 0.000000, 
133.130228, 0.000000, 
133.971993, 0.000000, 
135.096910, 0.000000, 
136.183509, 0.000000, 
136.884144, 0.000000, 
137.972412, 0.000000, 
138.831799, 0.000000, 
140.078993, 0.000000, 
141.280066, 0.000000, 
142.066099, 0.000000, 
143.169154, 0.000000, 
144.099296, 0.000000, 
144.775391, 0.000000, 
145.965180, 0.000000, 
146.955445, 0.000000, 
147.828489, 0.000000, 
149.160249, 0.000000, 
150.058490, 0.000000, 
151.079055, 0.000000, 
151.841414, 0.000000, 
152.892042, 0.000000, 
154.295575, 0.000000, 
155.130174, 0.000000, 
155.727413, 0.000000, 
156.906724, 0.000000, 
157.714688, 0.000000, 
159.176955, 0.000000, 
159.797201, 0.000000, 
161.012812, 0.000000, 
162.169781, 0.000000, 
163.017221, 0.000000, 
164.257613, 0.000000, 
164.940652, 0.000000, 
165.806213, 0.000000, 
167.009958, 0.000000, 
167.840793, 0.000000, 
169.134487, 0.000000, 
169.817331, 0.000000, 
170.723355, 0.000000, 
171.993407, 0.000000, 
172.817484, 0.000000, 
173.826324, 0.000000, 
175.005072, 0.000000, 
175.956077, 0.000000, 
177.000103, 0.000000, 
177.735326, 0.000000, 
178.800037, 0.000000, 
179.854378, 0.000000, 
180.979082, 0.000000, 
181.949344, 0.000000, 
183.162153, 0.000000, 
184.271421, 0.000000, 
185.183114, 0.000000, 
185.892150, 0.000000, 
187.252718, 0.000000, 
187.811236, 0.000000, 
189.075829, 0.000000, 
189.809870, 0.000000, 
191.264080, 0.000000, 
191.753870, 0.000000, 
193.161314, 0.000000, 
193.880827, 0.000000, 
195.199786, 0.000000, 
196.196939, 0.000000, 
196.904941, 0.000000, 
197.976701, 0.000000, 
199.198995, 0.000000, 
