0.032351, 0.000000, 
1.296174, 0.000000, 
2.158360, 0.000000, 
2.925144, 0.000000, 
3.704990, 0.000000, 
5.170606, 0.000000, 
6.026878, 0.000000, 
6.969569, 0.000000, 
7.903398, 0.000000, 
9.292613, 0.000000, 
9.926272, 0.000000, 
11.123774, 0.000000, 
12.272673, 0.000000, 
13.033144, 0.000000, 
14.097564, 0.000000, 
14.799328, 0.000000, 
15.805292, 0.000000, 
16.952931, 0.000000, 
18.228945, 0.000000, 
18.990583, 0.000000, 
20.085869, 0.000000, 
21.194923, 0.000000, 
22.231498, 0.000000, 
22.749168, 0.000000, 
23.836324, 0.000000, 
25.042771, 0.000000, 
26.133683, 0.000000, 
26.867289, 0.000000, 
27.905418, 0.000000, 
28.756956, 0.000000, 
29.878718, 0.000000, 
30.995370, 0.000000, 
32.188111, 0.000000, 
32.806488, 0.000000, 
33.996179, 0.000000, 
35.282322, 0.000000, 
36.297768, 0.000000, 
36.788685, 0.000000, 
37.816728, 0.000000, 
39.083846, 0.000000, 
39.975429, 0.000000, 
40.866587, 0.000000, 
41.915876, 0.000000, 
43.048530, 0.000000, 
43.724619, 0.000000, 
44.971568, 0.000000, 
45.850001, 0.000000, 
46.872090, 0.000000, 
47.811914, 0.000000, 
48.938414, 0.000000, 
49.745579, 0.000000, 
51.080327, 0.000000, 
52.209834, 0.000000, 
53.227482, 0.000000, 
53.851047, 0.000000, 
55.015357, 0.000000, 
56.122710, 0.000000, 
56.840504, 0.000000, 
57.738072, 0.000000, 
59.250206, 0.000000, 
60.273870, 0.000000, 
60.888147, 0.000000, 
62.160416, 0.000000, 
63.201836, 0.000000, 
64.278855, 0.000000, 
64.847590, 0.000000, 
66.072544, 0.000000, 
66.868578, 0.000000, 
68.194863, 0.000000, 
68.886680, 0.000000, 
70.199921, 0.000000, 
71.045801, 0.000000, 
72.189063, 0.000000, 
73.230331, 0.000000, 
74.291026, 0.000000, 
75.293380, 0.000000, 
76.186430, 0.000000, 
77.085158, 0.000000, 
78.211813, 0.000000, 
78.940070, 0.000000, 
80.052253, 0.000000, 
80.736442, 0.000000, 
81.907179, 0.000000, 
83.034940, 0.000000, 
83.733165, 0.000000, 
84.807155, 0.000000, 
85.779714, 0.000000, 
86.878226, 0.000000, 
87.707962, 0.000000, 
88.867777, 0.000000, 
90.182390, 0.000000, 
91.294263, 0.000000, 
92.288902, 0.000000, 
92.808477, 0.000000, 
93.886688, 0.000000, 
95.038419, 0.000000, 
95.758536, 0.000000, 
96.948031, 0.000000, 
97.903188, 0.000000, 
98.987308, 0.000000, 
100.283732, 0.000000, 
101.063030, 0.000000, 
102.158029, 0.000000, 
102.911845, 0.000000, 
103.718022, 0.000000, 
105.196919, 0.000000, 
105.850115, 0.000000, 
107.273603, 0.000000, 
107.942916, 0.000000, 
109.081614, 0.000000, 
110.246073, 0.000000, 
110.759743, 0.000000, 
111.861482, 0.000000, 
112.813782, 0.000000, 
114.160873, 0.000000, 
114.986995, 0.000000, 
116.147206, 0.000000, 
116.745069, 0.000000, 
117.816111, 0.000000, 
118.716927, 0.000000, 
120.294536, 0.000000, 
121.193601, 0.000000, 
121.930338, 0.000000, 
122.842747, 0.000000, 
124.097049, 0.000000, 
125.151163, 0.000000, 
126.082324, 0.000000, 
127.106526, 0.000000, 
128.165875, 0.000000, 
129.229387, 0.000000, 
129.764206, 0.000000, 
130.743413, 0.000000, 
132.071458, 0.000000, 
133.225932, 0.000000, 
133.976504, 0.000000, 
135.130647, 0.000000, 
136.298589, 0.000000, 
137.212330, 0.000000, 
138.249223, 0.000000, 
138.821324, 0.000000, 
140.103280, 0.000000, 
141.193413, 0.000000, 
141.955567, 0.000000, 
142.969200, 0.000000, 
144.188308, 0.000000, 
144.890287, 0.000000, 
145.827942, 0.000000, 
146.727922, 0.000000, 
147.745741, 0.000000, 
148.845041, 0.000000, 
149.825621, 0.000000, 
150.740598, 0.000000, 
152.040742, 0.000000, 
153.045713, 0.000000, 
154.171232, 0.000000, 
154.982353, 0.000000, 
156.286078, 0.000000, 
156.762816, 0.000000, 
157.972417, 0.000000, 
158.959701, 0.000000, 
160.003203, 0.000000, 
161.075315, 0.000000, 
162.083006, 0.000000, 
163.017497, 0.000000, 
163.872092, 0.000000, 
165.220953, 0.000000, 
166.141432, 0.000000, 
167.106185, 0.000000, 
167.907821, 0.000000, 
168.751621, 0.000000, 
169.753870, 0.000000, 
171.067165, 0.000000, 
172.038165, 0.000000, 
172.988165, 0.000000, 
173.759268, 0.000000, 
174.993499, 0.000000, 
175.742491, 0.000000, 
177.004517, 0.000000, 
178.297547, 0.000000, 
179.162919, 0.000000, 
180.217492, 0.000000, 
181.090529, 0.000000, 
182.037220, 0.000000, 
182.976653, 0.000000, 
183.835185, 0.000000, 
185.140563, 0.000000, 
186.177782, 0.000000, 
187.291854, 0.000000, 
188.197544, 0.000000, 
188.934507, 0.000000, 
190.242107, 0.000000, 
190.814976, 0.000000, 
192.027259, 0.000000, 
192.942162, 0.000000, 
194.232813, 0.000000, 
195.098765, 0.000000, 
195.850257, 0.000000, 
197.064142, 0.000000, 
198.250388, 0.000000, 
199.042750, 0.000000, 
