-0.063262, 0.000000, 
0.903952, 0.000000, 
1.981457, 0.000000, 
2.902495, 0.000000, 
4.038926, 0.000000, 
4.985630, 0.000000, 
6.021312, 0.000000, 
6.951667, 0.000000, 
7.994760, 0.000000, 
8.925047, 0.000000, 
10.037964, 0.000000, 
11.085234, 0.000000, 
12.011220, 0.000000, 
12.926319, 0.000000, 
14.045784, 0.000000, 
15.097031, 0.000000, 
15.962707, 0.000000, 
16.903942, 0.000000, 
18.002224, 0.000000, 
19.084359, 0.000000, 
19.966998, 0.000000, 
20.955746, 0.000000, 
21.977819, 0.000000, 
23.040139, 0.000000, 
23.984310, 0.000000, 
25.096211, 0.000000, 
26.037069, 0.000000, 
26.922146, 0.000000, 
27.975728, 0.000000, 
29.074660, 0.000000, 
30.009807, 0.000000, 
31.054421, 0.000000, 
31.925050, 0.000000, 
33.094212, 0.000000, 
34.060648, 0.000000, 
35.036789, 0.000000, 
36.040454, 0.000000, 
37.093226, 0.000000, 
37.943823, 0.000000, 
39.024007, 0.000000, 
40.092765, 0.000000, 
40.974751, 0.000000, 
41.922129, 0.000000, 
43.027538, 0.000000, 
43.922953, 0.000000, 
45.061430, 0.000000, 
45.992613, 0.000000, 
46.935103, 0.000000, 
48.095379, 0.000000, 
49.011099, 0.000000, 
49.929459, 0.000000, 
51.082775, 0.000000, 
51.990368, 0.000000, 
52.917515, 0.000000, 
54.045514, 0.000000, 
54.944464, 0.000000, 
55.948192, 0.000000, 
56.910847, 0.000000, 
58.039693, 0.000000, 
58.941779, 0.000000, 
59.918294, 0.000000, 
60.928069, 0.000000, 
61.928411, 0.000000, 
62.984406, 0.000000, 
63.987339, 0.000000, 
65.029081, 0.000000, 
66.089579, 0.000000, 
66.967538, 0.000000, 
68.042022, 0.000000, 
68.953188, 0.000000, 
70.003531, 0.000000, 
70.980842, 0.000000, 
72.077501, 0.000000, 
72.999315, 0.000000, 
74.028337, 0.000000, 
74.991526, 0.000000, 
76.068565, 0.000000, 
77.003144, 0.000000, 
77.959816, 0.000000, 
79.031913, 0.000000, 
79.985706, 0.000000, 
81.011350, 0.000000, 
81.974770, 0.000000, 
83.041648, 0.000000, 
84.049512, 0.000000, 
84.929555, 0.000000, 
86.030845, 0.000000, 
87.074583, 0.000000, 
88.028303, 0.000000, 
89.066112, 0.000000, 
90.067392, 0.000000, 
91.038820, 0.000000, 
91.927541, 0.000000, 
92.926631, 0.000000, 
94.071385, 0.000000, 
95.066338, 0.000000, 
95.954870, 0.000000, 
97.034279, 0.000000, 
97.955621, 0.000000, 
99.073118, 0.000000, 
100.066159, 0.000000, 
100.937570, 0.000000, 
101.972891, 0.000000, 
103.083575, 0.000000, 
104.056448, 0.000000, 
105.074658, 0.000000, 
106.007496, 0.000000, 
106.989792, 0.000000, 
108.073743, 0.000000, 
109.044129, 0.000000, 
109.947946, 0.000000, 
111.074251, 0.000000, 
112.098277, 0.000000, 
113.000418, 0.000000, 
114.062293, 0.000000, 
115.020354, 0.000000, 
115.965983, 0.000000, 
116.934226, 0.000000, 
117.994656, 0.000000, 
119.086682, 0.000000, 
119.947260, 0.000000, 
120.987660, 0.000000, 
121.938596, 0.000000, 
122.971312, 0.000000, 
123.933343, 0.000000, 
125.051717, 0.000000, 
126.053057, 0.000000, 
126.946361, 0.000000, 
127.991604, 0.000000, 
129.029678, 0.000000, 
129.918086, 0.000000, 
130.976265, 0.000000, 
131.939897, 0.000000, 
132.943388, 0.000000, 
133.959647, 0.000000, 
135.073601, 0.000000, 
135.950884, 0.000000, 
137.090185, 0.000000, 
137.996195, 0.000000, 
138.997376, 0.000000, 
139.914383, 0.000000, 
140.967894, 0.000000, 
142.039655, 0.000000, 
142.980236, 0.000000, 
143.938380, 0.000000, 
144.917864, 0.000000, 
146.056625, 0.000000, 
146.949261, 0.000000, 
147.943183, 0.000000, 
148.993727, 0.000000, 
150.088049, 0.000000, 
150.919194, 0.000000, 
152.090410, 0.000000, 
152.938247, 0.000000, 
153.936978, 0.000000, 
154.909992, 0.000000, 
155.957241, 0.000000, 
156.912989, 0.000000, 
158.084077, 0.000000, 
158.991509, 0.000000, 
160.063544, 0.000000, 
160.937466, 0.000000, 
161.911169, 0.000000, 
162.923252, 0.000000, 
163.900235, 0.000000, 
165.077042, 0.000000, 
165.988626, 0.000000, 
167.051371, 0.000000, 
168.086467, 0.000000, 
168.954902, 0.000000, 
169.986144, 0.000000, 
170.913229, 0.000000, 
171.992187, 0.000000, 
173.084226, 0.000000, 
173.997692, 0.000000, 
174.996424, 0.000000, 
176.033045, 0.000000, 
177.078321, 0.000000, 
178.075777, 0.000000, 
179.042870, 0.000000, 
180.054692, 0.000000, 
181.009112, 0.000000, 
181.927477, 0.000000, 
183.035998, 0.000000, 
184.050854, 0.000000, 
185.058265, 0.000000, 
185.904709, 0.000000, 
187.044207, 0.000000, 
187.971107, 0.000000, 
188.908745, 0.000000, 
190.084691, 0.000000, 
190.952241, 0.000000, 
191.973505, 0.000000, 
193.086928, 0.000000, 
194.017446, 0.000000, 
194.926229, 0.000000, 
195.907887, 0.000000, 
197.068281, 0.000000, 
198.090742, 0.000000, 
198.973717, 0.000000, 
