0.314983, 0.000000, 
1.022059, 0.000000, 
1.833495, 0.000000, 
2.501630, 0.000000, 
4.429306, 0.000000, 
5.334588, 0.000000, 
6.461291, 0.000000, 
7.300001, 0.000000, 
8.322064, 0.000000, 
8.804639, 0.000000, 
10.399250, 0.000000, 
10.718682, 0.000000, 
12.044306, 0.000000, 
13.076045, 0.000000, 
14.196430, 0.000000, 
15.110091, 0.000000, 
15.640794, 0.000000, 
16.700490, 0.000000, 
18.092419, 0.000000, 
19.474753, 0.000000, 
19.811849, 0.000000, 
21.060021, 0.000000, 
21.818548, 0.000000, 
23.028836, 0.000000, 
23.692727, 0.000000, 
24.572239, 0.000000, 
26.449616, 0.000000, 
26.657196, 0.000000, 
28.442458, 0.000000, 
28.729762, 0.000000, 
29.761762, 0.000000, 
31.170639, 0.000000, 
31.943163, 0.000000, 
32.862324, 0.000000, 
33.580102, 0.000000, 
35.001330, 0.000000, 
36.019616, 0.000000, 
36.891467, 0.000000, 
38.287533, 0.000000, 
38.742972, 0.000000, 
39.705268, 0.000000, 
41.358634, 0.000000, 
42.150743, 0.000000, 
42.550043, 0.000000, 
43.813832, 0.000000, 
44.804801, 0.000000, 
45.834194, 0.000000, 
47.055855, 0.000000, 
48.214511, 0.000000, 
49.084151, 0.000000, 
50.326762, 0.000000, 
50.523809, 0.000000, 
52.023036, 0.000000, 
52.593009, 0.000000, 
53.800718, 0.000000, 
55.358737, 0.000000, 
56.299707, 0.000000, 
56.617908, 0.000000, 
58.481076, 0.000000, 
59.023130, 0.000000, 
59.505705, 0.000000, 
61.278278, 0.000000, 
61.540471, 0.000000, 
63.226128, 0.000000, 
63.862230, 0.000000, 
65.186179, 0.000000, 
65.953630, 0.000000, 
67.208248, 0.000000, 
68.210978, 0.000000, 
69.390202, 0.000000, 
69.518158, 0.000000, 
71.136395, 0.000000, 
71.965789, 0.000000, 
72.876366, 0.000000, 
73.573836, 0.000000, 
74.612548, 0.000000, 
75.947146, 0.000000, 
76.765715, 0.000000, 
78.363128, 0.000000, 
78.697978, 0.000000, 
79.850875, 0.000000, 
80.775073, 0.000000, 
81.694794, 0.000000, 
83.059306, 0.000000, 
83.734442, 0.000000, 
85.017626, 0.000000, 
85.951332, 0.000000, 
86.690747, 0.000000, 
87.666063, 0.000000, 
88.764439, 0.000000, 
90.151752, 0.000000, 
90.990874, 0.000000, 
91.726781, 0.000000, 
93.102554, 0.000000, 
93.954443, 0.000000, 
95.334989, 0.000000, 
96.425958, 0.000000, 
97.361106, 0.000000, 
97.872856, 0.000000, 
98.578055, 0.000000, 
100.108200, 0.000000, 
101.432249, 0.000000, 
102.217388, 0.000000, 
103.303015, 0.000000, 
104.333686, 0.000000, 
104.506401, 0.000000, 
106.392745, 0.000000, 
106.655859, 0.000000, 
107.997095, 0.000000, 
108.756168, 0.000000, 
109.789410, 0.000000, 
111.428336, 0.000000, 
112.452004, 0.000000, 
112.971878, 0.000000, 
114.008987, 0.000000, 
114.687385, 0.000000, 
116.050063, 0.000000, 
117.370837, 0.000000, 
118.215779, 0.000000, 
119.285403, 0.000000, 
119.712700, 0.000000, 
120.847170, 0.000000, 
121.866679, 0.000000, 
123.428754, 0.000000, 
123.511454, 0.000000, 
124.503595, 0.000000, 
126.427291, 0.000000, 
127.192604, 0.000000, 
127.655978, 0.000000, 
128.973875, 0.000000, 
129.507672, 0.000000, 
131.068045, 0.000000, 
131.786053, 0.000000, 
132.925243, 0.000000, 
134.111556, 0.000000, 
134.850931, 0.000000, 
136.009549, 0.000000, 
137.233945, 0.000000, 
137.974774, 0.000000, 
138.656288, 0.000000, 
139.698972, 0.000000, 
140.601721, 0.000000, 
141.557463, 0.000000, 
142.681679, 0.000000, 
143.540045, 0.000000, 
144.882318, 0.000000, 
145.905160, 0.000000, 
146.821899, 0.000000, 
148.041314, 0.000000, 
149.015691, 0.000000, 
150.206790, 0.000000, 
151.262748, 0.000000, 
152.172363, 0.000000, 
152.575542, 0.000000, 
154.432896, 0.000000, 
155.487820, 0.000000, 
155.567540, 0.000000, 
156.696133, 0.000000, 
158.086137, 0.000000, 
159.225871, 0.000000, 
159.747266, 0.000000, 
161.083979, 0.000000, 
162.231621, 0.000000, 
163.325923, 0.000000, 
164.326361, 0.000000, 
164.599386, 0.000000, 
165.715774, 0.000000, 
166.682073, 0.000000, 
167.561139, 0.000000, 
169.132337, 0.000000, 
169.804239, 0.000000, 
171.143916, 0.000000, 
171.517158, 0.000000, 
172.763078, 0.000000, 
174.165068, 0.000000, 
174.832297, 0.000000, 
176.086406, 0.000000, 
176.523171, 0.000000, 
178.289483, 0.000000, 
179.397712, 0.000000, 
179.726395, 0.000000, 
180.550381, 0.000000, 
182.134429, 0.000000, 
182.835280, 0.000000, 
183.762181, 0.000000, 
185.012596, 0.000000, 
185.779265, 0.000000, 
186.508641, 0.000000, 
187.657888, 0.000000, 
188.750582, 0.000000, 
189.950322, 0.000000, 
190.533984, 0.000000, 
191.831641, 0.000000, 
193.103762, 0.000000, 
193.522283, 0.000000, 
195.029794, 0.000000, 
196.426596, 0.000000, 
197.440752, 0.000000, 
197.979333, 0.000000, 
198.880613, 0.000000, 
