-0.121093, 0.000000, 
0.883039, 0.000000, 
1.974064, 0.000000, 
3.109540, 0.000000, 
4.086199, 0.000000, 
4.926257, 0.000000, 
6.180188, 0.000000, 
6.946274, 0.000000, 
8.017502, 0.000000, 
9.032102, 0.000000, 
9.837155, 0.000000, 
10.924527, 0.000000, 
12.098976, 0.000000, 
12.906335, 0.000000, 
13.824869, 0.000000, 
15.169473, 0.000000, 
16.134448, 0.000000, 
16.870755, 0.000000, 
17.972779, 0.000000, 
18.901167, 0.000000, 
20.188649, 0.000000, 
20.896730, 0.000000, 
22.177568, 0.000000, 
23.047921, 0.000000, 
24.064420, 0.000000, 
24.964513, 0.000000, 
26.002806, 0.000000, 
27.115864, 0.000000, 
27.819098, 0.000000, 
28.870687, 0.000000, 
30.098202, 0.000000, 
31.025142, 0.000000, 
31.810331, 0.000000, 
33.178119, 0.000000, 
33.869297, 0.000000, 
35.060012, 0.000000, 
36.195383, 0.000000, 
36.902101, 0.000000, 
37.983472, 0.000000, 
38.848356, 0.000000, 
39.944859, 0.000000, 
40.986948, 0.000000, 
41.909760, 0.000000, 
42.812647, 0.000000, 
43.811549, 0.000000, 
44.930279, 0.000000, 
46.111322, 0.000000, 
46.986333, 0.000000, 
48.171268, 0.000000, 
49.018123, 0.000000, 
49.815364, 0.000000, 
50.834812, 0.000000, 
52.192954, 0.000000, 
53.195206, 0.000000, 
54.104529, 0.000000, 
55.100627, 0.000000, 
55.902231, 0.000000, 
56.921162, 0.000000, 
57.968595, 0.000000, 
58.909235, 0.000000, 
59.917240, 0.000000, 
61.122356, 0.000000, 
62.141888, 0.000000, 
62.906556, 0.000000, 
63.834806, 0.000000, 
65.169301, 0.000000, 
66.190128, 0.000000, 
67.131039, 0.000000, 
68.169560, 0.000000, 
68.901217, 0.000000, 
69.912868, 0.000000, 
71.156616, 0.000000, 
72.001783, 0.000000, 
72.996794, 0.000000, 
74.035932, 0.000000, 
75.070961, 0.000000, 
75.834843, 0.000000, 
76.971648, 0.000000, 
77.989610, 0.000000, 
78.939731, 0.000000, 
79.822032, 0.000000, 
80.877104, 0.000000, 
81.872277, 0.000000, 
83.149400, 0.000000, 
83.899553, 0.000000, 
84.948441, 0.000000, 
85.955481, 0.000000, 
87.188428, 0.000000, 
88.121708, 0.000000, 
89.161837, 0.000000, 
90.182056, 0.000000, 
90.911634, 0.000000, 
91.842818, 0.000000, 
93.080404, 0.000000, 
94.189926, 0.000000, 
95.117764, 0.000000, 
96.022780, 0.000000, 
97.153032, 0.000000, 
98.194543, 0.000000, 
99.158559, 0.000000, 
100.048642, 0.000000, 
100.942887, 0.000000, 
102.130047, 0.000000, 
103.018242, 0.000000, 
104.158501, 0.000000, 
104.894366, 0.000000, 
105.925094, 0.000000, 
107.065866, 0.000000, 
107.832346, 0.000000, 
109.021061, 0.000000, 
110.174472, 0.000000, 
110.993325, 0.000000, 
111.832855, 0.000000, 
112.937619, 0.000000, 
113.914524, 0.000000, 
114.877128, 0.000000, 
115.815038, 0.000000, 
117.074127, 0.000000, 
118.115758, 0.000000, 
119.171159, 0.000000, 
119.972706, 0.000000, 
120.803411, 0.000000, 
121.853805, 0.000000, 
122.913801, 0.000000, 
123.926093, 0.000000, 
124.816090, 0.000000, 
126.091011, 0.000000, 
127.181584, 0.000000, 
127.935344, 0.000000, 
128.960729, 0.000000, 
130.032831, 0.000000, 
130.856157, 0.000000, 
131.897763, 0.000000, 
132.994537, 0.000000, 
133.875417, 0.000000, 
135.006569, 0.000000, 
135.858927, 0.000000, 
137.144719, 0.000000, 
138.154940, 0.000000, 
138.901964, 0.000000, 
140.000475, 0.000000, 
141.120726, 0.000000, 
141.871630, 0.000000, 
143.184671, 0.000000, 
144.017602, 0.000000, 
145.185578, 0.000000, 
145.858746, 0.000000, 
147.119990, 0.000000, 
148.077873, 0.000000, 
148.922358, 0.000000, 
150.107148, 0.000000, 
150.944623, 0.000000, 
152.093068, 0.000000, 
152.964175, 0.000000, 
153.986780, 0.000000, 
155.001444, 0.000000, 
156.149742, 0.000000, 
157.181485, 0.000000, 
158.176384, 0.000000, 
158.831426, 0.000000, 
159.849368, 0.000000, 
160.944663, 0.000000, 
162.123865, 0.000000, 
162.922858, 0.000000, 
163.988342, 0.000000, 
165.029856, 0.000000, 
166.002934, 0.000000, 
166.968867, 0.000000, 
167.939788, 0.000000, 
169.040313, 0.000000, 
170.060185, 0.000000, 
171.118362, 0.000000, 
171.887299, 0.000000, 
172.801771, 0.000000, 
173.814739, 0.000000, 
174.821743, 0.000000, 
176.027185, 0.000000, 
176.969526, 0.000000, 
178.005609, 0.000000, 
179.093875, 0.000000, 
180.012283, 0.000000, 
181.124780, 0.000000, 
181.810656, 0.000000, 
182.989923, 0.000000, 
183.835791, 0.000000, 
184.829687, 0.000000, 
186.092999, 0.000000, 
187.169488, 0.000000, 
188.170250, 0.000000, 
188.861232, 0.000000, 
190.107148, 0.000000, 
191.026885, 0.000000, 
192.075191, 0.000000, 
192.921321, 0.000000, 
194.185898, 0.000000, 
195.190098, 0.000000, 
196.189400, 0.000000, 
196.976284, 0.000000, 
198.002274, 0.000000, 
199.183845, 0.000000, 
