-0.165013, 0.000000, 
0.525429, 0.000000, 
1.625732, 0.000000, 
3.482435, 0.000000, 
3.788887, 0.000000, 
5.200725, 0.000000, 
6.303570, 0.000000, 
7.253806, 0.000000, 
7.626513, 0.000000, 
9.278568, 0.000000, 
10.469945, 0.000000, 
11.453679, 0.000000, 
12.114877, 0.000000, 
12.722069, 0.000000, 
14.463331, 0.000000, 
14.890356, 0.000000, 
15.554712, 0.000000, 
17.276328, 0.000000, 
18.086123, 0.000000, 
18.609061, 0.000000, 
20.061512, 0.000000, 
20.731560, 0.000000, 
22.302238, 0.000000, 
22.993186, 0.000000, 
23.640233, 0.000000, 
25.488163, 0.000000, 
26.465749, 0.000000, 
26.822343, 0.000000, 
28.009315, 0.000000, 
29.339893, 0.000000, 
30.392958, 0.000000, 
30.519606, 0.000000, 
32.233912, 0.000000, 
32.638860, 0.000000, 
33.825453, 0.000000, 
35.047051, 0.000000, 
35.717862, 0.000000, 
37.166492, 0.000000, 
37.627168, 0.000000, 
38.712095, 0.000000, 
39.879969, 0.000000, 
41.343187, 0.000000, 
42.276395, 0.000000, 
43.183864, 0.000000, 
44.434274, 0.000000, 
45.077536, 0.000000, 
45.524095, 0.000000, 
46.570720, 0.000000, 
47.705797, 0.000000, 
49.459207, 0.000000, 
50.322583, 0.000000, 
50.564087, 0.000000, 
51.864331, 0.000000, 
52.697424, 0.000000, 
53.851049, 0.000000, 
54.766762, 0.000000, 
55.905370, 0.000000, 
56.945924, 0.000000, 
57.511882, 0.000000, 
59.196866, 0.000000, 
60.444985, 0.000000, 
61.480006, 0.000000, 
62.245463, 0.000000, 
62.975779, 0.000000, 
63.969766, 0.000000, 
65.415669, 0.000000, 
66.170477, 0.000000, 
66.743549, 0.000000, 
68.386141, 0.000000, 
68.506812, 0.000000, 
69.715659, 0.000000, 
70.588108, 0.000000, 
71.680214, 0.000000, 
73.357576, 0.000000, 
73.712975, 0.000000, 
74.580394, 0.000000, 
75.529440, 0.000000, 
76.675055, 0.000000, 
78.430567, 0.000000, 
79.169744, 0.000000, 
79.894879, 0.000000, 
80.670424, 0.000000, 
81.756364, 0.000000, 
82.748867, 0.000000, 
84.005763, 0.000000, 
85.218175, 0.000000, 
85.835015, 0.000000, 
87.358890, 0.000000, 
87.698775, 0.000000, 
88.768836, 0.000000, 
89.556802, 0.000000, 
91.268395, 0.000000, 
91.842692, 0.000000, 
92.907963, 0.000000, 
94.164304, 0.000000, 
94.722247, 0.000000, 
96.368136, 0.000000, 
97.386849, 0.000000, 
97.512881, 0.000000, 
98.512147, 0.000000, 
100.072154, 0.000000, 
100.991430, 0.000000, 
102.275792, 0.000000, 
103.320226, 0.000000, 
104.262257, 0.000000, 
105.315581, 0.000000, 
105.842041, 0.000000, 
107.356560, 0.000000, 
108.496703, 0.000000, 
108.824780, 0.000000, 
110.448175, 0.000000, 
110.795210, 0.000000, 
112.485871, 0.000000, 
113.322213, 0.000000, 
114.183818, 0.000000, 
114.873171, 0.000000, 
115.650050, 0.000000, 
116.605748, 0.000000, 
118.242080, 0.000000, 
118.863430, 0.000000, 
119.677944, 0.000000, 
121.454014, 0.000000, 
121.906690, 0.000000, 
123.365686, 0.000000, 
123.800567, 0.000000, 
125.201643, 0.000000, 
125.817326, 0.000000, 
127.164596, 0.000000, 
127.976768, 0.000000, 
129.301878, 0.000000, 
129.860400, 0.000000, 
131.470027, 0.000000, 
132.441797, 0.000000, 
133.474710, 0.000000, 
134.439991, 0.000000, 
135.424444, 0.000000, 
135.923940, 0.000000, 
137.324523, 0.000000, 
138.138739, 0.000000, 
139.159104, 0.000000, 
139.812393, 0.000000, 
140.875639, 0.000000, 
141.857870, 0.000000, 
143.135662, 0.000000, 
144.291805, 0.000000, 
145.445296, 0.000000, 
146.352811, 0.000000, 
146.612599, 0.000000, 
147.689692, 0.000000, 
148.649570, 0.000000, 
149.916743, 0.000000, 
151.441335, 0.000000, 
151.884501, 0.000000, 
152.641792, 0.000000, 
154.087608, 0.000000, 
154.653749, 0.000000, 
156.353099, 0.000000, 
156.874254, 0.000000, 
157.703651, 0.000000, 
158.715829, 0.000000, 
159.744472, 0.000000, 
161.218434, 0.000000, 
161.553230, 0.000000, 
163.057735, 0.000000, 
164.129375, 0.000000, 
165.313055, 0.000000, 
166.461636, 0.000000, 
166.883152, 0.000000, 
167.826253, 0.000000, 
169.011231, 0.000000, 
169.805668, 0.000000, 
171.109684, 0.000000, 
171.623887, 0.000000, 
173.035408, 0.000000, 
174.010163, 0.000000, 
175.436768, 0.000000, 
175.706081, 0.000000, 
177.214462, 0.000000, 
177.665315, 0.000000, 
178.638453, 0.000000, 
179.599570, 0.000000, 
181.022882, 0.000000, 
182.479993, 0.000000, 
182.621451, 0.000000, 
183.591309, 0.000000, 
184.876431, 0.000000, 
185.558091, 0.000000, 
186.620616, 0.000000, 
188.216657, 0.000000, 
189.256674, 0.000000, 
189.980864, 0.000000, 
190.980116, 0.000000, 
191.624731, 0.000000, 
193.018129, 0.000000, 
194.250818, 0.000000, 
194.589347, 0.000000, 
196.496881, 0.000000, 
197.313640, 0.000000, 
197.992462, 0.000000, 
198.829445, 0.000000, 
