-0.043408, 0.000000, 
0.988294, 0.000000, 
1.937273, 0.000000, 
3.074713, 0.000000, 
3.900881, 0.000000, 
5.016015, 0.000000, 
6.030932, 0.000000, 
6.977274, 0.000000, 
7.912062, 0.000000, 
8.976624, 0.000000, 
10.021220, 0.000000, 
10.954534, 0.000000, 
11.907445, 0.000000, 
13.031276, 0.000000, 
13.977566, 0.000000, 
15.078904, 0.000000, 
16.053098, 0.000000, 
16.960571, 0.000000, 
17.990158, 0.000000, 
18.970826, 0.000000, 
20.033483, 0.000000, 
21.016484, 0.000000, 
22.009901, 0.000000, 
23.069288, 0.000000, 
23.948641, 0.000000, 
24.956255, 0.000000, 
25.908462, 0.000000, 
26.941194, 0.000000, 
27.993550, 0.000000, 
28.937677, 0.000000, 
30.059611, 0.000000, 
30.922821, 0.000000, 
31.926842, 0.000000, 
32.908324, 0.000000, 
33.953261, 0.000000, 
34.900235, 0.000000, 
36.005437, 0.000000, 
36.960063, 0.000000, 
38.057044, 0.000000, 
39.092610, 0.000000, 
40.091762, 0.000000, 
41.081505, 0.000000, 
41.966268, 0.000000, 
43.018817, 0.000000, 
44.040843, 0.000000, 
45.024004, 0.000000, 
45.900452, 0.000000, 
46.957493, 0.000000, 
47.924304, 0.000000, 
48.918038, 0.000000, 
50.002052, 0.000000, 
51.094025, 0.000000, 
51.965334, 0.000000, 
53.033511, 0.000000, 
54.027127, 0.000000, 
54.992151, 0.000000, 
56.076876, 0.000000, 
56.999958, 0.000000, 
57.917777, 0.000000, 
59.073108, 0.000000, 
60.048556, 0.000000, 
61.080494, 0.000000, 
62.089246, 0.000000, 
63.069127, 0.000000, 
64.029478, 0.000000, 
64.991224, 0.000000, 
65.969173, 0.000000, 
67.025806, 0.000000, 
68.063318, 0.000000, 
69.056173, 0.000000, 
69.900708, 0.000000, 
71.081433, 0.000000, 
71.985590, 0.000000, 
72.995660, 0.000000, 
73.991433, 0.000000, 
74.908733, 0.000000, 
75.946254, 0.000000, 
77.004540, 0.000000, 
78.013637, 0.000000, 
78.963381, 0.000000, 
79.998738, 0.000000, 
81.053341, 0.000000, 
82.048084, 0.000000, 
82.951311, 0.000000, 
83.950453, 0.000000, 
84.929862, 0.000000, 
86.074763, 0.000000, 
86.932792, 0.000000, 
87.926176, 0.000000, 
89.069166, 0.000000, 
90.077532, 0.000000, 
90.965359, 0.000000, 
92.026914, 0.000000, 
92.906260, 0.000000, 
93.979153, 0.000000, 
94.977430, 0.000000, 
96.041337, 0.000000, 
96.955892, 0.000000, 
98.063025, 0.000000, 
99.082196, 0.000000, 
99.958085, 0.000000, 
101.012111, 0.000000, 
102.031965, 0.000000, 
102.995415, 0.000000, 
103.977173, 0.000000, 
104.948651, 0.000000, 
105.965662, 0.000000, 
107.040005, 0.000000, 
107.908074, 0.000000, 
109.021903, 0.000000, 
109.944267, 0.000000, 
110.981208, 0.000000, 
112.063209, 0.000000, 
112.952521, 0.000000, 
114.031573, 0.000000, 
114.997683, 0.000000, 
115.971339, 0.000000, 
117.051424, 0.000000, 
117.905813, 0.000000, 
118.986001, 0.000000, 
120.024974, 0.000000, 
121.008978, 0.000000, 
122.046483, 0.000000, 
122.992735, 0.000000, 
124.090334, 0.000000, 
125.059602, 0.000000, 
126.048289, 0.000000, 
126.901263, 0.000000, 
127.910966, 0.000000, 
128.921548, 0.000000, 
129.991634, 0.000000, 
131.089675, 0.000000, 
132.064329, 0.000000, 
132.938474, 0.000000, 
134.099913, 0.000000, 
134.967486, 0.000000, 
135.935795, 0.000000, 
136.996642, 0.000000, 
138.042204, 0.000000, 
139.033229, 0.000000, 
140.098561, 0.000000, 
141.071949, 0.000000, 
142.010326, 0.000000, 
143.073322, 0.000000, 
144.030594, 0.000000, 
145.037713, 0.000000, 
146.024259, 0.000000, 
146.925969, 0.000000, 
148.091188, 0.000000, 
148.983844, 0.000000, 
149.974329, 0.000000, 
151.023389, 0.000000, 
152.011764, 0.000000, 
153.014456, 0.000000, 
153.998289, 0.000000, 
154.996183, 0.000000, 
155.944408, 0.000000, 
156.999786, 0.000000, 
158.041624, 0.000000, 
159.005378, 0.000000, 
159.990617, 0.000000, 
160.946033, 0.000000, 
162.000128, 0.000000, 
163.092620, 0.000000, 
163.984626, 0.000000, 
164.905618, 0.000000, 
166.036239, 0.000000, 
166.982187, 0.000000, 
167.969536, 0.000000, 
168.938343, 0.000000, 
169.960354, 0.000000, 
170.906910, 0.000000, 
172.086494, 0.000000, 
173.054250, 0.000000, 
174.088512, 0.000000, 
175.096101, 0.000000, 
175.935726, 0.000000, 
176.931706, 0.000000, 
178.006022, 0.000000, 
179.063073, 0.000000, 
180.088858, 0.000000, 
180.985460, 0.000000, 
181.990713, 0.000000, 
182.909259, 0.000000, 
184.053862, 0.000000, 
185.002066, 0.000000, 
186.006948, 0.000000, 
186.914051, 0.000000, 
187.952704, 0.000000, 
189.039518, 0.000000, 
190.005556, 0.000000, 
191.063647, 0.000000, 
192.090911, 0.000000, 
193.096727, 0.000000, 
194.053481, 0.000000, 
194.966332, 0.000000, 
196.076631, 0.000000, 
196.948643, 0.000000, 
197.956567, 0.000000, 
198.956257, 0.000000, 
