0.286724, 0.000000, 
1.076876, 0.000000, 
2.252562, 0.000000, 
2.892485, 0.000000, 
3.799057, 0.000000, 
4.771729, 0.000000, 
5.873873, 0.000000, 
7.178810, 0.000000, 
8.112201, 0.000000, 
9.126321, 0.000000, 
9.926660, 0.000000, 
11.234209, 0.000000, 
12.090235, 0.000000, 
13.163510, 0.000000, 
13.843193, 0.000000, 
15.015537, 0.000000, 
16.198839, 0.000000, 
17.032698, 0.000000, 
17.811253, 0.000000, 
18.856459, 0.000000, 
19.993947, 0.000000, 
21.126577, 0.000000, 
21.892488, 0.000000, 
23.247278, 0.000000, 
24.269207, 0.000000, 
24.887541, 0.000000, 
26.272048, 0.000000, 
26.853023, 0.000000, 
28.121023, 0.000000, 
28.865097, 0.000000, 
30.031357, 0.000000, 
31.094062, 0.000000, 
31.711906, 0.000000, 
33.203838, 0.000000, 
33.979129, 0.000000, 
34.928689, 0.000000, 
35.882774, 0.000000, 
36.735369, 0.000000, 
37.947347, 0.000000, 
39.284458, 0.000000, 
40.212318, 0.000000, 
40.729938, 0.000000, 
41.876810, 0.000000, 
43.143799, 0.000000, 
44.157051, 0.000000, 
45.288467, 0.000000, 
46.067911, 0.000000, 
46.993902, 0.000000, 
47.827728, 0.000000, 
48.828685, 0.000000, 
50.149470, 0.000000, 
51.046998, 0.000000, 
51.776292, 0.000000, 
53.225257, 0.000000, 
54.139284, 0.000000, 
54.830523, 0.000000, 
55.728270, 0.000000, 
56.898438, 0.000000, 
58.195925, 0.000000, 
59.126577, 0.000000, 
60.248833, 0.000000, 
61.184258, 0.000000, 
61.839588, 0.000000, 
63.248379, 0.000000, 
63.860890, 0.000000, 
64.723728, 0.000000, 
66.026250, 0.000000, 
67.147318, 0.000000, 
67.734413, 0.000000, 
68.860746, 0.000000, 
70.057704, 0.000000, 
71.009345, 0.000000, 
72.176426, 0.000000, 
73.065918, 0.000000, 
73.923307, 0.000000, 
75.024174, 0.000000, 
76.097032, 0.000000, 
76.802157, 0.000000, 
77.900531, 0.000000, 
79.173591, 0.000000, 
80.285713, 0.000000, 
80.865903, 0.000000, 
82.230660, 0.000000, 
82.796026, 0.000000, 
84.032750, 0.000000, 
84.818064, 0.000000, 
86.044530, 0.000000, 
86.898606, 0.000000, 
87.730617, 0.000000, 
89.164218, 0.000000, 
90.136268, 0.000000, 
91.039404, 0.000000, 
91.878108, 0.000000, 
92.789235, 0.000000, 
93.988091, 0.000000, 
95.009256, 0.000000, 
96.142341, 0.000000, 
97.192506, 0.000000, 
97.987195, 0.000000, 
98.726399, 0.000000, 
100.250173, 0.000000, 
100.794631, 0.000000, 
102.247386, 0.000000, 
102.733543, 0.000000, 
104.211153, 0.000000, 
104.943584, 0.000000, 
106.133725, 0.000000, 
107.216289, 0.000000, 
108.079103, 0.000000, 
109.083825, 0.000000, 
110.231866, 0.000000, 
110.821406, 0.000000, 
111.882016, 0.000000, 
113.066398, 0.000000, 
114.097204, 0.000000, 
115.282667, 0.000000, 
115.984022, 0.000000, 
117.221790, 0.000000, 
118.274485, 0.000000, 
118.749121, 0.000000, 
120.218073, 0.000000, 
121.078952, 0.000000, 
122.221408, 0.000000, 
123.247271, 0.000000, 
123.729898, 0.000000, 
124.812252, 0.000000, 
125.740367, 0.000000, 
127.022696, 0.000000, 
128.053888, 0.000000, 
129.251276, 0.000000, 
129.737202, 0.000000, 
130.960240, 0.000000, 
131.929409, 0.000000, 
132.956733, 0.000000, 
133.735810, 0.000000, 
135.040515, 0.000000, 
136.056282, 0.000000, 
137.211638, 0.000000, 
138.216916, 0.000000, 
139.044892, 0.000000, 
140.270066, 0.000000, 
141.238424, 0.000000, 
141.886318, 0.000000, 
143.144875, 0.000000, 
143.768926, 0.000000, 
144.947932, 0.000000, 
145.756076, 0.000000, 
146.747445, 0.000000, 
148.065820, 0.000000, 
149.155522, 0.000000, 
150.085115, 0.000000, 
151.289964, 0.000000, 
152.000108, 0.000000, 
153.078389, 0.000000, 
154.268332, 0.000000, 
155.191501, 0.000000, 
155.734887, 0.000000, 
157.041170, 0.000000, 
157.799093, 0.000000, 
158.761011, 0.000000, 
159.800636, 0.000000, 
160.759935, 0.000000, 
162.138917, 0.000000, 
163.077884, 0.000000, 
164.091658, 0.000000, 
164.916162, 0.000000, 
165.971038, 0.000000, 
166.747685, 0.000000, 
167.861845, 0.000000, 
169.185670, 0.000000, 
170.069272, 0.000000, 
170.845836, 0.000000, 
171.982273, 0.000000, 
172.972263, 0.000000, 
174.125669, 0.000000, 
175.147945, 0.000000, 
176.034422, 0.000000, 
177.221327, 0.000000, 
178.267662, 0.000000, 
178.743393, 0.000000, 
179.761539, 0.000000, 
181.272701, 0.000000, 
182.289140, 0.000000, 
183.035573, 0.000000, 
183.816596, 0.000000, 
184.742672, 0.000000, 
185.952947, 0.000000, 
187.021026, 0.000000, 
188.285473, 0.000000, 
188.979674, 0.000000, 
189.871285, 0.000000, 
190.826622, 0.000000, 
192.015753, 0.000000, 
193.252799, 0.000000, 
194.040841, 0.000000, 
195.034251, 0.000000, 
195.951685, 0.000000, 
197.156426, 0.000000, 
198.051801, 0.000000, 
198.777794, 0.000000, 
