-0.448518, 0.000000, 
0.957232, 0.000000, 
1.691458, 0.000000, 
3.411832, 0.000000, 
4.454345, 0.000000, 
4.621247, 0.000000, 
6.414067, 0.000000, 
7.256563, 0.000000, 
7.711033, 0.000000, 
9.413729, 0.000000, 
9.741505, 0.000000, 
11.083064, 0.000000, 
12.392307, 0.000000, 
12.563450, 0.000000, 
13.971923, 0.000000, 
14.616889, 0.000000, 
16.184940, 0.000000, 
17.269488, 0.000000, 
17.508353, 0.000000, 
19.298043, 0.000000, 
20.300560, 0.000000, 
20.575838, 0.000000, 
22.458800, 0.000000, 
22.986627, 0.000000, 
23.617883, 0.000000, 
25.006976, 0.000000, 
25.603549, 0.000000, 
26.782466, 0.000000, 
28.157702, 0.000000, 
29.287840, 0.000000, 
30.243195, 0.000000, 
31.422324, 0.000000, 
31.606594, 0.000000, 
33.203777, 0.000000, 
33.771928, 0.000000, 
34.539261, 0.000000, 
36.055773, 0.000000, 
37.444599, 0.000000, 
38.420922, 0.000000, 
38.608728, 0.000000, 
39.700897, 0.000000, 
40.675566, 0.000000, 
41.895087, 0.000000, 
43.361313, 0.000000, 
44.491841, 0.000000, 
44.760873, 0.000000, 
45.605077, 0.000000, 
46.941877, 0.000000, 
48.272233, 0.000000, 
48.560854, 0.000000, 
49.669064, 0.000000, 
51.239738, 0.000000, 
51.675445, 0.000000, 
52.911662, 0.000000, 
53.802251, 0.000000, 
54.687707, 0.000000, 
56.384635, 0.000000, 
57.214927, 0.000000, 
58.020284, 0.000000, 
59.066993, 0.000000, 
59.703767, 0.000000, 
61.314119, 0.000000, 
61.912159, 0.000000, 
63.449590, 0.000000, 
63.662294, 0.000000, 
64.954217, 0.000000, 
65.532797, 0.000000, 
66.692306, 0.000000, 
68.032118, 0.000000, 
69.238918, 0.000000, 
69.824676, 0.000000, 
71.092843, 0.000000, 
71.771050, 0.000000, 
72.697862, 0.000000, 
73.895321, 0.000000, 
75.211220, 0.000000, 
76.152044, 0.000000, 
77.063464, 0.000000, 
77.931494, 0.000000, 
78.873627, 0.000000, 
79.644809, 0.000000, 
81.142841, 0.000000, 
82.258797, 0.000000, 
82.681338, 0.000000, 
83.726270, 0.000000, 
85.177229, 0.000000, 
85.888068, 0.000000, 
86.752099, 0.000000, 
88.489066, 0.000000, 
88.540657, 0.000000, 
89.990139, 0.000000, 
91.367186, 0.000000, 
92.038183, 0.000000, 
92.654240, 0.000000, 
93.703616, 0.000000, 
95.173524, 0.000000, 
96.084508, 0.000000, 
96.729679, 0.000000, 
97.774937, 0.000000, 
98.575786, 0.000000, 
100.384630, 0.000000, 
101.207523, 0.000000, 
102.466073, 0.000000, 
102.881454, 0.000000, 
103.602737, 0.000000, 
104.987973, 0.000000, 
106.347628, 0.000000, 
107.278756, 0.000000, 
108.237947, 0.000000, 
108.617736, 0.000000, 
110.025394, 0.000000, 
110.770966, 0.000000, 
111.666825, 0.000000, 
112.760358, 0.000000, 
113.670387, 0.000000, 
115.300989, 0.000000, 
115.548651, 0.000000, 
116.877595, 0.000000, 
118.353244, 0.000000, 
119.126057, 0.000000, 
120.108488, 0.000000, 
121.202131, 0.000000, 
121.685879, 0.000000, 
123.019906, 0.000000, 
123.784020, 0.000000, 
125.165020, 0.000000, 
125.618513, 0.000000, 
126.716581, 0.000000, 
127.844240, 0.000000, 
128.505710, 0.000000, 
129.876335, 0.000000, 
131.204367, 0.000000, 
131.581093, 0.000000, 
132.613006, 0.000000, 
133.738281, 0.000000, 
134.986301, 0.000000, 
135.590342, 0.000000, 
136.721040, 0.000000, 
137.966466, 0.000000, 
138.640163, 0.000000, 
140.425292, 0.000000, 
141.478967, 0.000000, 
142.363996, 0.000000, 
143.352537, 0.000000, 
143.766715, 0.000000, 
144.574936, 0.000000, 
146.465004, 0.000000, 
146.836173, 0.000000, 
147.903349, 0.000000, 
149.343646, 0.000000, 
149.977256, 0.000000, 
150.668090, 0.000000, 
152.322082, 0.000000, 
153.492105, 0.000000, 
153.618348, 0.000000, 
154.858980, 0.000000, 
156.128805, 0.000000, 
156.737864, 0.000000, 
157.795062, 0.000000, 
158.676277, 0.000000, 
159.880155, 0.000000, 
160.698476, 0.000000, 
162.400694, 0.000000, 
162.568919, 0.000000, 
163.751916, 0.000000, 
165.468746, 0.000000, 
165.588219, 0.000000, 
167.182097, 0.000000, 
168.126840, 0.000000, 
168.862506, 0.000000, 
169.600376, 0.000000, 
171.208102, 0.000000, 
172.395520, 0.000000, 
172.760072, 0.000000, 
173.883427, 0.000000, 
175.413776, 0.000000, 
176.166873, 0.000000, 
177.214766, 0.000000, 
178.261698, 0.000000, 
179.152773, 0.000000, 
180.052394, 0.000000, 
180.620421, 0.000000, 
182.230892, 0.000000, 
182.923009, 0.000000, 
183.705529, 0.000000, 
185.273340, 0.000000, 
186.085879, 0.000000, 
187.177437, 0.000000, 
188.282314, 0.000000, 
188.794920, 0.000000, 
190.040902, 0.000000, 
191.322915, 0.000000, 
192.391415, 0.000000, 
192.728869, 0.000000, 
193.672031, 0.000000, 
194.951248, 0.000000, 
196.184458, 0.000000, 
196.513195, 0.000000, 
198.323707, 0.000000, 
199.226123, 0.000000, 
