-0.107990, 0.000000, 
1.176224, 0.000000, 
2.192317, 0.000000, 
2.816862, 0.000000, 
4.005130, 0.000000, 
4.912518, 0.000000, 
5.902078, 0.000000, 
7.064995, 0.000000, 
8.001566, 0.000000, 
9.014934, 0.000000, 
10.089511, 0.000000, 
11.189977, 0.000000, 
11.970129, 0.000000, 
12.850241, 0.000000, 
13.837470, 0.000000, 
15.162646, 0.000000, 
15.998977, 0.000000, 
16.997076, 0.000000, 
18.145637, 0.000000, 
18.962938, 0.000000, 
20.135381, 0.000000, 
21.032580, 0.000000, 
21.814944, 0.000000, 
22.801657, 0.000000, 
24.093775, 0.000000, 
24.856425, 0.000000, 
25.831427, 0.000000, 
27.009727, 0.000000, 
28.013576, 0.000000, 
28.868828, 0.000000, 
30.117853, 0.000000, 
31.075201, 0.000000, 
32.199545, 0.000000, 
33.146483, 0.000000, 
34.125166, 0.000000, 
34.873570, 0.000000, 
35.987295, 0.000000, 
37.150751, 0.000000, 
37.981324, 0.000000, 
38.923902, 0.000000, 
40.052973, 0.000000, 
41.075037, 0.000000, 
42.137382, 0.000000, 
42.957089, 0.000000, 
44.053748, 0.000000, 
44.922815, 0.000000, 
45.976932, 0.000000, 
46.968591, 0.000000, 
47.980304, 0.000000, 
49.155613, 0.000000, 
50.142809, 0.000000, 
51.017107, 0.000000, 
51.880547, 0.000000, 
52.980368, 0.000000, 
53.970704, 0.000000, 
55.170474, 0.000000, 
56.090906, 0.000000, 
56.834652, 0.000000, 
57.894914, 0.000000, 
58.802797, 0.000000, 
60.007207, 0.000000, 
60.992110, 0.000000, 
62.008789, 0.000000, 
63.154301, 0.000000, 
63.867123, 0.000000, 
65.121799, 0.000000, 
66.161596, 0.000000, 
67.170428, 0.000000, 
67.813108, 0.000000, 
68.950405, 0.000000, 
69.947651, 0.000000, 
71.192672, 0.000000, 
72.005095, 0.000000, 
72.847066, 0.000000, 
73.898226, 0.000000, 
75.042758, 0.000000, 
75.974335, 0.000000, 
76.959980, 0.000000, 
77.900347, 0.000000, 
78.871181, 0.000000, 
80.193067, 0.000000, 
80.808554, 0.000000, 
82.001272, 0.000000, 
82.979737, 0.000000, 
83.995189, 0.000000, 
84.827627, 0.000000, 
85.955122, 0.000000, 
86.854524, 0.000000, 
88.008686, 0.000000, 
89.004160, 0.000000, 
89.987077, 0.000000, 
90.881464, 0.000000, 
91.956064, 0.000000, 
92.997382, 0.000000, 
93.990825, 0.000000, 
94.913294, 0.000000, 
96.076574, 0.000000, 
97.056075, 0.000000, 
97.954749, 0.000000, 
98.986601, 0.000000, 
99.821725, 0.000000, 
100.944606, 0.000000, 
102.195881, 0.000000, 
103.148969, 0.000000, 
104.197733, 0.000000, 
105.186321, 0.000000, 
105.911945, 0.000000, 
106.870930, 0.000000, 
108.197970, 0.000000, 
109.003495, 0.000000, 
109.976182, 0.000000, 
111.019073, 0.000000, 
111.936340, 0.000000, 
112.880905, 0.000000, 
113.868655, 0.000000, 
114.800404, 0.000000, 
115.943380, 0.000000, 
116.801384, 0.000000, 
117.884439, 0.000000, 
118.985939, 0.000000, 
120.005792, 0.000000, 
121.073363, 0.000000, 
122.097754, 0.000000, 
122.875052, 0.000000, 
123.847272, 0.000000, 
125.076989, 0.000000, 
125.944566, 0.000000, 
127.147426, 0.000000, 
127.821640, 0.000000, 
128.862533, 0.000000, 
130.102451, 0.000000, 
131.046309, 0.000000, 
131.939774, 0.000000, 
133.013509, 0.000000, 
134.101628, 0.000000, 
135.055674, 0.000000, 
136.154508, 0.000000, 
136.835211, 0.000000, 
137.971782, 0.000000, 
139.199013, 0.000000, 
140.078131, 0.000000, 
141.017867, 0.000000, 
141.893431, 0.000000, 
143.139493, 0.000000, 
144.102623, 0.000000, 
144.822904, 0.000000, 
146.038830, 0.000000, 
146.969199, 0.000000, 
147.950363, 0.000000, 
148.871691, 0.000000, 
149.812728, 0.000000, 
151.077522, 0.000000, 
151.936240, 0.000000, 
152.820777, 0.000000, 
154.183338, 0.000000, 
155.061645, 0.000000, 
155.995322, 0.000000, 
156.997201, 0.000000, 
157.816573, 0.000000, 
158.917603, 0.000000, 
159.906115, 0.000000, 
160.812561, 0.000000, 
161.847018, 0.000000, 
162.959730, 0.000000, 
163.887370, 0.000000, 
165.141014, 0.000000, 
166.148173, 0.000000, 
166.828564, 0.000000, 
167.809894, 0.000000, 
168.865703, 0.000000, 
170.025685, 0.000000, 
171.184127, 0.000000, 
171.898225, 0.000000, 
173.085717, 0.000000, 
173.934634, 0.000000, 
175.134552, 0.000000, 
175.977439, 0.000000, 
176.884800, 0.000000, 
178.076029, 0.000000, 
178.943262, 0.000000, 
179.920248, 0.000000, 
181.010138, 0.000000, 
182.185675, 0.000000, 
182.917474, 0.000000, 
184.050731, 0.000000, 
184.820110, 0.000000, 
186.071926, 0.000000, 
187.000297, 0.000000, 
187.843210, 0.000000, 
188.834491, 0.000000, 
189.881873, 0.000000, 
190.871799, 0.000000, 
192.117816, 0.000000, 
192.911835, 0.000000, 
193.824960, 0.000000, 
195.083492, 0.000000, 
196.013021, 0.000000, 
197.077113, 0.000000, 
198.118311, 0.000000, 
198.881479, 0.000000, 
