-0.062126, 0.000000, 
1.081913, 0.000000, 
2.157305, 0.000000, 
3.071705, 0.000000, 
3.840080, 0.000000, 
5.164037, 0.000000, 
6.065180, 0.000000, 
6.836311, 0.000000, 
7.823569, 0.000000, 
8.832718, 0.000000, 
10.020001, 0.000000, 
10.859360, 0.000000, 
11.923040, 0.000000, 
13.140210, 0.000000, 
14.109912, 0.000000, 
15.174535, 0.000000, 
16.059418, 0.000000, 
17.197020, 0.000000, 
18.170748, 0.000000, 
18.915314, 0.000000, 
20.143825, 0.000000, 
21.135407, 0.000000, 
21.981995, 0.000000, 
23.096362, 0.000000, 
24.029789, 0.000000, 
24.809362, 0.000000, 
25.906519, 0.000000, 
27.104937, 0.000000, 
27.911902, 0.000000, 
28.884838, 0.000000, 
30.026624, 0.000000, 
30.994656, 0.000000, 
31.933260, 0.000000, 
33.055182, 0.000000, 
33.805546, 0.000000, 
34.828482, 0.000000, 
35.925406, 0.000000, 
36.889911, 0.000000, 
38.109111, 0.000000, 
38.878744, 0.000000, 
39.800061, 0.000000, 
40.885276, 0.000000, 
42.003386, 0.000000, 
43.098750, 0.000000, 
43.800776, 0.000000, 
44.834739, 0.000000, 
46.014229, 0.000000, 
46.843218, 0.000000, 
47.923845, 0.000000, 
49.156345, 0.000000, 
50.001302, 0.000000, 
50.958030, 0.000000, 
51.836399, 0.000000, 
52.985371, 0.000000, 
54.073111, 0.000000, 
54.879594, 0.000000, 
56.149903, 0.000000, 
56.941133, 0.000000, 
57.949987, 0.000000, 
59.069593, 0.000000, 
60.011160, 0.000000, 
60.909444, 0.000000, 
61.800231, 0.000000, 
62.856395, 0.000000, 
64.157932, 0.000000, 
64.815605, 0.000000, 
66.143844, 0.000000, 
67.119423, 0.000000, 
67.813782, 0.000000, 
68.826602, 0.000000, 
70.098105, 0.000000, 
71.165478, 0.000000, 
72.122140, 0.000000, 
73.121813, 0.000000, 
73.845093, 0.000000, 
75.017326, 0.000000, 
76.073699, 0.000000, 
77.125070, 0.000000, 
78.001822, 0.000000, 
78.929500, 0.000000, 
79.813084, 0.000000, 
81.177742, 0.000000, 
81.986212, 0.000000, 
82.943034, 0.000000, 
84.056693, 0.000000, 
84.924589, 0.000000, 
86.118079, 0.000000, 
87.080002, 0.000000, 
88.135988, 0.000000, 
88.910318, 0.000000, 
89.857597, 0.000000, 
91.055954, 0.000000, 
92.094052, 0.000000, 
93.119968, 0.000000, 
93.900759, 0.000000, 
95.065192, 0.000000, 
95.997021, 0.000000, 
96.908673, 0.000000, 
97.948361, 0.000000, 
99.114577, 0.000000, 
99.868524, 0.000000, 
100.880594, 0.000000, 
102.148249, 0.000000, 
102.856812, 0.000000, 
103.973473, 0.000000, 
104.905872, 0.000000, 
105.843864, 0.000000, 
106.861391, 0.000000, 
108.182606, 0.000000, 
108.808664, 0.000000, 
110.009509, 0.000000, 
111.088631, 0.000000, 
112.167212, 0.000000, 
113.120940, 0.000000, 
113.816230, 0.000000, 
114.885835, 0.000000, 
115.911753, 0.000000, 
116.995319, 0.000000, 
117.928538, 0.000000, 
119.125496, 0.000000, 
120.087374, 0.000000, 
120.956555, 0.000000, 
122.158551, 0.000000, 
122.869089, 0.000000, 
124.113755, 0.000000, 
125.158511, 0.000000, 
125.854076, 0.000000, 
126.808815, 0.000000, 
127.862446, 0.000000, 
129.131847, 0.000000, 
130.068992, 0.000000, 
131.172646, 0.000000, 
131.918282, 0.000000, 
132.825183, 0.000000, 
134.003846, 0.000000, 
134.804644, 0.000000, 
135.905220, 0.000000, 
136.994999, 0.000000, 
137.896483, 0.000000, 
139.097197, 0.000000, 
139.916119, 0.000000, 
141.163928, 0.000000, 
141.813066, 0.000000, 
142.907933, 0.000000, 
144.135759, 0.000000, 
145.136373, 0.000000, 
145.827651, 0.000000, 
146.875213, 0.000000, 
147.863220, 0.000000, 
149.134872, 0.000000, 
150.189607, 0.000000, 
150.822023, 0.000000, 
151.840189, 0.000000, 
153.099483, 0.000000, 
153.984196, 0.000000, 
154.954488, 0.000000, 
155.861474, 0.000000, 
156.813193, 0.000000, 
158.070202, 0.000000, 
159.097531, 0.000000, 
159.827355, 0.000000, 
160.994462, 0.000000, 
162.143575, 0.000000, 
163.055481, 0.000000, 
164.163120, 0.000000, 
164.968204, 0.000000, 
165.806081, 0.000000, 
166.954660, 0.000000, 
167.973492, 0.000000, 
169.146170, 0.000000, 
170.061666, 0.000000, 
170.825650, 0.000000, 
172.015031, 0.000000, 
172.986633, 0.000000, 
173.832490, 0.000000, 
175.040152, 0.000000, 
175.870243, 0.000000, 
176.903986, 0.000000, 
177.824669, 0.000000, 
179.185227, 0.000000, 
179.910861, 0.000000, 
180.846928, 0.000000, 
182.025939, 0.000000, 
182.870520, 0.000000, 
183.913859, 0.000000, 
185.085344, 0.000000, 
185.984735, 0.000000, 
186.965864, 0.000000, 
188.051900, 0.000000, 
189.178793, 0.000000, 
190.086660, 0.000000, 
190.905094, 0.000000, 
191.823840, 0.000000, 
193.092389, 0.000000, 
194.171665, 0.000000, 
194.848560, 0.000000, 
196.167063, 0.000000, 
196.958514, 0.000000, 
197.975468, 0.000000, 
198.976531, 0.000000, 
