0.115586, 0.000000, 
1.116101, 0.000000, 
2.030199, 0.000000, 
2.928156, 0.000000, 
3.903169, 0.000000, 
4.913605, 0.000000, 
5.834392, 0.000000, 
6.808323, 0.000000, 
8.106235, 0.000000, 
9.106170, 0.000000, 
9.906347, 0.000000, 
11.026434, 0.000000, 
11.994377, 0.000000, 
12.823931, 0.000000, 
14.054932, 0.000000, 
15.060446, 0.000000, 
15.995339, 0.000000, 
16.991418, 0.000000, 
18.153928, 0.000000, 
18.814638, 0.000000, 
20.130186, 0.000000, 
20.848649, 0.000000, 
21.928089, 0.000000, 
23.139920, 0.000000, 
24.139428, 0.000000, 
24.883287, 0.000000, 
25.957709, 0.000000, 
27.017854, 0.000000, 
28.142719, 0.000000, 
29.101759, 0.000000, 
29.840462, 0.000000, 
31.068911, 0.000000, 
31.821467, 0.000000, 
33.006780, 0.000000, 
33.857222, 0.000000, 
35.116007, 0.000000, 
35.827068, 0.000000, 
36.815773, 0.000000, 
37.963594, 0.000000, 
38.887841, 0.000000, 
39.970929, 0.000000, 
41.093254, 0.000000, 
41.899956, 0.000000, 
42.900364, 0.000000, 
43.940793, 0.000000, 
45.148524, 0.000000, 
45.851068, 0.000000, 
47.042071, 0.000000, 
47.967483, 0.000000, 
48.910464, 0.000000, 
50.177340, 0.000000, 
50.801747, 0.000000, 
51.896254, 0.000000, 
53.025820, 0.000000, 
53.810831, 0.000000, 
55.197742, 0.000000, 
55.969869, 0.000000, 
57.174744, 0.000000, 
58.044193, 0.000000, 
58.847596, 0.000000, 
60.019284, 0.000000, 
60.953863, 0.000000, 
61.837079, 0.000000, 
62.838542, 0.000000, 
63.885940, 0.000000, 
65.054323, 0.000000, 
65.845420, 0.000000, 
67.152996, 0.000000, 
68.159636, 0.000000, 
68.999342, 0.000000, 
69.996317, 0.000000, 
71.157322, 0.000000, 
71.882145, 0.000000, 
72.980903, 0.000000, 
74.189739, 0.000000, 
75.096243, 0.000000, 
75.999397, 0.000000, 
77.118566, 0.000000, 
77.833706, 0.000000, 
78.802041, 0.000000, 
80.057509, 0.000000, 
81.165484, 0.000000, 
82.005527, 0.000000, 
82.993182, 0.000000, 
84.131289, 0.000000, 
84.852394, 0.000000, 
85.846978, 0.000000, 
86.996675, 0.000000, 
87.974647, 0.000000, 
89.091204, 0.000000, 
90.095962, 0.000000, 
91.022342, 0.000000, 
92.184690, 0.000000, 
93.172445, 0.000000, 
93.893976, 0.000000, 
94.819049, 0.000000, 
95.874668, 0.000000, 
96.900688, 0.000000, 
98.179717, 0.000000, 
98.926775, 0.000000, 
99.971251, 0.000000, 
101.064506, 0.000000, 
101.839380, 0.000000, 
102.822953, 0.000000, 
103.934394, 0.000000, 
105.011688, 0.000000, 
106.068396, 0.000000, 
107.029451, 0.000000, 
108.018762, 0.000000, 
109.085683, 0.000000, 
110.149241, 0.000000, 
110.837792, 0.000000, 
111.898172, 0.000000, 
113.098784, 0.000000, 
114.088506, 0.000000, 
115.150561, 0.000000, 
115.935456, 0.000000, 
117.178651, 0.000000, 
118.127233, 0.000000, 
118.868481, 0.000000, 
120.071726, 0.000000, 
121.057208, 0.000000, 
122.058084, 0.000000, 
123.048519, 0.000000, 
124.057637, 0.000000, 
125.083349, 0.000000, 
125.892690, 0.000000, 
126.818195, 0.000000, 
128.098195, 0.000000, 
128.905734, 0.000000, 
130.149817, 0.000000, 
131.083175, 0.000000, 
131.886897, 0.000000, 
133.148350, 0.000000, 
133.913285, 0.000000, 
135.120315, 0.000000, 
136.052631, 0.000000, 
136.836857, 0.000000, 
137.826991, 0.000000, 
139.124206, 0.000000, 
139.802383, 0.000000, 
141.097125, 0.000000, 
141.841051, 0.000000, 
143.043380, 0.000000, 
144.093012, 0.000000, 
144.842425, 0.000000, 
145.918121, 0.000000, 
146.972447, 0.000000, 
148.046964, 0.000000, 
148.941650, 0.000000, 
149.973851, 0.000000, 
151.002290, 0.000000, 
151.935691, 0.000000, 
152.945954, 0.000000, 
154.121485, 0.000000, 
155.198248, 0.000000, 
155.978872, 0.000000, 
157.104221, 0.000000, 
157.879080, 0.000000, 
159.035957, 0.000000, 
160.192506, 0.000000, 
160.906982, 0.000000, 
162.075659, 0.000000, 
163.172219, 0.000000, 
163.892037, 0.000000, 
164.863827, 0.000000, 
165.834344, 0.000000, 
166.990838, 0.000000, 
167.852270, 0.000000, 
169.003100, 0.000000, 
169.995768, 0.000000, 
170.886691, 0.000000, 
171.963023, 0.000000, 
172.946117, 0.000000, 
173.999575, 0.000000, 
174.841583, 0.000000, 
175.801369, 0.000000, 
177.103314, 0.000000, 
178.168703, 0.000000, 
179.195609, 0.000000, 
180.098091, 0.000000, 
180.833859, 0.000000, 
181.818228, 0.000000, 
182.998258, 0.000000, 
183.995022, 0.000000, 
185.097854, 0.000000, 
186.184900, 0.000000, 
186.853243, 0.000000, 
188.102116, 0.000000, 
189.107346, 0.000000, 
190.100161, 0.000000, 
191.004459, 0.000000, 
192.163255, 0.000000, 
193.096416, 0.000000, 
193.970873, 0.000000, 
194.866572, 0.000000, 
195.933144, 0.000000, 
196.824203, 0.000000, 
198.001626, 0.000000, 
198.937755, 0.000000, 
