0.088476, 0.000000, 
1.125755, 0.000000, 
1.624571, 0.000000, 
2.810990, 0.000000, 
3.884674, 0.000000, 
5.335294, 0.000000, 
6.256438, 0.000000, 
6.835118, 0.000000, 
8.127962, 0.000000, 
8.819861, 0.000000, 
9.726366, 0.000000, 
10.730528, 0.000000, 
12.107247, 0.000000, 
13.359246, 0.000000, 
14.073295, 0.000000, 
14.961245, 0.000000, 
15.632272, 0.000000, 
17.085287, 0.000000, 
18.033648, 0.000000, 
18.900785, 0.000000, 
19.891316, 0.000000, 
21.334352, 0.000000, 
22.357743, 0.000000, 
23.072858, 0.000000, 
24.225775, 0.000000, 
24.817703, 0.000000, 
25.814779, 0.000000, 
26.844501, 0.000000, 
28.184233, 0.000000, 
28.729545, 0.000000, 
30.001602, 0.000000, 
30.766514, 0.000000, 
32.032656, 0.000000, 
32.955148, 0.000000, 
33.751307, 0.000000, 
34.667996, 0.000000, 
36.247060, 0.000000, 
37.356447, 0.000000, 
38.190309, 0.000000, 
39.310174, 0.000000, 
39.636138, 0.000000, 
41.212121, 0.000000, 
42.207565, 0.000000, 
42.942227, 0.000000, 
44.176145, 0.000000, 
45.354218, 0.000000, 
46.194745, 0.000000, 
47.163010, 0.000000, 
48.385665, 0.000000, 
48.867467, 0.000000, 
50.357817, 0.000000, 
51.168055, 0.000000, 
52.078061, 0.000000, 
52.941137, 0.000000, 
53.876676, 0.000000, 
54.985089, 0.000000, 
55.887606, 0.000000, 
56.841756, 0.000000, 
57.883212, 0.000000, 
58.722884, 0.000000, 
60.065216, 0.000000, 
61.125258, 0.000000, 
61.722670, 0.000000, 
62.615961, 0.000000, 
63.777204, 0.000000, 
64.986087, 0.000000, 
66.379790, 0.000000, 
67.152303, 0.000000, 
68.367876, 0.000000, 
68.689482, 0.000000, 
70.329712, 0.000000, 
71.321757, 0.000000, 
71.969726, 0.000000, 
73.141843, 0.000000, 
73.638680, 0.000000, 
75.016230, 0.000000, 
76.178147, 0.000000, 
77.236045, 0.000000, 
77.724512, 0.000000, 
79.314329, 0.000000, 
79.801690, 0.000000, 
80.981838, 0.000000, 
81.906942, 0.000000, 
82.681904, 0.000000, 
84.090964, 0.000000, 
85.197092, 0.000000, 
86.016274, 0.000000, 
86.981246, 0.000000, 
87.818979, 0.000000, 
89.244080, 0.000000, 
89.622378, 0.000000, 
91.360269, 0.000000, 
91.793132, 0.000000, 
92.854265, 0.000000, 
94.041203, 0.000000, 
95.058085, 0.000000, 
95.922920, 0.000000, 
96.834855, 0.000000, 
98.190242, 0.000000, 
98.698936, 0.000000, 
100.056012, 0.000000, 
100.757205, 0.000000, 
101.749350, 0.000000, 
103.238479, 0.000000, 
104.264023, 0.000000, 
104.633737, 0.000000, 
105.648880, 0.000000, 
107.051067, 0.000000, 
108.229897, 0.000000, 
109.306549, 0.000000, 
109.764827, 0.000000, 
110.854480, 0.000000, 
112.147178, 0.000000, 
113.141880, 0.000000, 
113.916689, 0.000000, 
114.935944, 0.000000, 
115.650624, 0.000000, 
116.840854, 0.000000, 
118.151924, 0.000000, 
118.714541, 0.000000, 
120.259885, 0.000000, 
121.292447, 0.000000, 
122.053427, 0.000000, 
123.327738, 0.000000, 
123.782130, 0.000000, 
124.698960, 0.000000, 
125.648099, 0.000000, 
127.398526, 0.000000, 
128.060893, 0.000000, 
129.146851, 0.000000, 
129.995954, 0.000000, 
130.630386, 0.000000, 
131.776311, 0.000000, 
132.854284, 0.000000, 
133.637320, 0.000000, 
134.757742, 0.000000, 
135.707376, 0.000000, 
136.831245, 0.000000, 
137.873274, 0.000000, 
139.056035, 0.000000, 
139.927764, 0.000000, 
141.290289, 0.000000, 
142.287385, 0.000000, 
143.224934, 0.000000, 
143.621097, 0.000000, 
145.082683, 0.000000, 
145.673844, 0.000000, 
146.859567, 0.000000, 
147.763941, 0.000000, 
149.252903, 0.000000, 
149.717245, 0.000000, 
150.623517, 0.000000, 
151.734701, 0.000000, 
152.912687, 0.000000, 
153.644439, 0.000000, 
154.773045, 0.000000, 
156.055583, 0.000000, 
157.259301, 0.000000, 
157.864631, 0.000000, 
159.356084, 0.000000, 
159.610270, 0.000000, 
161.221908, 0.000000, 
162.092670, 0.000000, 
163.362700, 0.000000, 
163.739776, 0.000000, 
164.853891, 0.000000, 
165.881101, 0.000000, 
166.997897, 0.000000, 
167.693325, 0.000000, 
169.125674, 0.000000, 
169.631486, 0.000000, 
170.649439, 0.000000, 
172.042507, 0.000000, 
172.964109, 0.000000, 
173.632801, 0.000000, 
175.135882, 0.000000, 
175.931838, 0.000000, 
176.996582, 0.000000, 
178.265831, 0.000000, 
178.694513, 0.000000, 
180.329658, 0.000000, 
180.862274, 0.000000, 
181.788450, 0.000000, 
182.963028, 0.000000, 
184.253855, 0.000000, 
185.381447, 0.000000, 
185.625004, 0.000000, 
186.971912, 0.000000, 
188.054295, 0.000000, 
189.241483, 0.000000, 
190.236304, 0.000000, 
190.945278, 0.000000, 
192.239566, 0.000000, 
193.073988, 0.000000, 
193.764996, 0.000000, 
195.031770, 0.000000, 
196.363023, 0.000000, 
197.015353, 0.000000, 
198.080078, 0.000000, 
199.260085, 0.000000, 
