0.086845, 0.000000, 
1.167549, 0.000000, 
2.143289, 0.000000, 
3.141280, 0.000000, 
4.043818, 0.000000, 
4.837776, 0.000000, 
6.038441, 0.000000, 
6.837899, 0.000000, 
7.913176, 0.000000, 
8.931236, 0.000000, 
10.121490, 0.000000, 
10.808434, 0.000000, 
12.158037, 0.000000, 
12.972685, 0.000000, 
13.980975, 0.000000, 
15.062845, 0.000000, 
16.196491, 0.000000, 
16.964298, 0.000000, 
17.938737, 0.000000, 
18.882119, 0.000000, 
20.099535, 0.000000, 
20.852944, 0.000000, 
22.083880, 0.000000, 
22.893014, 0.000000, 
23.879138, 0.000000, 
25.035421, 0.000000, 
25.893028, 0.000000, 
26.819193, 0.000000, 
27.919595, 0.000000, 
29.192371, 0.000000, 
30.167926, 0.000000, 
30.811444, 0.000000, 
32.019770, 0.000000, 
32.813230, 0.000000, 
34.114607, 0.000000, 
34.896393, 0.000000, 
35.842261, 0.000000, 
37.146781, 0.000000, 
38.047369, 0.000000, 
38.981204, 0.000000, 
39.882130, 0.000000, 
41.058496, 0.000000, 
41.925077, 0.000000, 
42.844110, 0.000000, 
43.831774, 0.000000, 
44.923205, 0.000000, 
46.073469, 0.000000, 
47.171012, 0.000000, 
48.062952, 0.000000, 
49.155855, 0.000000, 
50.018658, 0.000000, 
51.074184, 0.000000, 
51.891865, 0.000000, 
53.002063, 0.000000, 
54.026279, 0.000000, 
55.122353, 0.000000, 
55.810094, 0.000000, 
57.163710, 0.000000, 
58.131748, 0.000000, 
58.821938, 0.000000, 
59.909182, 0.000000, 
61.093519, 0.000000, 
61.977229, 0.000000, 
63.139943, 0.000000, 
64.007802, 0.000000, 
65.154496, 0.000000, 
66.096663, 0.000000, 
66.845849, 0.000000, 
67.996062, 0.000000, 
69.172650, 0.000000, 
70.139117, 0.000000, 
70.808774, 0.000000, 
71.948701, 0.000000, 
72.837453, 0.000000, 
73.941665, 0.000000, 
75.057392, 0.000000, 
75.994853, 0.000000, 
77.028421, 0.000000, 
77.892359, 0.000000, 
79.155439, 0.000000, 
79.918136, 0.000000, 
80.820770, 0.000000, 
82.156769, 0.000000, 
82.980548, 0.000000, 
84.179755, 0.000000, 
85.197463, 0.000000, 
86.064883, 0.000000, 
87.066556, 0.000000, 
88.059711, 0.000000, 
88.857241, 0.000000, 
89.805462, 0.000000, 
90.913867, 0.000000, 
92.170507, 0.000000, 
93.116475, 0.000000, 
93.866756, 0.000000, 
95.065829, 0.000000, 
96.065038, 0.000000, 
97.107607, 0.000000, 
98.028320, 0.000000, 
99.041808, 0.000000, 
99.866033, 0.000000, 
101.182546, 0.000000, 
102.061183, 0.000000, 
102.962672, 0.000000, 
103.944695, 0.000000, 
105.168921, 0.000000, 
106.092845, 0.000000, 
107.088894, 0.000000, 
107.925087, 0.000000, 
109.035070, 0.000000, 
109.811984, 0.000000, 
111.031172, 0.000000, 
111.851056, 0.000000, 
113.139490, 0.000000, 
113.935896, 0.000000, 
115.197694, 0.000000, 
115.973102, 0.000000, 
117.165641, 0.000000, 
118.162417, 0.000000, 
119.003298, 0.000000, 
119.808552, 0.000000, 
121.188946, 0.000000, 
121.969473, 0.000000, 
123.117543, 0.000000, 
124.088265, 0.000000, 
125.018706, 0.000000, 
125.943626, 0.000000, 
127.138047, 0.000000, 
127.951387, 0.000000, 
129.006876, 0.000000, 
130.195697, 0.000000, 
130.906045, 0.000000, 
132.161831, 0.000000, 
132.899204, 0.000000, 
133.844523, 0.000000, 
135.193233, 0.000000, 
136.116557, 0.000000, 
136.816383, 0.000000, 
137.859357, 0.000000, 
138.841732, 0.000000, 
140.027872, 0.000000, 
141.102429, 0.000000, 
142.151332, 0.000000, 
143.162800, 0.000000, 
143.987803, 0.000000, 
144.871339, 0.000000, 
146.165644, 0.000000, 
146.817881, 0.000000, 
147.970591, 0.000000, 
148.852061, 0.000000, 
150.044946, 0.000000, 
151.149224, 0.000000, 
152.097762, 0.000000, 
153.075465, 0.000000, 
154.121462, 0.000000, 
154.915400, 0.000000, 
155.917166, 0.000000, 
157.192013, 0.000000, 
157.999909, 0.000000, 
159.020713, 0.000000, 
159.827193, 0.000000, 
160.917585, 0.000000, 
161.908954, 0.000000, 
162.951787, 0.000000, 
164.048623, 0.000000, 
164.843942, 0.000000, 
165.952736, 0.000000, 
166.987354, 0.000000, 
167.913213, 0.000000, 
169.175516, 0.000000, 
170.018421, 0.000000, 
170.950615, 0.000000, 
171.916899, 0.000000, 
172.942502, 0.000000, 
174.180011, 0.000000, 
174.840693, 0.000000, 
176.062022, 0.000000, 
176.978299, 0.000000, 
177.817548, 0.000000, 
179.186762, 0.000000, 
180.126646, 0.000000, 
180.824736, 0.000000, 
181.934511, 0.000000, 
182.851399, 0.000000, 
183.802106, 0.000000, 
185.073554, 0.000000, 
185.848866, 0.000000, 
187.166251, 0.000000, 
187.970621, 0.000000, 
189.027286, 0.000000, 
190.060807, 0.000000, 
191.132883, 0.000000, 
191.930579, 0.000000, 
192.868013, 0.000000, 
194.063403, 0.000000, 
194.856441, 0.000000, 
195.854325, 0.000000, 
196.825947, 0.000000, 
197.938814, 0.000000, 
199.059641, 0.000000, 
