-0.080475, 0.000000, 
1.045438, 0.000000, 
2.071500, 0.000000, 
3.062211, 0.000000, 
4.054264, 0.000000, 
4.914258, 0.000000, 
5.969842, 0.000000, 
6.954833, 0.000000, 
7.933578, 0.000000, 
9.047045, 0.000000, 
9.994552, 0.000000, 
10.938208, 0.000000, 
11.937988, 0.000000, 
12.924889, 0.000000, 
14.019747, 0.000000, 
14.919753, 0.000000, 
15.941059, 0.000000, 
17.083625, 0.000000, 
18.025753, 0.000000, 
18.988175, 0.000000, 
19.923086, 0.000000, 
21.089119, 0.000000, 
21.983881, 0.000000, 
22.971415, 0.000000, 
24.071624, 0.000000, 
24.918623, 0.000000, 
26.098199, 0.000000, 
26.936385, 0.000000, 
27.989732, 0.000000, 
29.087245, 0.000000, 
29.975863, 0.000000, 
30.912597, 0.000000, 
32.038240, 0.000000, 
33.026927, 0.000000, 
34.076209, 0.000000, 
34.950906, 0.000000, 
36.023777, 0.000000, 
37.041405, 0.000000, 
38.037037, 0.000000, 
38.978976, 0.000000, 
39.951377, 0.000000, 
40.963257, 0.000000, 
41.951663, 0.000000, 
42.950587, 0.000000, 
43.970104, 0.000000, 
45.007326, 0.000000, 
46.076129, 0.000000, 
46.942825, 0.000000, 
47.991170, 0.000000, 
49.019015, 0.000000, 
49.954977, 0.000000, 
51.067638, 0.000000, 
52.059439, 0.000000, 
53.094786, 0.000000, 
53.941560, 0.000000, 
54.970135, 0.000000, 
55.957032, 0.000000, 
56.918440, 0.000000, 
57.942595, 0.000000, 
58.975657, 0.000000, 
60.048282, 0.000000, 
60.972495, 0.000000, 
62.036439, 0.000000, 
62.966389, 0.000000, 
64.047458, 0.000000, 
64.930033, 0.000000, 
65.935452, 0.000000, 
66.957775, 0.000000, 
67.978225, 0.000000, 
69.031726, 0.000000, 
69.959473, 0.000000, 
70.964676, 0.000000, 
71.904724, 0.000000, 
72.994826, 0.000000, 
73.928875, 0.000000, 
74.900678, 0.000000, 
76.005445, 0.000000, 
76.941475, 0.000000, 
78.077379, 0.000000, 
79.062643, 0.000000, 
79.993679, 0.000000, 
81.056331, 0.000000, 
81.929462, 0.000000, 
83.073108, 0.000000, 
84.089058, 0.000000, 
84.987332, 0.000000, 
85.960980, 0.000000, 
87.064227, 0.000000, 
88.095940, 0.000000, 
88.939309, 0.000000, 
89.957370, 0.000000, 
90.922757, 0.000000, 
91.993206, 0.000000, 
92.981829, 0.000000, 
93.938476, 0.000000, 
95.001242, 0.000000, 
96.021963, 0.000000, 
96.909526, 0.000000, 
97.924055, 0.000000, 
99.070294, 0.000000, 
100.062551, 0.000000, 
101.048111, 0.000000, 
101.957173, 0.000000, 
103.090915, 0.000000, 
103.953662, 0.000000, 
104.982484, 0.000000, 
105.960521, 0.000000, 
107.078488, 0.000000, 
108.077667, 0.000000, 
108.973081, 0.000000, 
109.970841, 0.000000, 
111.094890, 0.000000, 
112.097276, 0.000000, 
113.049222, 0.000000, 
114.049644, 0.000000, 
115.000051, 0.000000, 
116.033081, 0.000000, 
116.953458, 0.000000, 
118.065137, 0.000000, 
118.905408, 0.000000, 
119.962572, 0.000000, 
121.065630, 0.000000, 
122.067997, 0.000000, 
123.093678, 0.000000, 
124.035468, 0.000000, 
125.097120, 0.000000, 
126.034627, 0.000000, 
127.012036, 0.000000, 
127.913442, 0.000000, 
129.095477, 0.000000, 
129.997598, 0.000000, 
130.921979, 0.000000, 
132.067060, 0.000000, 
132.978793, 0.000000, 
134.077637, 0.000000, 
135.006025, 0.000000, 
136.033113, 0.000000, 
136.968713, 0.000000, 
138.027510, 0.000000, 
138.929183, 0.000000, 
140.039705, 0.000000, 
140.936601, 0.000000, 
142.081108, 0.000000, 
143.078611, 0.000000, 
143.923654, 0.000000, 
144.969053, 0.000000, 
146.002745, 0.000000, 
146.947736, 0.000000, 
147.940216, 0.000000, 
149.056639, 0.000000, 
149.936120, 0.000000, 
151.071992, 0.000000, 
151.937360, 0.000000, 
152.982832, 0.000000, 
154.008919, 0.000000, 
154.990009, 0.000000, 
155.981511, 0.000000, 
157.086560, 0.000000, 
157.929267, 0.000000, 
158.902897, 0.000000, 
159.903539, 0.000000, 
161.044901, 0.000000, 
161.922169, 0.000000, 
163.002703, 0.000000, 
164.052678, 0.000000, 
165.051883, 0.000000, 
166.047246, 0.000000, 
166.984198, 0.000000, 
167.938674, 0.000000, 
168.966015, 0.000000, 
170.045436, 0.000000, 
171.096096, 0.000000, 
172.002010, 0.000000, 
172.953725, 0.000000, 
174.099474, 0.000000, 
175.057521, 0.000000, 
175.971077, 0.000000, 
177.080381, 0.000000, 
178.089864, 0.000000, 
179.006023, 0.000000, 
179.946294, 0.000000, 
180.901266, 0.000000, 
181.972743, 0.000000, 
182.950338, 0.000000, 
184.037342, 0.000000, 
184.908147, 0.000000, 
186.049428, 0.000000, 
186.957725, 0.000000, 
187.907048, 0.000000, 
189.096273, 0.000000, 
190.084376, 0.000000, 
191.039785, 0.000000, 
191.940218, 0.000000, 
193.094288, 0.000000, 
194.010871, 0.000000, 
194.906643, 0.000000, 
195.984227, 0.000000, 
196.910314, 0.000000, 
198.050535, 0.000000, 
198.991254, 0.000000, 
