-0.253539, 0.000000, 
0.729873, 0.000000, 
1.967201, 0.000000, 
2.736562, 0.000000, 
4.399645, 0.000000, 
4.698372, 0.000000, 
6.032250, 0.000000, 
7.132056, 0.000000, 
7.901225, 0.000000, 
9.399480, 0.000000, 
10.177232, 0.000000, 
11.137286, 0.000000, 
11.670710, 0.000000, 
12.881559, 0.000000, 
13.736672, 0.000000, 
15.168499, 0.000000, 
15.629175, 0.000000, 
17.381114, 0.000000, 
18.081627, 0.000000, 
19.033103, 0.000000, 
19.730467, 0.000000, 
20.712955, 0.000000, 
22.118641, 0.000000, 
22.998639, 0.000000, 
24.142555, 0.000000, 
24.690345, 0.000000, 
26.009139, 0.000000, 
27.268159, 0.000000, 
27.993308, 0.000000, 
28.922635, 0.000000, 
29.871658, 0.000000, 
31.300407, 0.000000, 
31.796468, 0.000000, 
32.858766, 0.000000, 
34.237302, 0.000000, 
35.250250, 0.000000, 
36.371571, 0.000000, 
37.381486, 0.000000, 
37.947391, 0.000000, 
39.304766, 0.000000, 
40.270721, 0.000000, 
41.270571, 0.000000, 
41.620281, 0.000000, 
43.350955, 0.000000, 
44.372947, 0.000000, 
44.654301, 0.000000, 
45.603057, 0.000000, 
46.899862, 0.000000, 
47.946306, 0.000000, 
48.766575, 0.000000, 
50.015623, 0.000000, 
50.986871, 0.000000, 
51.867380, 0.000000, 
53.342399, 0.000000, 
54.213804, 0.000000, 
54.681077, 0.000000, 
55.768241, 0.000000, 
56.919451, 0.000000, 
58.157329, 0.000000, 
58.745381, 0.000000, 
59.833634, 0.000000, 
61.293749, 0.000000, 
62.096470, 0.000000, 
63.349249, 0.000000, 
63.605074, 0.000000, 
64.611837, 0.000000, 
65.711242, 0.000000, 
67.359399, 0.000000, 
68.259570, 0.000000, 
69.316149, 0.000000, 
69.941949, 0.000000, 
70.777581, 0.000000, 
71.604158, 0.000000, 
72.780964, 0.000000, 
74.303598, 0.000000, 
74.923963, 0.000000, 
75.912907, 0.000000, 
76.915671, 0.000000, 
77.706271, 0.000000, 
78.701663, 0.000000, 
79.865508, 0.000000, 
80.653101, 0.000000, 
81.875980, 0.000000, 
83.036755, 0.000000, 
83.923805, 0.000000, 
85.038127, 0.000000, 
86.138347, 0.000000, 
87.054145, 0.000000, 
87.947727, 0.000000, 
88.849820, 0.000000, 
89.615368, 0.000000, 
90.995653, 0.000000, 
91.957259, 0.000000, 
93.395477, 0.000000, 
94.172074, 0.000000, 
94.980896, 0.000000, 
95.971326, 0.000000, 
97.169580, 0.000000, 
98.011671, 0.000000, 
99.070357, 0.000000, 
100.280591, 0.000000, 
100.768078, 0.000000, 
101.678522, 0.000000, 
103.118788, 0.000000, 
103.959014, 0.000000, 
105.071684, 0.000000, 
105.780219, 0.000000, 
106.640722, 0.000000, 
108.136649, 0.000000, 
109.238937, 0.000000, 
109.828233, 0.000000, 
111.351629, 0.000000, 
111.952470, 0.000000, 
112.890135, 0.000000, 
114.113194, 0.000000, 
115.239633, 0.000000, 
115.992780, 0.000000, 
116.769766, 0.000000, 
118.398338, 0.000000, 
119.367644, 0.000000, 
120.392973, 0.000000, 
121.094436, 0.000000, 
121.682235, 0.000000, 
122.622675, 0.000000, 
123.831826, 0.000000, 
125.171793, 0.000000, 
126.235091, 0.000000, 
127.133938, 0.000000, 
128.019707, 0.000000, 
129.381690, 0.000000, 
129.752444, 0.000000, 
130.864546, 0.000000, 
131.780120, 0.000000, 
133.227174, 0.000000, 
134.339504, 0.000000, 
135.058303, 0.000000, 
135.862357, 0.000000, 
137.025235, 0.000000, 
138.133265, 0.000000, 
138.757779, 0.000000, 
140.363536, 0.000000, 
141.039581, 0.000000, 
142.383504, 0.000000, 
142.779102, 0.000000, 
144.304413, 0.000000, 
145.207264, 0.000000, 
146.058130, 0.000000, 
146.993957, 0.000000, 
147.758746, 0.000000, 
149.025709, 0.000000, 
150.371430, 0.000000, 
151.323191, 0.000000, 
152.070259, 0.000000, 
152.762236, 0.000000, 
154.374712, 0.000000, 
155.123449, 0.000000, 
156.309980, 0.000000, 
157.395664, 0.000000, 
157.883250, 0.000000, 
159.205548, 0.000000, 
160.124786, 0.000000, 
161.308799, 0.000000, 
161.877618, 0.000000, 
162.843188, 0.000000, 
163.663063, 0.000000, 
164.801981, 0.000000, 
166.057032, 0.000000, 
167.139879, 0.000000, 
168.144611, 0.000000, 
168.742650, 0.000000, 
169.675970, 0.000000, 
171.302207, 0.000000, 
172.206106, 0.000000, 
172.980116, 0.000000, 
174.255501, 0.000000, 
174.799477, 0.000000, 
175.647137, 0.000000, 
177.287179, 0.000000, 
178.147714, 0.000000, 
179.181097, 0.000000, 
180.283062, 0.000000, 
181.229118, 0.000000, 
181.729599, 0.000000, 
182.908922, 0.000000, 
184.004409, 0.000000, 
185.383275, 0.000000, 
185.931073, 0.000000, 
186.719610, 0.000000, 
187.813288, 0.000000, 
188.865579, 0.000000, 
190.008673, 0.000000, 
191.016548, 0.000000, 
192.272113, 0.000000, 
193.158266, 0.000000, 
194.163365, 0.000000, 
195.345815, 0.000000, 
195.892795, 0.000000, 
197.019665, 0.000000, 
197.886235, 0.000000, 
199.085485, 0.000000, 
