-0.076874, 0.000000, 
1.266412, 0.000000, 
2.006938, 0.000000, 
2.878670, 0.000000, 
3.799618, 0.000000, 
5.292726, 0.000000, 
6.079368, 0.000000, 
6.848234, 0.000000, 
8.175322, 0.000000, 
9.099576, 0.000000, 
10.063941, 0.000000, 
11.262570, 0.000000, 
12.011521, 0.000000, 
13.122331, 0.000000, 
14.242945, 0.000000, 
14.737631, 0.000000, 
16.069631, 0.000000, 
17.121473, 0.000000, 
17.816146, 0.000000, 
19.224700, 0.000000, 
19.825330, 0.000000, 
20.997145, 0.000000, 
21.855853, 0.000000, 
22.967498, 0.000000, 
23.820820, 0.000000, 
24.888682, 0.000000, 
25.777993, 0.000000, 
27.089596, 0.000000, 
27.866308, 0.000000, 
28.997169, 0.000000, 
29.735999, 0.000000, 
30.946447, 0.000000, 
32.027953, 0.000000, 
32.836121, 0.000000, 
33.736104, 0.000000, 
34.704963, 0.000000, 
36.230261, 0.000000, 
36.784513, 0.000000, 
37.767277, 0.000000, 
38.728105, 0.000000, 
40.000740, 0.000000, 
40.701412, 0.000000, 
42.107670, 0.000000, 
42.713050, 0.000000, 
44.097486, 0.000000, 
44.838768, 0.000000, 
45.992875, 0.000000, 
46.745948, 0.000000, 
47.740878, 0.000000, 
48.864550, 0.000000, 
49.903994, 0.000000, 
50.901432, 0.000000, 
52.127554, 0.000000, 
53.184652, 0.000000, 
54.104466, 0.000000, 
55.237916, 0.000000, 
56.205527, 0.000000, 
57.015538, 0.000000, 
58.205207, 0.000000, 
58.788994, 0.000000, 
59.732019, 0.000000, 
61.265022, 0.000000, 
61.895034, 0.000000, 
62.825281, 0.000000, 
63.753114, 0.000000, 
65.179556, 0.000000, 
65.902192, 0.000000, 
67.043792, 0.000000, 
68.276556, 0.000000, 
69.033001, 0.000000, 
70.136116, 0.000000, 
71.273048, 0.000000, 
71.836245, 0.000000, 
72.889149, 0.000000, 
74.292420, 0.000000, 
75.026131, 0.000000, 
76.147110, 0.000000, 
76.906158, 0.000000, 
78.169313, 0.000000, 
79.027626, 0.000000, 
79.834006, 0.000000, 
81.143752, 0.000000, 
81.981540, 0.000000, 
82.903050, 0.000000, 
83.987254, 0.000000, 
85.224281, 0.000000, 
85.903720, 0.000000, 
86.981710, 0.000000, 
88.087238, 0.000000, 
89.189087, 0.000000, 
89.911917, 0.000000, 
90.809718, 0.000000, 
91.848696, 0.000000, 
92.919508, 0.000000, 
94.086693, 0.000000, 
94.995332, 0.000000, 
95.907671, 0.000000, 
96.894782, 0.000000, 
97.742884, 0.000000, 
98.971148, 0.000000, 
99.781655, 0.000000, 
100.737552, 0.000000, 
102.078584, 0.000000, 
102.947855, 0.000000, 
104.163767, 0.000000, 
104.830813, 0.000000, 
105.856550, 0.000000, 
107.215542, 0.000000, 
107.902626, 0.000000, 
108.726568, 0.000000, 
110.225086, 0.000000, 
111.113282, 0.000000, 
111.858607, 0.000000, 
113.036656, 0.000000, 
113.742332, 0.000000, 
115.111008, 0.000000, 
115.743062, 0.000000, 
116.703934, 0.000000, 
117.865657, 0.000000, 
118.862926, 0.000000, 
119.829318, 0.000000, 
121.091717, 0.000000, 
121.989621, 0.000000, 
122.721017, 0.000000, 
123.746117, 0.000000, 
125.171436, 0.000000, 
125.935859, 0.000000, 
126.755966, 0.000000, 
127.789846, 0.000000, 
128.936766, 0.000000, 
130.011081, 0.000000, 
131.132464, 0.000000, 
132.095032, 0.000000, 
132.953622, 0.000000, 
133.829752, 0.000000, 
134.866662, 0.000000, 
136.062246, 0.000000, 
137.284913, 0.000000, 
137.712245, 0.000000, 
139.045348, 0.000000, 
140.256500, 0.000000, 
140.773487, 0.000000, 
142.170330, 0.000000, 
142.846057, 0.000000, 
143.704918, 0.000000, 
144.744316, 0.000000, 
145.894966, 0.000000, 
147.078601, 0.000000, 
147.840801, 0.000000, 
148.916010, 0.000000, 
149.815897, 0.000000, 
151.136471, 0.000000, 
152.277258, 0.000000, 
153.252352, 0.000000, 
154.001289, 0.000000, 
155.190352, 0.000000, 
155.752493, 0.000000, 
157.104382, 0.000000, 
157.933436, 0.000000, 
158.923630, 0.000000, 
159.797950, 0.000000, 
160.708414, 0.000000, 
161.775792, 0.000000, 
163.033735, 0.000000, 
164.153586, 0.000000, 
165.212507, 0.000000, 
165.850657, 0.000000, 
167.086772, 0.000000, 
168.091979, 0.000000, 
169.034765, 0.000000, 
169.790089, 0.000000, 
171.112186, 0.000000, 
171.960532, 0.000000, 
173.275673, 0.000000, 
174.013976, 0.000000, 
175.156234, 0.000000, 
176.014837, 0.000000, 
176.998564, 0.000000, 
178.189013, 0.000000, 
178.996962, 0.000000, 
179.742855, 0.000000, 
180.734107, 0.000000, 
181.951837, 0.000000, 
183.156523, 0.000000, 
183.840146, 0.000000, 
184.837817, 0.000000, 
186.003701, 0.000000, 
187.205902, 0.000000, 
187.717399, 0.000000, 
189.233646, 0.000000, 
189.972632, 0.000000, 
190.968927, 0.000000, 
192.190677, 0.000000, 
192.709044, 0.000000, 
193.722278, 0.000000, 
195.253390, 0.000000, 
195.765012, 0.000000, 
197.221151, 0.000000, 
198.169474, 0.000000, 
199.007058, 0.000000, 
