0.283845, 0.000000, 
0.945532, 0.000000, 
1.998759, 0.000000, 
3.228633, 0.000000, 
4.104897, 0.000000, 
5.211627, 0.000000, 
5.990923, 0.000000, 
6.747537, 0.000000, 
8.045747, 0.000000, 
8.741934, 0.000000, 
9.901036, 0.000000, 
11.252114, 0.000000, 
11.715838, 0.000000, 
13.070214, 0.000000, 
13.618961, 0.000000, 
14.963467, 0.000000, 
16.243602, 0.000000, 
17.201995, 0.000000, 
18.279501, 0.000000, 
18.755508, 0.000000, 
19.933107, 0.000000, 
21.307002, 0.000000, 
21.838320, 0.000000, 
22.725789, 0.000000, 
23.607716, 0.000000, 
24.687054, 0.000000, 
25.717627, 0.000000, 
26.991665, 0.000000, 
28.142955, 0.000000, 
29.001564, 0.000000, 
29.818050, 0.000000, 
30.649161, 0.000000, 
31.802152, 0.000000, 
33.116798, 0.000000, 
33.731110, 0.000000, 
34.912232, 0.000000, 
35.642096, 0.000000, 
37.082308, 0.000000, 
38.393347, 0.000000, 
38.858479, 0.000000, 
39.681292, 0.000000, 
40.935431, 0.000000, 
41.780378, 0.000000, 
43.100913, 0.000000, 
44.170677, 0.000000, 
45.131511, 0.000000, 
46.211885, 0.000000, 
47.187395, 0.000000, 
47.645705, 0.000000, 
48.745338, 0.000000, 
50.125462, 0.000000, 
50.812464, 0.000000, 
51.884157, 0.000000, 
52.862657, 0.000000, 
54.109671, 0.000000, 
54.824715, 0.000000, 
55.625716, 0.000000, 
57.215550, 0.000000, 
57.969268, 0.000000, 
58.719593, 0.000000, 
59.772670, 0.000000, 
61.036781, 0.000000, 
61.744806, 0.000000, 
63.249841, 0.000000, 
63.787951, 0.000000, 
64.614894, 0.000000, 
66.029048, 0.000000, 
67.274745, 0.000000, 
67.650942, 0.000000, 
68.871536, 0.000000, 
69.873046, 0.000000, 
70.948558, 0.000000, 
72.277066, 0.000000, 
72.674768, 0.000000, 
74.075139, 0.000000, 
75.399166, 0.000000, 
75.775411, 0.000000, 
77.077692, 0.000000, 
78.393451, 0.000000, 
79.118083, 0.000000, 
80.097416, 0.000000, 
81.261269, 0.000000, 
81.978981, 0.000000, 
83.110732, 0.000000, 
84.047836, 0.000000, 
85.168636, 0.000000, 
86.015873, 0.000000, 
86.792884, 0.000000, 
88.378995, 0.000000, 
89.362185, 0.000000, 
89.840991, 0.000000, 
90.849350, 0.000000, 
92.179969, 0.000000, 
92.942861, 0.000000, 
93.897867, 0.000000, 
94.972410, 0.000000, 
96.339109, 0.000000, 
96.668658, 0.000000, 
97.792458, 0.000000, 
98.607642, 0.000000, 
99.967332, 0.000000, 
100.932676, 0.000000, 
102.122929, 0.000000, 
102.643210, 0.000000, 
103.611535, 0.000000, 
104.765448, 0.000000, 
105.890619, 0.000000, 
106.996238, 0.000000, 
108.397775, 0.000000, 
109.208878, 0.000000, 
110.385362, 0.000000, 
111.060851, 0.000000, 
112.115964, 0.000000, 
113.145940, 0.000000, 
114.364547, 0.000000, 
114.804416, 0.000000, 
115.641526, 0.000000, 
116.883819, 0.000000, 
118.326520, 0.000000, 
118.654745, 0.000000, 
120.393465, 0.000000, 
121.012531, 0.000000, 
121.647402, 0.000000, 
122.662267, 0.000000, 
123.717562, 0.000000, 
125.338155, 0.000000, 
126.156118, 0.000000, 
127.340695, 0.000000, 
128.370466, 0.000000, 
129.213377, 0.000000, 
130.376788, 0.000000, 
131.214893, 0.000000, 
132.080697, 0.000000, 
133.393735, 0.000000, 
133.689966, 0.000000, 
134.771376, 0.000000, 
135.684974, 0.000000, 
136.861802, 0.000000, 
137.870967, 0.000000, 
138.738911, 0.000000, 
139.691346, 0.000000, 
140.951390, 0.000000, 
142.143687, 0.000000, 
142.660495, 0.000000, 
144.308699, 0.000000, 
144.628183, 0.000000, 
146.107964, 0.000000, 
147.232834, 0.000000, 
147.956577, 0.000000, 
148.842189, 0.000000, 
149.713482, 0.000000, 
151.151239, 0.000000, 
151.832990, 0.000000, 
153.094989, 0.000000, 
154.079007, 0.000000, 
155.329336, 0.000000, 
155.876806, 0.000000, 
156.811525, 0.000000, 
157.899063, 0.000000, 
158.670340, 0.000000, 
160.140294, 0.000000, 
161.243242, 0.000000, 
161.782895, 0.000000, 
163.210072, 0.000000, 
164.025752, 0.000000, 
165.321643, 0.000000, 
165.705589, 0.000000, 
167.315931, 0.000000, 
167.799979, 0.000000, 
169.366109, 0.000000, 
170.123661, 0.000000, 
170.708169, 0.000000, 
172.363287, 0.000000, 
172.855508, 0.000000, 
173.874597, 0.000000, 
174.985841, 0.000000, 
176.102451, 0.000000, 
177.049318, 0.000000, 
177.895759, 0.000000, 
178.925815, 0.000000, 
180.003537, 0.000000, 
180.834480, 0.000000, 
182.255807, 0.000000, 
182.787062, 0.000000, 
183.799100, 0.000000, 
185.175682, 0.000000, 
186.277744, 0.000000, 
187.231622, 0.000000, 
187.780875, 0.000000, 
188.756546, 0.000000, 
190.325329, 0.000000, 
191.031301, 0.000000, 
191.686262, 0.000000, 
192.865904, 0.000000, 
194.269519, 0.000000, 
195.299241, 0.000000, 
195.645965, 0.000000, 
197.257230, 0.000000, 
198.213677, 0.000000, 
198.954437, 0.000000, 
