-0.177997, 0.000000, 
0.875142, 0.000000, 
2.099586, 0.000000, 
3.119836, 0.000000, 
4.196637, 0.000000, 
4.869272, 0.000000, 
5.944505, 0.000000, 
6.933478, 0.000000, 
8.195556, 0.000000, 
9.153378, 0.000000, 
10.085574, 0.000000, 
10.858886, 0.000000, 
11.946973, 0.000000, 
12.814584, 0.000000, 
14.148506, 0.000000, 
14.804635, 0.000000, 
15.959502, 0.000000, 
17.192316, 0.000000, 
18.155112, 0.000000, 
19.023739, 0.000000, 
20.126092, 0.000000, 
21.106650, 0.000000, 
21.827766, 0.000000, 
22.812150, 0.000000, 
23.828144, 0.000000, 
24.913847, 0.000000, 
25.969484, 0.000000, 
27.073098, 0.000000, 
28.025787, 0.000000, 
28.932386, 0.000000, 
29.914235, 0.000000, 
30.811486, 0.000000, 
32.116544, 0.000000, 
33.092568, 0.000000, 
34.076917, 0.000000, 
34.843912, 0.000000, 
36.034829, 0.000000, 
37.169490, 0.000000, 
37.891084, 0.000000, 
38.951858, 0.000000, 
39.983371, 0.000000, 
41.135984, 0.000000, 
41.866930, 0.000000, 
42.910774, 0.000000, 
44.007377, 0.000000, 
45.143082, 0.000000, 
45.919264, 0.000000, 
46.832183, 0.000000, 
47.912524, 0.000000, 
48.941034, 0.000000, 
50.014357, 0.000000, 
50.962509, 0.000000, 
52.027052, 0.000000, 
52.899899, 0.000000, 
53.942325, 0.000000, 
54.980861, 0.000000, 
55.992474, 0.000000, 
56.865347, 0.000000, 
57.963984, 0.000000, 
59.147858, 0.000000, 
59.976479, 0.000000, 
61.076254, 0.000000, 
62.179036, 0.000000, 
62.901919, 0.000000, 
63.880627, 0.000000, 
65.186232, 0.000000, 
66.004580, 0.000000, 
66.949047, 0.000000, 
68.003539, 0.000000, 
69.150832, 0.000000, 
70.028739, 0.000000, 
71.000300, 0.000000, 
71.860432, 0.000000, 
72.839342, 0.000000, 
73.929604, 0.000000, 
74.873865, 0.000000, 
75.806046, 0.000000, 
77.085142, 0.000000, 
78.128840, 0.000000, 
79.168047, 0.000000, 
79.801607, 0.000000, 
81.066355, 0.000000, 
81.813091, 0.000000, 
83.142606, 0.000000, 
83.831584, 0.000000, 
84.804314, 0.000000, 
85.832744, 0.000000, 
86.818831, 0.000000, 
88.162770, 0.000000, 
89.173525, 0.000000, 
90.037516, 0.000000, 
91.144863, 0.000000, 
91.849951, 0.000000, 
92.870963, 0.000000, 
94.006800, 0.000000, 
94.926139, 0.000000, 
95.954675, 0.000000, 
96.951798, 0.000000, 
97.941920, 0.000000, 
98.843215, 0.000000, 
99.902663, 0.000000, 
100.914358, 0.000000, 
102.097556, 0.000000, 
102.967896, 0.000000, 
104.145891, 0.000000, 
105.172751, 0.000000, 
106.171599, 0.000000, 
106.827209, 0.000000, 
108.186768, 0.000000, 
109.063819, 0.000000, 
109.857560, 0.000000, 
111.062962, 0.000000, 
112.134017, 0.000000, 
112.828278, 0.000000, 
114.072889, 0.000000, 
114.979307, 0.000000, 
116.046085, 0.000000, 
117.111412, 0.000000, 
118.149250, 0.000000, 
119.165843, 0.000000, 
120.183077, 0.000000, 
121.020091, 0.000000, 
121.832158, 0.000000, 
123.012187, 0.000000, 
124.172349, 0.000000, 
125.136113, 0.000000, 
125.945662, 0.000000, 
126.823710, 0.000000, 
128.154680, 0.000000, 
129.153160, 0.000000, 
130.111329, 0.000000, 
131.088074, 0.000000, 
131.914004, 0.000000, 
132.893003, 0.000000, 
133.867960, 0.000000, 
134.818074, 0.000000, 
135.854666, 0.000000, 
136.949154, 0.000000, 
138.158016, 0.000000, 
139.159738, 0.000000, 
139.880528, 0.000000, 
141.021689, 0.000000, 
141.927102, 0.000000, 
142.826880, 0.000000, 
143.941617, 0.000000, 
144.943537, 0.000000, 
146.124930, 0.000000, 
146.926699, 0.000000, 
147.837509, 0.000000, 
148.951117, 0.000000, 
149.856151, 0.000000, 
150.874119, 0.000000, 
151.938591, 0.000000, 
153.188355, 0.000000, 
153.949850, 0.000000, 
155.173870, 0.000000, 
155.813037, 0.000000, 
156.949743, 0.000000, 
158.178886, 0.000000, 
158.922726, 0.000000, 
160.083006, 0.000000, 
161.025223, 0.000000, 
161.831616, 0.000000, 
163.109077, 0.000000, 
164.021621, 0.000000, 
165.172806, 0.000000, 
165.938957, 0.000000, 
166.830056, 0.000000, 
167.914109, 0.000000, 
168.976748, 0.000000, 
170.161822, 0.000000, 
170.984611, 0.000000, 
171.836397, 0.000000, 
173.090525, 0.000000, 
173.927728, 0.000000, 
175.012926, 0.000000, 
175.950161, 0.000000, 
177.032151, 0.000000, 
178.069444, 0.000000, 
179.115049, 0.000000, 
179.898599, 0.000000, 
180.924138, 0.000000, 
182.038076, 0.000000, 
182.838132, 0.000000, 
184.046366, 0.000000, 
185.061846, 0.000000, 
185.879095, 0.000000, 
187.167496, 0.000000, 
187.940152, 0.000000, 
188.989950, 0.000000, 
190.104015, 0.000000, 
191.137497, 0.000000, 
192.037208, 0.000000, 
192.828400, 0.000000, 
194.031161, 0.000000, 
195.121479, 0.000000, 
196.198077, 0.000000, 
197.145343, 0.000000, 
197.862095, 0.000000, 
198.866464, 0.000000, 
