-0.167839, 0.000000, 
0.674628, 0.000000, 
1.881894, 0.000000, 
2.834371, 0.000000, 
3.965986, 0.000000, 
4.700500, 0.000000, 
6.352123, 0.000000, 
6.696625, 0.000000, 
7.793608, 0.000000, 
8.653762, 0.000000, 
9.829512, 0.000000, 
10.769551, 0.000000, 
11.612599, 0.000000, 
13.126285, 0.000000, 
14.033822, 0.000000, 
15.310788, 0.000000, 
16.002159, 0.000000, 
17.120729, 0.000000, 
17.718144, 0.000000, 
19.040277, 0.000000, 
19.964781, 0.000000, 
20.757566, 0.000000, 
21.856277, 0.000000, 
23.339941, 0.000000, 
23.716773, 0.000000, 
25.246050, 0.000000, 
26.240430, 0.000000, 
27.092022, 0.000000, 
27.723467, 0.000000, 
29.251508, 0.000000, 
29.627479, 0.000000, 
30.670535, 0.000000, 
32.147556, 0.000000, 
33.055322, 0.000000, 
33.718371, 0.000000, 
34.904090, 0.000000, 
36.203326, 0.000000, 
37.257040, 0.000000, 
37.955011, 0.000000, 
39.038595, 0.000000, 
39.956552, 0.000000, 
40.949485, 0.000000, 
42.018671, 0.000000, 
43.293866, 0.000000, 
44.307972, 0.000000, 
45.364420, 0.000000, 
45.852591, 0.000000, 
46.825984, 0.000000, 
48.355916, 0.000000, 
48.875449, 0.000000, 
50.307768, 0.000000, 
50.989296, 0.000000, 
51.776923, 0.000000, 
53.009300, 0.000000, 
53.748042, 0.000000, 
54.609347, 0.000000, 
55.795420, 0.000000, 
56.950890, 0.000000, 
58.045495, 0.000000, 
58.712806, 0.000000, 
60.174533, 0.000000, 
61.232712, 0.000000, 
61.876224, 0.000000, 
63.190077, 0.000000, 
63.758015, 0.000000, 
65.073637, 0.000000, 
65.788634, 0.000000, 
67.338039, 0.000000, 
68.196199, 0.000000, 
69.211948, 0.000000, 
69.951027, 0.000000, 
71.088877, 0.000000, 
71.863783, 0.000000, 
73.383377, 0.000000, 
74.329319, 0.000000, 
75.158403, 0.000000, 
75.743731, 0.000000, 
76.997821, 0.000000, 
78.215108, 0.000000, 
78.837578, 0.000000, 
79.959498, 0.000000, 
81.029624, 0.000000, 
81.948737, 0.000000, 
83.111400, 0.000000, 
84.195145, 0.000000, 
85.117197, 0.000000, 
86.104008, 0.000000, 
87.109469, 0.000000, 
87.718101, 0.000000, 
88.891794, 0.000000, 
89.897088, 0.000000, 
90.694452, 0.000000, 
91.825654, 0.000000, 
93.081727, 0.000000, 
93.882842, 0.000000, 
94.764353, 0.000000, 
95.807200, 0.000000, 
96.997048, 0.000000, 
98.377177, 0.000000, 
98.681999, 0.000000, 
99.606733, 0.000000, 
100.874568, 0.000000, 
101.915307, 0.000000, 
102.730013, 0.000000, 
104.253802, 0.000000, 
105.186765, 0.000000, 
105.752202, 0.000000, 
106.980751, 0.000000, 
108.201373, 0.000000, 
109.044540, 0.000000, 
109.918628, 0.000000, 
111.250303, 0.000000, 
112.002016, 0.000000, 
112.890437, 0.000000, 
114.115422, 0.000000, 
115.043758, 0.000000, 
115.622138, 0.000000, 
117.268751, 0.000000, 
117.635110, 0.000000, 
118.723746, 0.000000, 
120.232433, 0.000000, 
121.307161, 0.000000, 
121.923535, 0.000000, 
123.100208, 0.000000, 
124.336494, 0.000000, 
124.682382, 0.000000, 
126.338744, 0.000000, 
126.740879, 0.000000, 
128.209139, 0.000000, 
129.037182, 0.000000, 
130.373514, 0.000000, 
130.872766, 0.000000, 
131.866358, 0.000000, 
133.037706, 0.000000, 
134.166603, 0.000000, 
135.241164, 0.000000, 
135.985644, 0.000000, 
137.241750, 0.000000, 
137.934178, 0.000000, 
139.076920, 0.000000, 
140.141572, 0.000000, 
141.027132, 0.000000, 
141.921580, 0.000000, 
142.651910, 0.000000, 
144.067429, 0.000000, 
145.171509, 0.000000, 
146.200745, 0.000000, 
147.063531, 0.000000, 
148.318937, 0.000000, 
149.240092, 0.000000, 
149.814942, 0.000000, 
150.930377, 0.000000, 
152.050773, 0.000000, 
153.304921, 0.000000, 
154.109026, 0.000000, 
155.210757, 0.000000, 
156.067635, 0.000000, 
156.908053, 0.000000, 
158.004709, 0.000000, 
159.211972, 0.000000, 
159.789900, 0.000000, 
161.276567, 0.000000, 
161.646763, 0.000000, 
163.089104, 0.000000, 
163.827212, 0.000000, 
164.874029, 0.000000, 
165.655559, 0.000000, 
167.078709, 0.000000, 
168.279789, 0.000000, 
169.107986, 0.000000, 
170.211383, 0.000000, 
170.978920, 0.000000, 
172.157285, 0.000000, 
173.397897, 0.000000, 
173.781392, 0.000000, 
175.012436, 0.000000, 
176.013503, 0.000000, 
177.362854, 0.000000, 
177.984643, 0.000000, 
179.259438, 0.000000, 
180.276104, 0.000000, 
181.304382, 0.000000, 
182.198390, 0.000000, 
183.175752, 0.000000, 
184.320589, 0.000000, 
185.301698, 0.000000, 
186.129761, 0.000000, 
187.171940, 0.000000, 
187.609057, 0.000000, 
188.790912, 0.000000, 
190.087332, 0.000000, 
191.235901, 0.000000, 
192.329037, 0.000000, 
193.241171, 0.000000, 
194.181544, 0.000000, 
194.776281, 0.000000, 
195.907107, 0.000000, 
197.041534, 0.000000, 
197.752233, 0.000000, 
198.999667, 0.000000, 
