-0.427634, 0.000000, 
1.167570, 0.000000, 
2.049759, 0.000000, 
2.594484, 0.000000, 
3.992732, 0.000000, 
5.085254, 0.000000, 
6.493719, 0.000000, 
7.143698, 0.000000, 
7.661838, 0.000000, 
9.371457, 0.000000, 
10.034474, 0.000000, 
10.973149, 0.000000, 
12.234697, 0.000000, 
13.173423, 0.000000, 
13.507782, 0.000000, 
14.842134, 0.000000, 
16.020705, 0.000000, 
17.116656, 0.000000, 
18.006809, 0.000000, 
18.672729, 0.000000, 
19.876560, 0.000000, 
20.999269, 0.000000, 
22.124698, 0.000000, 
23.336801, 0.000000, 
23.700541, 0.000000, 
25.362991, 0.000000, 
25.998816, 0.000000, 
27.296176, 0.000000, 
28.366324, 0.000000, 
28.745080, 0.000000, 
29.649161, 0.000000, 
30.718483, 0.000000, 
31.811215, 0.000000, 
33.031254, 0.000000, 
33.932572, 0.000000, 
34.950147, 0.000000, 
36.488851, 0.000000, 
36.743439, 0.000000, 
38.390568, 0.000000, 
38.917444, 0.000000, 
39.693746, 0.000000, 
40.917134, 0.000000, 
42.293629, 0.000000, 
42.910777, 0.000000, 
43.876907, 0.000000, 
45.378795, 0.000000, 
46.312379, 0.000000, 
46.753890, 0.000000, 
48.312114, 0.000000, 
48.821257, 0.000000, 
49.720272, 0.000000, 
51.004658, 0.000000, 
52.213306, 0.000000, 
53.012812, 0.000000, 
53.710346, 0.000000, 
54.875024, 0.000000, 
56.065709, 0.000000, 
56.932481, 0.000000, 
58.439664, 0.000000, 
58.821388, 0.000000, 
59.799571, 0.000000, 
60.943818, 0.000000, 
61.599717, 0.000000, 
63.254330, 0.000000, 
63.807994, 0.000000, 
64.612255, 0.000000, 
65.682702, 0.000000, 
67.366303, 0.000000, 
67.533467, 0.000000, 
69.084791, 0.000000, 
70.125641, 0.000000, 
71.082705, 0.000000, 
72.235197, 0.000000, 
72.530141, 0.000000, 
74.087615, 0.000000, 
75.113418, 0.000000, 
75.572755, 0.000000, 
76.713278, 0.000000, 
78.044876, 0.000000, 
79.297249, 0.000000, 
80.124952, 0.000000, 
80.835983, 0.000000, 
82.337633, 0.000000, 
82.985453, 0.000000, 
84.264714, 0.000000, 
84.735986, 0.000000, 
85.551986, 0.000000, 
87.447234, 0.000000, 
88.274113, 0.000000, 
88.709710, 0.000000, 
90.248313, 0.000000, 
90.880000, 0.000000, 
92.079172, 0.000000, 
92.914363, 0.000000, 
94.389943, 0.000000, 
94.665501, 0.000000, 
95.906745, 0.000000, 
96.645623, 0.000000, 
97.899142, 0.000000, 
98.826662, 0.000000, 
99.869996, 0.000000, 
100.586500, 0.000000, 
101.828057, 0.000000, 
102.683721, 0.000000, 
103.738890, 0.000000, 
105.390027, 0.000000, 
105.871202, 0.000000, 
107.453523, 0.000000, 
107.999809, 0.000000, 
109.031170, 0.000000, 
109.876474, 0.000000, 
111.078259, 0.000000, 
112.166105, 0.000000, 
112.983316, 0.000000, 
114.026579, 0.000000, 
115.301119, 0.000000, 
116.335253, 0.000000, 
117.037535, 0.000000, 
117.905858, 0.000000, 
118.527065, 0.000000, 
120.012054, 0.000000, 
121.388222, 0.000000, 
122.122216, 0.000000, 
122.671717, 0.000000, 
124.498268, 0.000000, 
125.064466, 0.000000, 
126.201383, 0.000000, 
126.559871, 0.000000, 
127.594891, 0.000000, 
129.099958, 0.000000, 
130.232361, 0.000000, 
131.347519, 0.000000, 
132.161918, 0.000000, 
133.368727, 0.000000, 
134.176907, 0.000000, 
134.529105, 0.000000, 
136.426407, 0.000000, 
136.698412, 0.000000, 
138.189024, 0.000000, 
139.399565, 0.000000, 
140.354308, 0.000000, 
140.894314, 0.000000, 
142.318236, 0.000000, 
142.937813, 0.000000, 
143.692573, 0.000000, 
145.000402, 0.000000, 
146.288677, 0.000000, 
146.575062, 0.000000, 
147.503946, 0.000000, 
148.657327, 0.000000, 
150.069558, 0.000000, 
150.621974, 0.000000, 
151.642897, 0.000000, 
153.229573, 0.000000, 
154.155213, 0.000000, 
155.358195, 0.000000, 
155.801245, 0.000000, 
157.457904, 0.000000, 
158.342405, 0.000000, 
158.892216, 0.000000, 
159.795911, 0.000000, 
161.046741, 0.000000, 
161.914976, 0.000000, 
163.458881, 0.000000, 
163.757163, 0.000000, 
164.790769, 0.000000, 
166.088634, 0.000000, 
167.393746, 0.000000, 
167.799822, 0.000000, 
169.489061, 0.000000, 
170.433057, 0.000000, 
171.233898, 0.000000, 
172.486131, 0.000000, 
172.672619, 0.000000, 
173.511171, 0.000000, 
175.272442, 0.000000, 
175.684164, 0.000000, 
177.138644, 0.000000, 
178.193010, 0.000000, 
179.202872, 0.000000, 
180.299468, 0.000000, 
181.475793, 0.000000, 
182.314314, 0.000000, 
182.953953, 0.000000, 
184.190840, 0.000000, 
185.082983, 0.000000, 
186.101014, 0.000000, 
187.067569, 0.000000, 
187.848677, 0.000000, 
189.249552, 0.000000, 
189.861476, 0.000000, 
190.599877, 0.000000, 
191.799302, 0.000000, 
193.321538, 0.000000, 
193.969808, 0.000000, 
194.867902, 0.000000, 
195.949576, 0.000000, 
197.337522, 0.000000, 
197.728776, 0.000000, 
199.076445, 0.000000, 
