0.125236, 0.000000, 
1.135260, 0.000000, 
1.987330, 0.000000, 
3.092792, 0.000000, 
3.913725, 0.000000, 
5.037566, 0.000000, 
6.032829, 0.000000, 
7.015097, 0.000000, 
7.913834, 0.000000, 
8.970123, 0.000000, 
10.123226, 0.000000, 
10.950480, 0.000000, 
12.106113, 0.000000, 
12.947792, 0.000000, 
14.160510, 0.000000, 
15.174571, 0.000000, 
16.115685, 0.000000, 
17.009022, 0.000000, 
17.980847, 0.000000, 
18.883141, 0.000000, 
19.822537, 0.000000, 
21.025846, 0.000000, 
22.080339, 0.000000, 
23.121398, 0.000000, 
24.187039, 0.000000, 
25.065619, 0.000000, 
26.108703, 0.000000, 
27.081167, 0.000000, 
27.948964, 0.000000, 
28.857434, 0.000000, 
30.044714, 0.000000, 
31.084892, 0.000000, 
32.167294, 0.000000, 
33.174973, 0.000000, 
34.052785, 0.000000, 
35.159510, 0.000000, 
36.071534, 0.000000, 
37.156582, 0.000000, 
38.197394, 0.000000, 
39.020745, 0.000000, 
40.031501, 0.000000, 
40.951436, 0.000000, 
42.135536, 0.000000, 
43.002178, 0.000000, 
44.104320, 0.000000, 
44.923905, 0.000000, 
46.176990, 0.000000, 
46.943811, 0.000000, 
48.173988, 0.000000, 
49.070469, 0.000000, 
50.096030, 0.000000, 
51.161620, 0.000000, 
52.128724, 0.000000, 
52.987714, 0.000000, 
54.126659, 0.000000, 
55.089638, 0.000000, 
56.055313, 0.000000, 
56.864284, 0.000000, 
58.046677, 0.000000, 
58.965744, 0.000000, 
60.018824, 0.000000, 
60.917575, 0.000000, 
62.144365, 0.000000, 
62.971746, 0.000000, 
63.854813, 0.000000, 
64.830433, 0.000000, 
65.984904, 0.000000, 
66.879994, 0.000000, 
67.968578, 0.000000, 
69.120155, 0.000000, 
69.829201, 0.000000, 
70.854429, 0.000000, 
71.893087, 0.000000, 
72.974281, 0.000000, 
74.192908, 0.000000, 
74.897895, 0.000000, 
75.835001, 0.000000, 
77.164444, 0.000000, 
77.836073, 0.000000, 
78.839445, 0.000000, 
80.186808, 0.000000, 
81.119962, 0.000000, 
81.953562, 0.000000, 
83.137598, 0.000000, 
83.955805, 0.000000, 
85.062427, 0.000000, 
85.982519, 0.000000, 
86.890271, 0.000000, 
87.802839, 0.000000, 
88.856421, 0.000000, 
89.866091, 0.000000, 
91.004029, 0.000000, 
91.920679, 0.000000, 
93.141994, 0.000000, 
93.835571, 0.000000, 
95.153595, 0.000000, 
95.961718, 0.000000, 
96.899033, 0.000000, 
98.198731, 0.000000, 
98.984774, 0.000000, 
99.831290, 0.000000, 
100.994285, 0.000000, 
101.879010, 0.000000, 
102.938264, 0.000000, 
103.901593, 0.000000, 
104.929048, 0.000000, 
106.144622, 0.000000, 
107.152084, 0.000000, 
108.054912, 0.000000, 
109.128370, 0.000000, 
109.857503, 0.000000, 
110.934576, 0.000000, 
112.006934, 0.000000, 
112.960210, 0.000000, 
113.825938, 0.000000, 
114.938517, 0.000000, 
116.138249, 0.000000, 
117.125761, 0.000000, 
118.085025, 0.000000, 
118.838767, 0.000000, 
119.905759, 0.000000, 
120.934655, 0.000000, 
121.905547, 0.000000, 
123.082172, 0.000000, 
123.819612, 0.000000, 
125.090331, 0.000000, 
125.854836, 0.000000, 
126.924518, 0.000000, 
128.150092, 0.000000, 
128.823770, 0.000000, 
130.095971, 0.000000, 
130.840431, 0.000000, 
131.925791, 0.000000, 
133.117349, 0.000000, 
134.070729, 0.000000, 
135.107994, 0.000000, 
135.949934, 0.000000, 
137.093487, 0.000000, 
137.966188, 0.000000, 
138.993134, 0.000000, 
140.128707, 0.000000, 
140.989519, 0.000000, 
142.053903, 0.000000, 
143.163732, 0.000000, 
144.094477, 0.000000, 
144.994006, 0.000000, 
146.173069, 0.000000, 
147.174358, 0.000000, 
147.830186, 0.000000, 
148.915359, 0.000000, 
149.949349, 0.000000, 
151.135768, 0.000000, 
151.939167, 0.000000, 
152.973602, 0.000000, 
154.119091, 0.000000, 
154.833270, 0.000000, 
156.130399, 0.000000, 
157.197431, 0.000000, 
157.822851, 0.000000, 
158.976254, 0.000000, 
159.901106, 0.000000, 
161.075442, 0.000000, 
162.026066, 0.000000, 
162.886966, 0.000000, 
164.041146, 0.000000, 
164.809611, 0.000000, 
165.928164, 0.000000, 
167.120963, 0.000000, 
168.105178, 0.000000, 
168.801707, 0.000000, 
169.826421, 0.000000, 
171.147441, 0.000000, 
171.945002, 0.000000, 
173.182913, 0.000000, 
174.041509, 0.000000, 
174.837265, 0.000000, 
176.116586, 0.000000, 
177.150067, 0.000000, 
178.181830, 0.000000, 
179.082932, 0.000000, 
179.883366, 0.000000, 
180.934892, 0.000000, 
181.986933, 0.000000, 
183.155827, 0.000000, 
183.800233, 0.000000, 
184.843294, 0.000000, 
185.874612, 0.000000, 
186.979589, 0.000000, 
187.868114, 0.000000, 
189.120687, 0.000000, 
189.858803, 0.000000, 
191.042427, 0.000000, 
192.100120, 0.000000, 
193.119974, 0.000000, 
194.097649, 0.000000, 
195.066041, 0.000000, 
195.865323, 0.000000, 
196.946595, 0.000000, 
197.914884, 0.000000, 
198.824000, 0.000000, 
