0.099471, 0.000000, 
0.843077, 0.000000, 
2.016614, 0.000000, 
2.772362, 0.000000, 
4.151489, 0.000000, 
4.860556, 0.000000, 
5.974135, 0.000000, 
7.080476, 0.000000, 
8.234732, 0.000000, 
8.813824, 0.000000, 
10.123843, 0.000000, 
11.168885, 0.000000, 
12.013215, 0.000000, 
13.238390, 0.000000, 
13.910160, 0.000000, 
14.960197, 0.000000, 
16.077150, 0.000000, 
16.930235, 0.000000, 
17.882554, 0.000000, 
19.074835, 0.000000, 
19.938779, 0.000000, 
20.890120, 0.000000, 
21.845939, 0.000000, 
23.088786, 0.000000, 
24.036687, 0.000000, 
24.995668, 0.000000, 
25.937360, 0.000000, 
26.944180, 0.000000, 
27.744150, 0.000000, 
28.830345, 0.000000, 
30.249814, 0.000000, 
31.129281, 0.000000, 
31.835845, 0.000000, 
32.968963, 0.000000, 
34.073556, 0.000000, 
34.975944, 0.000000, 
35.905558, 0.000000, 
36.897860, 0.000000, 
37.996368, 0.000000, 
39.253937, 0.000000, 
39.840566, 0.000000, 
40.996326, 0.000000, 
42.096367, 0.000000, 
42.835554, 0.000000, 
44.134516, 0.000000, 
44.776753, 0.000000, 
45.987207, 0.000000, 
47.298712, 0.000000, 
47.795421, 0.000000, 
49.073590, 0.000000, 
50.296207, 0.000000, 
51.133715, 0.000000, 
51.803435, 0.000000, 
53.241850, 0.000000, 
53.781472, 0.000000, 
55.200796, 0.000000, 
56.222382, 0.000000, 
56.742774, 0.000000, 
57.903200, 0.000000, 
58.879303, 0.000000, 
59.968892, 0.000000, 
60.767141, 0.000000, 
61.704374, 0.000000, 
62.860675, 0.000000, 
63.983854, 0.000000, 
65.072076, 0.000000, 
65.718389, 0.000000, 
66.822179, 0.000000, 
68.229008, 0.000000, 
69.004861, 0.000000, 
69.858014, 0.000000, 
71.227378, 0.000000, 
72.104424, 0.000000, 
72.848155, 0.000000, 
74.172008, 0.000000, 
75.185057, 0.000000, 
76.195697, 0.000000, 
77.112584, 0.000000, 
77.760041, 0.000000, 
78.727809, 0.000000, 
79.863161, 0.000000, 
80.842362, 0.000000, 
81.871222, 0.000000, 
82.976885, 0.000000, 
83.706121, 0.000000, 
84.707490, 0.000000, 
85.914849, 0.000000, 
86.744485, 0.000000, 
87.848542, 0.000000, 
88.817300, 0.000000, 
90.010316, 0.000000, 
91.122731, 0.000000, 
92.106157, 0.000000, 
93.242326, 0.000000, 
94.173967, 0.000000, 
94.774019, 0.000000, 
95.963029, 0.000000, 
96.982257, 0.000000, 
97.907699, 0.000000, 
98.714129, 0.000000, 
99.807524, 0.000000, 
101.272829, 0.000000, 
101.867243, 0.000000, 
103.171319, 0.000000, 
104.188429, 0.000000, 
104.924582, 0.000000, 
106.272440, 0.000000, 
106.732233, 0.000000, 
107.900860, 0.000000, 
109.137408, 0.000000, 
110.032190, 0.000000, 
110.869029, 0.000000, 
112.168092, 0.000000, 
113.137460, 0.000000, 
113.816737, 0.000000, 
115.268830, 0.000000, 
116.203404, 0.000000, 
117.044820, 0.000000, 
118.213967, 0.000000, 
118.949765, 0.000000, 
120.232146, 0.000000, 
121.189832, 0.000000, 
122.115201, 0.000000, 
123.130939, 0.000000, 
124.055540, 0.000000, 
124.845098, 0.000000, 
125.834961, 0.000000, 
127.161126, 0.000000, 
128.076924, 0.000000, 
128.773949, 0.000000, 
130.207185, 0.000000, 
130.764994, 0.000000, 
131.810822, 0.000000, 
133.006883, 0.000000, 
134.024440, 0.000000, 
135.020457, 0.000000, 
136.129315, 0.000000, 
137.188922, 0.000000, 
138.135284, 0.000000, 
138.711427, 0.000000, 
140.078607, 0.000000, 
140.731041, 0.000000, 
141.827701, 0.000000, 
143.084117, 0.000000, 
143.742407, 0.000000, 
144.813599, 0.000000, 
145.814494, 0.000000, 
146.789217, 0.000000, 
147.906818, 0.000000, 
149.124289, 0.000000, 
150.074732, 0.000000, 
151.014197, 0.000000, 
151.754724, 0.000000, 
152.878418, 0.000000, 
154.166151, 0.000000, 
155.048727, 0.000000, 
156.042561, 0.000000, 
156.703006, 0.000000, 
157.932997, 0.000000, 
159.180949, 0.000000, 
159.749600, 0.000000, 
161.273300, 0.000000, 
161.736683, 0.000000, 
162.894688, 0.000000, 
163.928560, 0.000000, 
165.100948, 0.000000, 
165.842650, 0.000000, 
166.835307, 0.000000, 
168.089871, 0.000000, 
168.884568, 0.000000, 
169.917875, 0.000000, 
171.135943, 0.000000, 
172.191195, 0.000000, 
172.867542, 0.000000, 
173.706209, 0.000000, 
175.088422, 0.000000, 
176.085596, 0.000000, 
176.888396, 0.000000, 
177.740400, 0.000000, 
178.797110, 0.000000, 
180.200162, 0.000000, 
180.930853, 0.000000, 
181.936257, 0.000000, 
183.226643, 0.000000, 
183.920820, 0.000000, 
184.757109, 0.000000, 
185.790259, 0.000000, 
186.838361, 0.000000, 
187.861645, 0.000000, 
188.946733, 0.000000, 
189.748744, 0.000000, 
191.268182, 0.000000, 
191.873465, 0.000000, 
192.845034, 0.000000, 
193.968194, 0.000000, 
194.767072, 0.000000, 
196.104818, 0.000000, 
197.296958, 0.000000, 
197.732841, 0.000000, 
198.989822, 0.000000, 
