0.227751, 0.000000, 
1.436655, 0.000000, 
2.299065, 0.000000, 
3.477482, 0.000000, 
3.561260, 0.000000, 
4.856665, 0.000000, 
5.530366, 0.000000, 
7.228611, 0.000000, 
7.568204, 0.000000, 
8.524784, 0.000000, 
9.971705, 0.000000, 
11.192675, 0.000000, 
11.889612, 0.000000, 
13.204701, 0.000000, 
13.585137, 0.000000, 
15.400991, 0.000000, 
16.345670, 0.000000, 
16.756293, 0.000000, 
17.871828, 0.000000, 
18.915780, 0.000000, 
19.656541, 0.000000, 
21.049821, 0.000000, 
22.456069, 0.000000, 
22.591805, 0.000000, 
24.196114, 0.000000, 
25.423697, 0.000000, 
25.934448, 0.000000, 
26.814778, 0.000000, 
27.879743, 0.000000, 
28.734141, 0.000000, 
29.502422, 0.000000, 
31.072852, 0.000000, 
32.029468, 0.000000, 
33.161095, 0.000000, 
34.018202, 0.000000, 
35.494418, 0.000000, 
36.031510, 0.000000, 
37.362593, 0.000000, 
37.674367, 0.000000, 
38.927447, 0.000000, 
40.333368, 0.000000, 
40.529875, 0.000000, 
41.564306, 0.000000, 
42.539058, 0.000000, 
43.870661, 0.000000, 
44.870693, 0.000000, 
46.037184, 0.000000, 
47.134620, 0.000000, 
47.758951, 0.000000, 
48.644695, 0.000000, 
49.548565, 0.000000, 
50.623044, 0.000000, 
52.224764, 0.000000, 
52.651364, 0.000000, 
53.778764, 0.000000, 
54.583631, 0.000000, 
55.811171, 0.000000, 
57.192661, 0.000000, 
57.615618, 0.000000, 
58.772014, 0.000000, 
59.630341, 0.000000, 
61.130255, 0.000000, 
61.905369, 0.000000, 
62.746155, 0.000000, 
63.617479, 0.000000, 
65.169460, 0.000000, 
65.883202, 0.000000, 
66.516047, 0.000000, 
68.145614, 0.000000, 
69.044540, 0.000000, 
70.050540, 0.000000, 
70.540265, 0.000000, 
72.094346, 0.000000, 
72.801787, 0.000000, 
74.048671, 0.000000, 
74.877567, 0.000000, 
76.473654, 0.000000, 
77.238267, 0.000000, 
78.316772, 0.000000, 
78.964366, 0.000000, 
79.627981, 0.000000, 
81.263388, 0.000000, 
81.875015, 0.000000, 
82.718676, 0.000000, 
84.291986, 0.000000, 
84.822835, 0.000000, 
85.955748, 0.000000, 
87.300097, 0.000000, 
88.445074, 0.000000, 
89.151930, 0.000000, 
90.328124, 0.000000, 
90.830211, 0.000000, 
91.718058, 0.000000, 
92.804247, 0.000000, 
93.775016, 0.000000, 
95.236181, 0.000000, 
96.016983, 0.000000, 
96.521488, 0.000000, 
97.649825, 0.000000, 
99.496412, 0.000000, 
99.586111, 0.000000, 
100.786675, 0.000000, 
101.975365, 0.000000, 
103.492521, 0.000000, 
104.275608, 0.000000, 
105.453433, 0.000000, 
106.025312, 0.000000, 
107.449284, 0.000000, 
108.264274, 0.000000, 
109.205158, 0.000000, 
110.367642, 0.000000, 
110.920885, 0.000000, 
112.376164, 0.000000, 
113.429625, 0.000000, 
114.111390, 0.000000, 
115.140993, 0.000000, 
115.821535, 0.000000, 
117.258456, 0.000000, 
118.305938, 0.000000, 
119.434687, 0.000000, 
120.115068, 0.000000, 
120.740005, 0.000000, 
121.741305, 0.000000, 
122.824243, 0.000000, 
124.355270, 0.000000, 
124.721915, 0.000000, 
125.563884, 0.000000, 
127.366101, 0.000000, 
127.648966, 0.000000, 
128.989808, 0.000000, 
129.544518, 0.000000, 
131.088068, 0.000000, 
131.533910, 0.000000, 
133.290730, 0.000000, 
133.713623, 0.000000, 
135.400635, 0.000000, 
135.512984, 0.000000, 
136.919517, 0.000000, 
137.844798, 0.000000, 
138.866280, 0.000000, 
139.794418, 0.000000, 
140.580620, 0.000000, 
142.391608, 0.000000, 
142.729728, 0.000000, 
143.531283, 0.000000, 
145.220249, 0.000000, 
145.772521, 0.000000, 
146.525856, 0.000000, 
148.053952, 0.000000, 
148.987792, 0.000000, 
150.343183, 0.000000, 
151.471391, 0.000000, 
151.799680, 0.000000, 
153.027056, 0.000000, 
153.522653, 0.000000, 
154.580802, 0.000000, 
155.788968, 0.000000, 
157.391174, 0.000000, 
158.214932, 0.000000, 
158.601843, 0.000000, 
160.076160, 0.000000, 
161.325332, 0.000000, 
162.447945, 0.000000, 
163.121439, 0.000000, 
163.985123, 0.000000, 
164.720919, 0.000000, 
165.931650, 0.000000, 
166.715107, 0.000000, 
167.614011, 0.000000, 
168.664150, 0.000000, 
170.145829, 0.000000, 
170.847688, 0.000000, 
172.456680, 0.000000, 
173.287603, 0.000000, 
173.746537, 0.000000, 
174.626352, 0.000000, 
175.841016, 0.000000, 
176.729981, 0.000000, 
178.248627, 0.000000, 
178.808277, 0.000000, 
179.962734, 0.000000, 
180.558213, 0.000000, 
181.600095, 0.000000, 
182.862283, 0.000000, 
184.434433, 0.000000, 
185.380557, 0.000000, 
186.241924, 0.000000, 
187.021928, 0.000000, 
187.835909, 0.000000, 
189.216636, 0.000000, 
190.333788, 0.000000, 
191.409445, 0.000000, 
191.878627, 0.000000, 
193.074314, 0.000000, 
194.497921, 0.000000, 
194.683602, 0.000000, 
195.503058, 0.000000, 
196.551254, 0.000000, 
198.305266, 0.000000, 
199.142353, 0.000000, 
