-0.007692, 0.000000, 
0.832917, 0.000000, 
2.163704, 0.000000, 
3.005010, 0.000000, 
3.986210, 0.000000, 
5.057383, 0.000000, 
6.052293, 0.000000, 
7.156486, 0.000000, 
7.852088, 0.000000, 
9.063218, 0.000000, 
9.830783, 0.000000, 
11.183008, 0.000000, 
12.081437, 0.000000, 
13.197780, 0.000000, 
13.960543, 0.000000, 
14.906950, 0.000000, 
15.935411, 0.000000, 
16.998454, 0.000000, 
17.965925, 0.000000, 
18.811528, 0.000000, 
19.839164, 0.000000, 
21.116951, 0.000000, 
22.003201, 0.000000, 
22.958635, 0.000000, 
23.944262, 0.000000, 
25.021198, 0.000000, 
26.047008, 0.000000, 
26.969425, 0.000000, 
28.038782, 0.000000, 
29.199168, 0.000000, 
30.098091, 0.000000, 
31.035821, 0.000000, 
31.838529, 0.000000, 
33.153411, 0.000000, 
33.840359, 0.000000, 
34.867079, 0.000000, 
36.051333, 0.000000, 
36.838496, 0.000000, 
38.117283, 0.000000, 
39.109228, 0.000000, 
39.946788, 0.000000, 
40.954243, 0.000000, 
41.998690, 0.000000, 
42.842904, 0.000000, 
43.949188, 0.000000, 
45.054173, 0.000000, 
46.106689, 0.000000, 
47.091114, 0.000000, 
48.181435, 0.000000, 
49.186911, 0.000000, 
49.801005, 0.000000, 
51.178736, 0.000000, 
51.861798, 0.000000, 
53.158387, 0.000000, 
53.857251, 0.000000, 
54.856406, 0.000000, 
55.964232, 0.000000, 
56.936631, 0.000000, 
58.184976, 0.000000, 
58.875454, 0.000000, 
60.055460, 0.000000, 
61.150049, 0.000000, 
61.965825, 0.000000, 
62.892200, 0.000000, 
64.091815, 0.000000, 
64.902097, 0.000000, 
66.022363, 0.000000, 
67.181922, 0.000000, 
68.026283, 0.000000, 
68.983792, 0.000000, 
70.129622, 0.000000, 
70.936954, 0.000000, 
71.867243, 0.000000, 
73.068931, 0.000000, 
73.854818, 0.000000, 
75.104295, 0.000000, 
75.969229, 0.000000, 
77.144325, 0.000000, 
77.813846, 0.000000, 
79.089673, 0.000000, 
79.982586, 0.000000, 
81.056660, 0.000000, 
82.009498, 0.000000, 
83.135770, 0.000000, 
83.949245, 0.000000, 
84.963170, 0.000000, 
86.150422, 0.000000, 
86.842987, 0.000000, 
87.965809, 0.000000, 
89.082073, 0.000000, 
90.198785, 0.000000, 
91.026839, 0.000000, 
91.898651, 0.000000, 
93.098487, 0.000000, 
94.120944, 0.000000, 
94.912601, 0.000000, 
96.087726, 0.000000, 
97.047667, 0.000000, 
97.987007, 0.000000, 
99.082532, 0.000000, 
99.902005, 0.000000, 
100.909993, 0.000000, 
102.075856, 0.000000, 
102.824635, 0.000000, 
104.176246, 0.000000, 
104.838886, 0.000000, 
105.936427, 0.000000, 
107.076713, 0.000000, 
108.183093, 0.000000, 
108.995026, 0.000000, 
110.089829, 0.000000, 
110.892896, 0.000000, 
112.178604, 0.000000, 
113.128637, 0.000000, 
114.090141, 0.000000, 
115.193950, 0.000000, 
115.835378, 0.000000, 
116.928060, 0.000000, 
117.820469, 0.000000, 
119.152722, 0.000000, 
119.956319, 0.000000, 
121.040825, 0.000000, 
121.995294, 0.000000, 
123.024777, 0.000000, 
123.923932, 0.000000, 
125.189724, 0.000000, 
125.822860, 0.000000, 
127.152668, 0.000000, 
128.097755, 0.000000, 
129.118734, 0.000000, 
129.957692, 0.000000, 
130.965891, 0.000000, 
131.806773, 0.000000, 
133.106453, 0.000000, 
133.980772, 0.000000, 
135.177653, 0.000000, 
135.973353, 0.000000, 
137.071342, 0.000000, 
137.919203, 0.000000, 
138.941271, 0.000000, 
139.852096, 0.000000, 
141.122277, 0.000000, 
142.064482, 0.000000, 
143.088048, 0.000000, 
144.066900, 0.000000, 
145.183248, 0.000000, 
145.822504, 0.000000, 
146.828859, 0.000000, 
147.872568, 0.000000, 
149.165243, 0.000000, 
149.921126, 0.000000, 
151.003045, 0.000000, 
151.957885, 0.000000, 
153.012929, 0.000000, 
153.801004, 0.000000, 
155.056120, 0.000000, 
156.147601, 0.000000, 
157.118302, 0.000000, 
157.942361, 0.000000, 
159.125159, 0.000000, 
159.894705, 0.000000, 
161.111752, 0.000000, 
161.947833, 0.000000, 
163.104881, 0.000000, 
163.855799, 0.000000, 
164.990774, 0.000000, 
166.035075, 0.000000, 
167.154936, 0.000000, 
168.121236, 0.000000, 
168.945095, 0.000000, 
170.113360, 0.000000, 
170.967680, 0.000000, 
171.822864, 0.000000, 
173.131702, 0.000000, 
173.834963, 0.000000, 
174.889252, 0.000000, 
176.151914, 0.000000, 
176.858341, 0.000000, 
177.832840, 0.000000, 
178.967704, 0.000000, 
179.953371, 0.000000, 
181.039229, 0.000000, 
182.064945, 0.000000, 
183.167394, 0.000000, 
183.960376, 0.000000, 
185.175322, 0.000000, 
186.148552, 0.000000, 
186.941891, 0.000000, 
188.058778, 0.000000, 
188.847552, 0.000000, 
190.059278, 0.000000, 
191.182292, 0.000000, 
192.051237, 0.000000, 
193.075389, 0.000000, 
193.990913, 0.000000, 
194.929292, 0.000000, 
195.980749, 0.000000, 
197.121809, 0.000000, 
198.170607, 0.000000, 
199.123344, 0.000000, 
