0.032954, 0.000000, 
0.926979, 0.000000, 
2.093947, 0.000000, 
2.981948, 0.000000, 
3.981167, 0.000000, 
5.054903, 0.000000, 
5.913137, 0.000000, 
6.928738, 0.000000, 
7.966994, 0.000000, 
9.070710, 0.000000, 
9.933942, 0.000000, 
10.949234, 0.000000, 
12.011256, 0.000000, 
13.033358, 0.000000, 
14.088690, 0.000000, 
15.093865, 0.000000, 
15.939001, 0.000000, 
17.098764, 0.000000, 
18.080788, 0.000000, 
18.985077, 0.000000, 
19.990660, 0.000000, 
21.072893, 0.000000, 
22.087475, 0.000000, 
23.022867, 0.000000, 
24.034550, 0.000000, 
24.991132, 0.000000, 
26.048777, 0.000000, 
27.041805, 0.000000, 
28.049768, 0.000000, 
29.027729, 0.000000, 
29.903353, 0.000000, 
31.028817, 0.000000, 
32.072196, 0.000000, 
32.918147, 0.000000, 
33.962941, 0.000000, 
35.004893, 0.000000, 
35.970027, 0.000000, 
37.035204, 0.000000, 
37.974667, 0.000000, 
39.061452, 0.000000, 
39.983425, 0.000000, 
40.923779, 0.000000, 
42.083127, 0.000000, 
42.914438, 0.000000, 
44.084333, 0.000000, 
45.036834, 0.000000, 
45.932048, 0.000000, 
46.963514, 0.000000, 
47.982149, 0.000000, 
49.071932, 0.000000, 
50.091151, 0.000000, 
50.921107, 0.000000, 
51.976933, 0.000000, 
52.935868, 0.000000, 
53.927788, 0.000000, 
55.090570, 0.000000, 
56.073989, 0.000000, 
56.913005, 0.000000, 
58.023269, 0.000000, 
58.911296, 0.000000, 
59.940239, 0.000000, 
61.006347, 0.000000, 
61.981133, 0.000000, 
62.940451, 0.000000, 
63.964185, 0.000000, 
64.991248, 0.000000, 
65.972984, 0.000000, 
67.054635, 0.000000, 
68.067688, 0.000000, 
68.975074, 0.000000, 
69.999646, 0.000000, 
71.001193, 0.000000, 
71.941020, 0.000000, 
73.032299, 0.000000, 
73.968071, 0.000000, 
75.043037, 0.000000, 
75.942286, 0.000000, 
77.052590, 0.000000, 
77.993032, 0.000000, 
78.986438, 0.000000, 
80.043762, 0.000000, 
81.090486, 0.000000, 
81.917717, 0.000000, 
82.911920, 0.000000, 
83.921076, 0.000000, 
84.972510, 0.000000, 
85.949218, 0.000000, 
86.914908, 0.000000, 
87.921070, 0.000000, 
89.000270, 0.000000, 
89.982967, 0.000000, 
91.064634, 0.000000, 
91.914452, 0.000000, 
93.017165, 0.000000, 
93.949459, 0.000000, 
94.974405, 0.000000, 
96.098181, 0.000000, 
97.066983, 0.000000, 
98.067039, 0.000000, 
98.901256, 0.000000, 
100.087411, 0.000000, 
100.971002, 0.000000, 
102.031586, 0.000000, 
102.929021, 0.000000, 
104.049423, 0.000000, 
105.027032, 0.000000, 
106.008751, 0.000000, 
106.931671, 0.000000, 
107.992256, 0.000000, 
108.974744, 0.000000, 
110.051356, 0.000000, 
110.955463, 0.000000, 
112.011514, 0.000000, 
112.939787, 0.000000, 
113.956095, 0.000000, 
115.026645, 0.000000, 
115.952253, 0.000000, 
117.024895, 0.000000, 
118.036151, 0.000000, 
119.093167, 0.000000, 
119.969887, 0.000000, 
121.046169, 0.000000, 
122.050870, 0.000000, 
123.053493, 0.000000, 
123.981215, 0.000000, 
124.952683, 0.000000, 
125.954357, 0.000000, 
127.090587, 0.000000, 
128.094180, 0.000000, 
129.071902, 0.000000, 
129.900217, 0.000000, 
131.033203, 0.000000, 
131.985149, 0.000000, 
133.081410, 0.000000, 
134.018086, 0.000000, 
134.956371, 0.000000, 
136.086972, 0.000000, 
137.021472, 0.000000, 
137.917481, 0.000000, 
139.055096, 0.000000, 
139.976620, 0.000000, 
141.082901, 0.000000, 
141.931495, 0.000000, 
143.008400, 0.000000, 
143.921674, 0.000000, 
144.955708, 0.000000, 
145.947851, 0.000000, 
147.035241, 0.000000, 
147.996947, 0.000000, 
149.097675, 0.000000, 
150.031350, 0.000000, 
150.984397, 0.000000, 
151.920334, 0.000000, 
153.073712, 0.000000, 
154.013223, 0.000000, 
154.982895, 0.000000, 
155.904130, 0.000000, 
156.982766, 0.000000, 
158.066012, 0.000000, 
158.954900, 0.000000, 
160.033526, 0.000000, 
160.921856, 0.000000, 
161.967965, 0.000000, 
163.025821, 0.000000, 
164.085671, 0.000000, 
164.919003, 0.000000, 
165.902907, 0.000000, 
166.926676, 0.000000, 
167.929920, 0.000000, 
168.969166, 0.000000, 
170.058663, 0.000000, 
170.975284, 0.000000, 
171.946082, 0.000000, 
173.034794, 0.000000, 
173.980336, 0.000000, 
175.046502, 0.000000, 
175.983697, 0.000000, 
177.042408, 0.000000, 
178.042095, 0.000000, 
178.920712, 0.000000, 
180.048570, 0.000000, 
181.075669, 0.000000, 
182.070953, 0.000000, 
183.059037, 0.000000, 
183.966639, 0.000000, 
185.077326, 0.000000, 
185.918991, 0.000000, 
186.904776, 0.000000, 
188.083783, 0.000000, 
188.946270, 0.000000, 
189.976185, 0.000000, 
191.089495, 0.000000, 
191.983839, 0.000000, 
192.955951, 0.000000, 
194.093258, 0.000000, 
194.969748, 0.000000, 
196.063639, 0.000000, 
196.909000, 0.000000, 
198.068667, 0.000000, 
198.992548, 0.000000, 
