-0.142533, 0.000000, 
1.190657, 0.000000, 
2.385064, 0.000000, 
2.875194, 0.000000, 
3.759634, 0.000000, 
5.341404, 0.000000, 
5.877298, 0.000000, 
7.038119, 0.000000, 
8.395457, 0.000000, 
9.222082, 0.000000, 
10.121419, 0.000000, 
10.948969, 0.000000, 
11.705866, 0.000000, 
12.960888, 0.000000, 
14.092348, 0.000000, 
15.060296, 0.000000, 
16.051360, 0.000000, 
17.301988, 0.000000, 
18.303536, 0.000000, 
18.845001, 0.000000, 
20.371018, 0.000000, 
20.819121, 0.000000, 
21.667968, 0.000000, 
22.872272, 0.000000, 
23.690311, 0.000000, 
24.829820, 0.000000, 
25.978166, 0.000000, 
27.257218, 0.000000, 
27.986527, 0.000000, 
29.137485, 0.000000, 
30.369974, 0.000000, 
31.156069, 0.000000, 
32.388162, 0.000000, 
33.388374, 0.000000, 
33.692708, 0.000000, 
35.167196, 0.000000, 
36.305422, 0.000000, 
37.095455, 0.000000, 
38.092805, 0.000000, 
38.888682, 0.000000, 
39.782138, 0.000000, 
40.692345, 0.000000, 
41.859805, 0.000000, 
42.806836, 0.000000, 
43.760253, 0.000000, 
44.956638, 0.000000, 
46.335634, 0.000000, 
47.195001, 0.000000, 
47.907470, 0.000000, 
48.796817, 0.000000, 
50.002237, 0.000000, 
50.825237, 0.000000, 
51.850143, 0.000000, 
52.985836, 0.000000, 
54.326957, 0.000000, 
55.297786, 0.000000, 
55.730943, 0.000000, 
56.967548, 0.000000, 
57.931650, 0.000000, 
58.884604, 0.000000, 
60.134792, 0.000000, 
61.186137, 0.000000, 
62.183608, 0.000000, 
63.096723, 0.000000, 
64.395822, 0.000000, 
65.092891, 0.000000, 
66.165136, 0.000000, 
67.316792, 0.000000, 
68.047853, 0.000000, 
69.317361, 0.000000, 
70.371838, 0.000000, 
71.377871, 0.000000, 
71.712024, 0.000000, 
72.951867, 0.000000, 
73.853021, 0.000000, 
75.090676, 0.000000, 
75.723843, 0.000000, 
76.691304, 0.000000, 
78.038099, 0.000000, 
78.711353, 0.000000, 
80.391929, 0.000000, 
81.395533, 0.000000, 
82.260880, 0.000000, 
82.634893, 0.000000, 
84.252087, 0.000000, 
85.284546, 0.000000, 
86.261601, 0.000000, 
87.138286, 0.000000, 
87.903481, 0.000000, 
89.122743, 0.000000, 
90.345501, 0.000000, 
90.612796, 0.000000, 
91.717014, 0.000000, 
92.980571, 0.000000, 
94.104416, 0.000000, 
94.829253, 0.000000, 
96.181070, 0.000000, 
96.995834, 0.000000, 
97.892886, 0.000000, 
99.373799, 0.000000, 
100.042152, 0.000000, 
101.115759, 0.000000, 
102.269647, 0.000000, 
103.332864, 0.000000, 
104.032438, 0.000000, 
105.197089, 0.000000, 
106.387431, 0.000000, 
107.217985, 0.000000, 
108.235078, 0.000000, 
108.739071, 0.000000, 
109.711227, 0.000000, 
111.399010, 0.000000, 
112.185461, 0.000000, 
112.700115, 0.000000, 
114.181655, 0.000000, 
115.074610, 0.000000, 
116.366996, 0.000000, 
116.955721, 0.000000, 
117.724737, 0.000000, 
119.183831, 0.000000, 
120.206143, 0.000000, 
121.382624, 0.000000, 
122.153447, 0.000000, 
123.226604, 0.000000, 
124.390458, 0.000000, 
124.860869, 0.000000, 
126.140258, 0.000000, 
126.742170, 0.000000, 
128.343091, 0.000000, 
129.056545, 0.000000, 
130.254604, 0.000000, 
130.678107, 0.000000, 
131.715831, 0.000000, 
133.032007, 0.000000, 
133.881187, 0.000000, 
134.638874, 0.000000, 
136.192225, 0.000000, 
137.395472, 0.000000, 
137.687278, 0.000000, 
138.791749, 0.000000, 
139.939443, 0.000000, 
141.109092, 0.000000, 
141.700815, 0.000000, 
142.698741, 0.000000, 
144.127854, 0.000000, 
145.396500, 0.000000, 
145.669919, 0.000000, 
146.962342, 0.000000, 
148.172428, 0.000000, 
148.718482, 0.000000, 
150.084288, 0.000000, 
151.241278, 0.000000, 
152.337341, 0.000000, 
153.397566, 0.000000, 
153.977568, 0.000000, 
155.192280, 0.000000, 
155.686329, 0.000000, 
156.866975, 0.000000, 
157.754678, 0.000000, 
158.995811, 0.000000, 
160.398400, 0.000000, 
160.855417, 0.000000, 
162.020918, 0.000000, 
163.384949, 0.000000, 
164.199570, 0.000000, 
164.626375, 0.000000, 
166.325686, 0.000000, 
166.992040, 0.000000, 
167.610646, 0.000000, 
169.282928, 0.000000, 
170.305009, 0.000000, 
171.002140, 0.000000, 
171.898606, 0.000000, 
172.774979, 0.000000, 
174.073410, 0.000000, 
175.310338, 0.000000, 
175.959863, 0.000000, 
177.037043, 0.000000, 
178.187689, 0.000000, 
179.174516, 0.000000, 
180.278065, 0.000000, 
180.662822, 0.000000, 
182.393920, 0.000000, 
183.191581, 0.000000, 
183.912452, 0.000000, 
185.270858, 0.000000, 
185.713828, 0.000000, 
187.269327, 0.000000, 
187.887074, 0.000000, 
188.676097, 0.000000, 
190.002503, 0.000000, 
190.830023, 0.000000, 
191.798506, 0.000000, 
192.863015, 0.000000, 
194.110524, 0.000000, 
195.026443, 0.000000, 
196.266658, 0.000000, 
196.854247, 0.000000, 
198.062762, 0.000000, 
199.225339, 0.000000, 
