0.046521, 0.000000, 
0.934746, 0.000000, 
1.986701, 0.000000, 
2.908031, 0.000000, 
3.915345, 0.000000, 
5.024889, 0.000000, 
5.965156, 0.000000, 
7.064629, 0.000000, 
7.972281, 0.000000, 
8.960656, 0.000000, 
10.094268, 0.000000, 
10.921495, 0.000000, 
11.976110, 0.000000, 
13.070080, 0.000000, 
13.979149, 0.000000, 
15.025814, 0.000000, 
16.039981, 0.000000, 
17.056685, 0.000000, 
18.089451, 0.000000, 
18.999972, 0.000000, 
19.932470, 0.000000, 
21.014663, 0.000000, 
21.970600, 0.000000, 
23.010863, 0.000000, 
24.012932, 0.000000, 
25.093993, 0.000000, 
25.990550, 0.000000, 
26.956010, 0.000000, 
28.072589, 0.000000, 
28.949899, 0.000000, 
29.966519, 0.000000, 
31.066790, 0.000000, 
32.097305, 0.000000, 
33.036562, 0.000000, 
34.057074, 0.000000, 
35.067567, 0.000000, 
36.005494, 0.000000, 
36.946858, 0.000000, 
38.063474, 0.000000, 
38.911498, 0.000000, 
39.976184, 0.000000, 
41.069156, 0.000000, 
42.019338, 0.000000, 
43.096046, 0.000000, 
43.944522, 0.000000, 
45.000648, 0.000000, 
46.015570, 0.000000, 
46.925670, 0.000000, 
47.900782, 0.000000, 
49.007692, 0.000000, 
49.988502, 0.000000, 
50.952762, 0.000000, 
52.017521, 0.000000, 
53.024195, 0.000000, 
54.061427, 0.000000, 
55.044998, 0.000000, 
55.941982, 0.000000, 
56.941113, 0.000000, 
58.060159, 0.000000, 
59.071317, 0.000000, 
60.041226, 0.000000, 
61.021070, 0.000000, 
62.053666, 0.000000, 
62.927645, 0.000000, 
64.087465, 0.000000, 
64.901522, 0.000000, 
66.015202, 0.000000, 
67.063056, 0.000000, 
67.996666, 0.000000, 
69.019372, 0.000000, 
69.985193, 0.000000, 
70.927254, 0.000000, 
71.953988, 0.000000, 
73.050772, 0.000000, 
73.982592, 0.000000, 
74.989541, 0.000000, 
76.064809, 0.000000, 
77.081929, 0.000000, 
77.942869, 0.000000, 
79.041219, 0.000000, 
80.021349, 0.000000, 
80.907631, 0.000000, 
82.001066, 0.000000, 
82.939762, 0.000000, 
84.096496, 0.000000, 
85.044960, 0.000000, 
86.061551, 0.000000, 
86.978539, 0.000000, 
88.093291, 0.000000, 
89.034491, 0.000000, 
90.041070, 0.000000, 
91.046549, 0.000000, 
91.922304, 0.000000, 
92.976028, 0.000000, 
93.918500, 0.000000, 
94.914453, 0.000000, 
95.980396, 0.000000, 
96.948726, 0.000000, 
97.929307, 0.000000, 
98.990106, 0.000000, 
99.924734, 0.000000, 
101.096421, 0.000000, 
102.045322, 0.000000, 
102.969705, 0.000000, 
104.012414, 0.000000, 
105.094485, 0.000000, 
105.942922, 0.000000, 
107.071917, 0.000000, 
107.908729, 0.000000, 
108.964326, 0.000000, 
110.064146, 0.000000, 
110.917111, 0.000000, 
111.986358, 0.000000, 
112.945504, 0.000000, 
113.976052, 0.000000, 
114.969363, 0.000000, 
115.991780, 0.000000, 
116.974507, 0.000000, 
118.000592, 0.000000, 
119.094074, 0.000000, 
120.035441, 0.000000, 
120.960449, 0.000000, 
122.029002, 0.000000, 
122.974600, 0.000000, 
124.041910, 0.000000, 
125.074100, 0.000000, 
126.052229, 0.000000, 
126.994056, 0.000000, 
128.088247, 0.000000, 
129.036910, 0.000000, 
130.090819, 0.000000, 
130.991862, 0.000000, 
131.944793, 0.000000, 
132.969616, 0.000000, 
134.030282, 0.000000, 
135.038724, 0.000000, 
135.909851, 0.000000, 
136.906986, 0.000000, 
138.037493, 0.000000, 
138.983091, 0.000000, 
139.927918, 0.000000, 
141.096976, 0.000000, 
141.994172, 0.000000, 
143.088914, 0.000000, 
143.901792, 0.000000, 
144.984227, 0.000000, 
145.961201, 0.000000, 
147.034237, 0.000000, 
147.964286, 0.000000, 
149.048791, 0.000000, 
149.928342, 0.000000, 
151.074616, 0.000000, 
152.003123, 0.000000, 
152.940145, 0.000000, 
153.967641, 0.000000, 
154.978465, 0.000000, 
155.901724, 0.000000, 
156.966246, 0.000000, 
157.918985, 0.000000, 
159.040381, 0.000000, 
159.917137, 0.000000, 
161.042024, 0.000000, 
161.937453, 0.000000, 
163.070021, 0.000000, 
164.050696, 0.000000, 
165.080233, 0.000000, 
166.023706, 0.000000, 
166.952122, 0.000000, 
168.078986, 0.000000, 
168.917547, 0.000000, 
170.095956, 0.000000, 
170.967629, 0.000000, 
172.023302, 0.000000, 
172.968262, 0.000000, 
174.043596, 0.000000, 
175.077444, 0.000000, 
176.000787, 0.000000, 
177.085266, 0.000000, 
177.993383, 0.000000, 
179.099266, 0.000000, 
179.932530, 0.000000, 
180.907024, 0.000000, 
181.919904, 0.000000, 
183.064232, 0.000000, 
184.022794, 0.000000, 
184.927836, 0.000000, 
185.995467, 0.000000, 
187.083092, 0.000000, 
188.031970, 0.000000, 
188.919759, 0.000000, 
190.017440, 0.000000, 
190.965342, 0.000000, 
191.997916, 0.000000, 
193.035872, 0.000000, 
194.051456, 0.000000, 
194.913665, 0.000000, 
195.980096, 0.000000, 
197.000472, 0.000000, 
198.032499, 0.000000, 
199.080722, 0.000000, 
