0.051250, 0.000000, 
1.057800, 0.000000, 
2.018313, 0.000000, 
3.015413, 0.000000, 
4.032862, 0.000000, 
5.023585, 0.000000, 
5.946968, 0.000000, 
6.935912, 0.000000, 
8.080677, 0.000000, 
9.094257, 0.000000, 
9.902715, 0.000000, 
10.906853, 0.000000, 
12.013344, 0.000000, 
12.977498, 0.000000, 
14.097309, 0.000000, 
14.956687, 0.000000, 
15.907210, 0.000000, 
16.996364, 0.000000, 
17.988418, 0.000000, 
18.956537, 0.000000, 
20.037555, 0.000000, 
20.916521, 0.000000, 
22.010284, 0.000000, 
23.061185, 0.000000, 
24.030574, 0.000000, 
25.094802, 0.000000, 
25.936134, 0.000000, 
26.915018, 0.000000, 
28.099386, 0.000000, 
28.974186, 0.000000, 
29.948702, 0.000000, 
31.083567, 0.000000, 
32.038395, 0.000000, 
32.930089, 0.000000, 
34.008303, 0.000000, 
34.910432, 0.000000, 
36.048625, 0.000000, 
37.075311, 0.000000, 
37.982273, 0.000000, 
39.025277, 0.000000, 
40.002703, 0.000000, 
41.037780, 0.000000, 
42.035359, 0.000000, 
43.080465, 0.000000, 
44.043737, 0.000000, 
45.037081, 0.000000, 
46.070165, 0.000000, 
47.093906, 0.000000, 
47.980911, 0.000000, 
49.058998, 0.000000, 
50.041193, 0.000000, 
51.068256, 0.000000, 
52.014907, 0.000000, 
53.064865, 0.000000, 
53.983239, 0.000000, 
55.017928, 0.000000, 
56.053654, 0.000000, 
57.067804, 0.000000, 
58.034280, 0.000000, 
59.020372, 0.000000, 
60.061360, 0.000000, 
61.078462, 0.000000, 
61.960559, 0.000000, 
63.072969, 0.000000, 
64.097677, 0.000000, 
64.988307, 0.000000, 
66.093266, 0.000000, 
66.961961, 0.000000, 
68.037730, 0.000000, 
69.087432, 0.000000, 
69.917998, 0.000000, 
71.058778, 0.000000, 
72.068713, 0.000000, 
73.022750, 0.000000, 
73.972944, 0.000000, 
75.000379, 0.000000, 
76.010288, 0.000000, 
76.958217, 0.000000, 
77.938654, 0.000000, 
78.940052, 0.000000, 
79.992501, 0.000000, 
81.002724, 0.000000, 
82.015781, 0.000000, 
82.929745, 0.000000, 
83.929308, 0.000000, 
85.045408, 0.000000, 
85.993564, 0.000000, 
86.921494, 0.000000, 
88.010471, 0.000000, 
88.951653, 0.000000, 
89.959498, 0.000000, 
90.913395, 0.000000, 
92.083419, 0.000000, 
92.967912, 0.000000, 
94.082391, 0.000000, 
94.953232, 0.000000, 
96.032622, 0.000000, 
97.083585, 0.000000, 
97.949838, 0.000000, 
98.953896, 0.000000, 
100.027651, 0.000000, 
100.950035, 0.000000, 
102.086215, 0.000000, 
103.095055, 0.000000, 
103.992842, 0.000000, 
105.075837, 0.000000, 
106.008534, 0.000000, 
106.925299, 0.000000, 
108.036868, 0.000000, 
108.978098, 0.000000, 
109.960317, 0.000000, 
111.058550, 0.000000, 
112.025063, 0.000000, 
112.926542, 0.000000, 
114.085299, 0.000000, 
114.948008, 0.000000, 
116.008996, 0.000000, 
117.018454, 0.000000, 
118.040086, 0.000000, 
119.090876, 0.000000, 
119.935689, 0.000000, 
121.041791, 0.000000, 
121.927504, 0.000000, 
122.963265, 0.000000, 
124.096800, 0.000000, 
125.003347, 0.000000, 
126.042725, 0.000000, 
127.037821, 0.000000, 
128.086638, 0.000000, 
129.003846, 0.000000, 
129.950785, 0.000000, 
130.956383, 0.000000, 
132.058348, 0.000000, 
133.009269, 0.000000, 
134.082370, 0.000000, 
135.029281, 0.000000, 
136.027254, 0.000000, 
137.052087, 0.000000, 
137.994153, 0.000000, 
138.992195, 0.000000, 
140.072345, 0.000000, 
141.083583, 0.000000, 
141.959688, 0.000000, 
143.026502, 0.000000, 
144.092339, 0.000000, 
145.011290, 0.000000, 
145.954147, 0.000000, 
146.971972, 0.000000, 
147.949624, 0.000000, 
148.981355, 0.000000, 
149.910077, 0.000000, 
150.977604, 0.000000, 
151.996127, 0.000000, 
153.089237, 0.000000, 
154.088606, 0.000000, 
155.020930, 0.000000, 
155.903121, 0.000000, 
156.970152, 0.000000, 
158.020735, 0.000000, 
158.940160, 0.000000, 
160.003582, 0.000000, 
160.994572, 0.000000, 
161.938459, 0.000000, 
163.096943, 0.000000, 
164.013439, 0.000000, 
164.906577, 0.000000, 
166.076801, 0.000000, 
167.085524, 0.000000, 
167.931472, 0.000000, 
168.965488, 0.000000, 
169.940583, 0.000000, 
171.076125, 0.000000, 
172.032340, 0.000000, 
172.980876, 0.000000, 
174.098380, 0.000000, 
175.080962, 0.000000, 
176.079741, 0.000000, 
177.053653, 0.000000, 
177.994737, 0.000000, 
178.993140, 0.000000, 
179.961793, 0.000000, 
180.995993, 0.000000, 
181.982005, 0.000000, 
183.096238, 0.000000, 
183.905404, 0.000000, 
185.008187, 0.000000, 
185.963020, 0.000000, 
186.915506, 0.000000, 
187.930760, 0.000000, 
188.926437, 0.000000, 
189.946969, 0.000000, 
190.960870, 0.000000, 
191.988502, 0.000000, 
192.919515, 0.000000, 
193.904197, 0.000000, 
195.011943, 0.000000, 
196.040612, 0.000000, 
197.091399, 0.000000, 
198.094331, 0.000000, 
199.011851, 0.000000, 
