0.163836, 0.000000, 
0.648369, 0.000000, 
2.278422, 0.000000, 
2.812895, 0.000000, 
3.815612, 0.000000, 
5.359360, 0.000000, 
6.268334, 0.000000, 
7.132287, 0.000000, 
8.154837, 0.000000, 
8.732457, 0.000000, 
9.709912, 0.000000, 
11.080265, 0.000000, 
12.089391, 0.000000, 
12.855888, 0.000000, 
13.676794, 0.000000, 
15.027873, 0.000000, 
15.821233, 0.000000, 
17.003158, 0.000000, 
18.135663, 0.000000, 
18.993952, 0.000000, 
19.924177, 0.000000, 
20.714075, 0.000000, 
21.603244, 0.000000, 
23.325601, 0.000000, 
23.959820, 0.000000, 
25.088935, 0.000000, 
26.225790, 0.000000, 
26.729578, 0.000000, 
28.227813, 0.000000, 
29.006541, 0.000000, 
30.140052, 0.000000, 
30.933371, 0.000000, 
32.153507, 0.000000, 
33.090869, 0.000000, 
33.999454, 0.000000, 
34.960735, 0.000000, 
35.916098, 0.000000, 
36.600161, 0.000000, 
38.054448, 0.000000, 
38.773321, 0.000000, 
40.272697, 0.000000, 
40.789792, 0.000000, 
41.893980, 0.000000, 
43.373849, 0.000000, 
44.254171, 0.000000, 
44.760278, 0.000000, 
45.757573, 0.000000, 
47.059543, 0.000000, 
48.246218, 0.000000, 
48.792267, 0.000000, 
50.166883, 0.000000, 
50.823997, 0.000000, 
51.976760, 0.000000, 
52.868599, 0.000000, 
53.933496, 0.000000, 
55.320992, 0.000000, 
56.058223, 0.000000, 
56.760131, 0.000000, 
58.324533, 0.000000, 
58.842467, 0.000000, 
60.375223, 0.000000, 
60.898733, 0.000000, 
62.351739, 0.000000, 
62.723946, 0.000000, 
64.347429, 0.000000, 
65.326546, 0.000000, 
65.899219, 0.000000, 
67.027596, 0.000000, 
68.307071, 0.000000, 
68.652252, 0.000000, 
70.225470, 0.000000, 
70.818542, 0.000000, 
71.650071, 0.000000, 
73.251966, 0.000000, 
74.123002, 0.000000, 
74.835882, 0.000000, 
76.298897, 0.000000, 
77.169204, 0.000000, 
78.289203, 0.000000, 
79.175288, 0.000000, 
79.918742, 0.000000, 
80.846823, 0.000000, 
81.683899, 0.000000, 
83.050110, 0.000000, 
83.782799, 0.000000, 
85.385251, 0.000000, 
85.714524, 0.000000, 
87.300993, 0.000000, 
87.841515, 0.000000, 
89.310093, 0.000000, 
89.688928, 0.000000, 
91.086887, 0.000000, 
92.382049, 0.000000, 
92.916804, 0.000000, 
94.116803, 0.000000, 
94.980697, 0.000000, 
95.767754, 0.000000, 
96.906574, 0.000000, 
98.276642, 0.000000, 
98.981378, 0.000000, 
99.916012, 0.000000, 
101.119516, 0.000000, 
101.777062, 0.000000, 
103.389203, 0.000000, 
104.388855, 0.000000, 
104.986471, 0.000000, 
105.936898, 0.000000, 
106.952070, 0.000000, 
107.789332, 0.000000, 
109.203113, 0.000000, 
109.762427, 0.000000, 
110.876631, 0.000000, 
112.349118, 0.000000, 
113.097143, 0.000000, 
114.128112, 0.000000, 
115.134718, 0.000000, 
115.612638, 0.000000, 
116.786334, 0.000000, 
118.272161, 0.000000, 
119.122875, 0.000000, 
119.765927, 0.000000, 
121.061417, 0.000000, 
122.007415, 0.000000, 
123.308183, 0.000000, 
123.783120, 0.000000, 
125.220946, 0.000000, 
126.368963, 0.000000, 
126.628655, 0.000000, 
127.687928, 0.000000, 
128.951664, 0.000000, 
129.769005, 0.000000, 
131.279719, 0.000000, 
132.003979, 0.000000, 
133.058973, 0.000000, 
133.798786, 0.000000, 
135.263774, 0.000000, 
135.772414, 0.000000, 
136.905235, 0.000000, 
137.657043, 0.000000, 
138.810631, 0.000000, 
139.729785, 0.000000, 
140.875282, 0.000000, 
141.959160, 0.000000, 
143.238248, 0.000000, 
144.068914, 0.000000, 
145.060070, 0.000000, 
145.737248, 0.000000, 
147.378797, 0.000000, 
147.986207, 0.000000, 
148.736000, 0.000000, 
150.033710, 0.000000, 
151.014011, 0.000000, 
151.660246, 0.000000, 
153.397809, 0.000000, 
153.713214, 0.000000, 
155.159580, 0.000000, 
156.015347, 0.000000, 
157.113109, 0.000000, 
158.194214, 0.000000, 
158.947285, 0.000000, 
159.925907, 0.000000, 
161.129346, 0.000000, 
162.319059, 0.000000, 
163.103198, 0.000000, 
164.200735, 0.000000, 
164.916092, 0.000000, 
165.950682, 0.000000, 
166.802591, 0.000000, 
167.608712, 0.000000, 
169.323123, 0.000000, 
170.303825, 0.000000, 
170.809911, 0.000000, 
172.263224, 0.000000, 
173.268553, 0.000000, 
173.971055, 0.000000, 
174.782861, 0.000000, 
176.148348, 0.000000, 
176.953438, 0.000000, 
177.782827, 0.000000, 
178.828209, 0.000000, 
179.827213, 0.000000, 
180.949977, 0.000000, 
182.176185, 0.000000, 
183.233655, 0.000000, 
183.716434, 0.000000, 
185.091292, 0.000000, 
185.812009, 0.000000, 
187.353783, 0.000000, 
188.157144, 0.000000, 
189.173509, 0.000000, 
189.923773, 0.000000, 
191.391493, 0.000000, 
192.002987, 0.000000, 
192.703044, 0.000000, 
194.061878, 0.000000, 
194.766347, 0.000000, 
195.962493, 0.000000, 
197.149285, 0.000000, 
198.190008, 0.000000, 
198.671970, 0.000000, 
