-0.120369, 0.000000, 
0.723234, 0.000000, 
2.341122, 0.000000, 
3.063963, 0.000000, 
3.762102, 0.000000, 
5.093570, 0.000000, 
6.305421, 0.000000, 
7.360665, 0.000000, 
7.717674, 0.000000, 
8.902960, 0.000000, 
9.744388, 0.000000, 
10.706529, 0.000000, 
11.835904, 0.000000, 
13.072826, 0.000000, 
13.848222, 0.000000, 
15.238948, 0.000000, 
15.806957, 0.000000, 
17.212906, 0.000000, 
17.847069, 0.000000, 
19.271842, 0.000000, 
20.104821, 0.000000, 
20.767799, 0.000000, 
22.231799, 0.000000, 
22.915181, 0.000000, 
23.736558, 0.000000, 
24.839472, 0.000000, 
25.789389, 0.000000, 
27.027744, 0.000000, 
27.603538, 0.000000, 
29.270625, 0.000000, 
29.946883, 0.000000, 
31.268535, 0.000000, 
31.939890, 0.000000, 
32.848043, 0.000000, 
34.014924, 0.000000, 
35.381745, 0.000000, 
35.774774, 0.000000, 
37.390162, 0.000000, 
37.809235, 0.000000, 
39.049205, 0.000000, 
40.114151, 0.000000, 
41.184154, 0.000000, 
42.040287, 0.000000, 
43.119087, 0.000000, 
44.089842, 0.000000, 
45.105443, 0.000000, 
45.728561, 0.000000, 
47.361023, 0.000000, 
48.198452, 0.000000, 
49.360716, 0.000000, 
50.169147, 0.000000, 
51.118635, 0.000000, 
51.746894, 0.000000, 
53.371736, 0.000000, 
54.306567, 0.000000, 
54.781224, 0.000000, 
56.049272, 0.000000, 
56.729759, 0.000000, 
58.303742, 0.000000, 
59.315104, 0.000000, 
60.043135, 0.000000, 
61.061625, 0.000000, 
61.943390, 0.000000, 
62.897289, 0.000000, 
63.886502, 0.000000, 
64.770713, 0.000000, 
66.231290, 0.000000, 
67.086709, 0.000000, 
67.781533, 0.000000, 
68.710541, 0.000000, 
69.869318, 0.000000, 
70.665285, 0.000000, 
72.250856, 0.000000, 
72.833461, 0.000000, 
73.926464, 0.000000, 
75.091195, 0.000000, 
76.078422, 0.000000, 
76.809198, 0.000000, 
78.106039, 0.000000, 
78.678435, 0.000000, 
79.878702, 0.000000, 
80.871899, 0.000000, 
82.283817, 0.000000, 
83.227322, 0.000000, 
83.668166, 0.000000, 
84.679750, 0.000000, 
86.095654, 0.000000, 
87.102298, 0.000000, 
88.009124, 0.000000, 
89.328335, 0.000000, 
90.014730, 0.000000, 
90.995887, 0.000000, 
91.761144, 0.000000, 
93.044599, 0.000000, 
94.069220, 0.000000, 
94.682223, 0.000000, 
95.614913, 0.000000, 
97.098223, 0.000000, 
98.266408, 0.000000, 
99.207550, 0.000000, 
99.858944, 0.000000, 
100.936578, 0.000000, 
101.893366, 0.000000, 
103.109602, 0.000000, 
104.312967, 0.000000, 
104.795765, 0.000000, 
106.314675, 0.000000, 
107.139167, 0.000000, 
108.119272, 0.000000, 
108.604245, 0.000000, 
110.067977, 0.000000, 
111.137280, 0.000000, 
111.628846, 0.000000, 
112.805312, 0.000000, 
114.220080, 0.000000, 
115.162058, 0.000000, 
115.984069, 0.000000, 
116.662624, 0.000000, 
118.043252, 0.000000, 
119.027377, 0.000000, 
120.224175, 0.000000, 
121.000882, 0.000000, 
121.748343, 0.000000, 
122.785070, 0.000000, 
123.748312, 0.000000, 
124.906937, 0.000000, 
126.112599, 0.000000, 
126.898998, 0.000000, 
128.361751, 0.000000, 
129.027023, 0.000000, 
130.180730, 0.000000, 
130.781448, 0.000000, 
131.601839, 0.000000, 
132.622723, 0.000000, 
133.616589, 0.000000, 
134.967559, 0.000000, 
135.876093, 0.000000, 
136.620575, 0.000000, 
138.289630, 0.000000, 
138.901979, 0.000000, 
140.085992, 0.000000, 
140.857290, 0.000000, 
142.149154, 0.000000, 
143.187936, 0.000000, 
144.294716, 0.000000, 
144.886816, 0.000000, 
146.096070, 0.000000, 
147.264267, 0.000000, 
147.945267, 0.000000, 
149.385840, 0.000000, 
149.798669, 0.000000, 
151.315947, 0.000000, 
151.962402, 0.000000, 
153.053584, 0.000000, 
153.986269, 0.000000, 
155.308586, 0.000000, 
155.963136, 0.000000, 
156.971999, 0.000000, 
158.139347, 0.000000, 
159.054864, 0.000000, 
159.786034, 0.000000, 
161.392345, 0.000000, 
161.974749, 0.000000, 
163.263342, 0.000000, 
163.662148, 0.000000, 
165.213719, 0.000000, 
166.351292, 0.000000, 
166.920124, 0.000000, 
167.917714, 0.000000, 
168.701728, 0.000000, 
169.973027, 0.000000, 
171.157856, 0.000000, 
172.265270, 0.000000, 
173.295760, 0.000000, 
174.132566, 0.000000, 
174.614760, 0.000000, 
175.659848, 0.000000, 
176.719089, 0.000000, 
178.006038, 0.000000, 
179.354478, 0.000000, 
179.866577, 0.000000, 
180.668680, 0.000000, 
181.622287, 0.000000, 
183.017747, 0.000000, 
184.246491, 0.000000, 
184.873734, 0.000000, 
185.721058, 0.000000, 
187.394142, 0.000000, 
187.903854, 0.000000, 
189.331341, 0.000000, 
190.168497, 0.000000, 
190.723530, 0.000000, 
192.281973, 0.000000, 
193.206560, 0.000000, 
193.885946, 0.000000, 
195.130081, 0.000000, 
196.217480, 0.000000, 
197.161535, 0.000000, 
198.240048, 0.000000, 
198.857825, 0.000000, 
