0.141794, 0.000000, 
1.108116, 0.000000, 
2.164386, 0.000000, 
2.962079, 0.000000, 
4.133213, 0.000000, 
5.044477, 0.000000, 
6.018296, 0.000000, 
7.088283, 0.000000, 
7.996892, 0.000000, 
8.914841, 0.000000, 
9.986648, 0.000000, 
10.923554, 0.000000, 
12.180125, 0.000000, 
13.012424, 0.000000, 
13.941071, 0.000000, 
14.828842, 0.000000, 
15.910437, 0.000000, 
17.085228, 0.000000, 
18.119089, 0.000000, 
19.074072, 0.000000, 
20.005716, 0.000000, 
20.969830, 0.000000, 
22.000233, 0.000000, 
23.036345, 0.000000, 
23.897552, 0.000000, 
24.856054, 0.000000, 
26.068594, 0.000000, 
26.947689, 0.000000, 
27.954006, 0.000000, 
28.940392, 0.000000, 
29.820930, 0.000000, 
30.965824, 0.000000, 
31.807636, 0.000000, 
32.905411, 0.000000, 
33.939083, 0.000000, 
34.902504, 0.000000, 
36.008503, 0.000000, 
37.093159, 0.000000, 
38.194786, 0.000000, 
38.964500, 0.000000, 
40.088470, 0.000000, 
40.838196, 0.000000, 
41.977657, 0.000000, 
43.032764, 0.000000, 
44.083321, 0.000000, 
44.987907, 0.000000, 
45.975140, 0.000000, 
47.080048, 0.000000, 
47.999718, 0.000000, 
48.937881, 0.000000, 
50.041088, 0.000000, 
50.806236, 0.000000, 
52.114399, 0.000000, 
53.135494, 0.000000, 
53.966961, 0.000000, 
54.997562, 0.000000, 
55.770790, 0.000000, 
57.020893, 0.000000, 
58.074692, 0.000000, 
58.931084, 0.000000, 
59.900002, 0.000000, 
61.006863, 0.000000, 
61.948917, 0.000000, 
62.895344, 0.000000, 
64.040092, 0.000000, 
65.057701, 0.000000, 
66.058830, 0.000000, 
66.959465, 0.000000, 
67.837761, 0.000000, 
69.050133, 0.000000, 
69.850029, 0.000000, 
70.979279, 0.000000, 
72.088821, 0.000000, 
72.918732, 0.000000, 
73.963303, 0.000000, 
74.946846, 0.000000, 
75.984810, 0.000000, 
76.891579, 0.000000, 
77.938583, 0.000000, 
78.947411, 0.000000, 
79.991318, 0.000000, 
81.116051, 0.000000, 
81.956970, 0.000000, 
83.145813, 0.000000, 
83.889557, 0.000000, 
84.953728, 0.000000, 
86.039818, 0.000000, 
86.893158, 0.000000, 
88.136139, 0.000000, 
89.033081, 0.000000, 
90.073051, 0.000000, 
90.874207, 0.000000, 
91.959091, 0.000000, 
92.963348, 0.000000, 
94.120583, 0.000000, 
95.018799, 0.000000, 
95.981598, 0.000000, 
96.937668, 0.000000, 
97.970734, 0.000000, 
98.994713, 0.000000, 
100.093010, 0.000000, 
101.043144, 0.000000, 
102.101555, 0.000000, 
102.948631, 0.000000, 
103.926094, 0.000000, 
104.891968, 0.000000, 
106.044785, 0.000000, 
106.972755, 0.000000, 
107.923744, 0.000000, 
108.972313, 0.000000, 
109.931862, 0.000000, 
110.956215, 0.000000, 
111.986366, 0.000000, 
113.074127, 0.000000, 
114.070946, 0.000000, 
114.961784, 0.000000, 
115.964722, 0.000000, 
116.855736, 0.000000, 
118.087280, 0.000000, 
118.932419, 0.000000, 
120.049683, 0.000000, 
120.750366, 0.000000, 
121.990944, 0.000000, 
122.921043, 0.000000, 
124.003616, 0.000000, 
124.878548, 0.000000, 
126.032745, 0.000000, 
127.070435, 0.000000, 
128.025879, 0.000000, 
129.132645, 0.000000, 
130.011139, 0.000000, 
131.104279, 0.000000, 
131.984833, 0.000000, 
132.887329, 0.000000, 
134.089569, 0.000000, 
135.131454, 0.000000, 
136.015549, 0.000000, 
136.950592, 0.000000, 
138.065063, 0.000000, 
139.216125, 0.000000, 
139.999634, 0.000000, 
140.938354, 0.000000, 
141.924377, 0.000000, 
142.888092, 0.000000, 
144.024170, 0.000000, 
144.786499, 0.000000, 
146.006836, 0.000000, 
147.078552, 0.000000, 
148.002945, 0.000000, 
149.079117, 0.000000, 
149.943069, 0.000000, 
150.953964, 0.000000, 
152.011108, 0.000000, 
153.039642, 0.000000, 
154.050720, 0.000000, 
155.048431, 0.000000, 
155.967819, 0.000000, 
156.968414, 0.000000, 
158.048264, 0.000000, 
158.844955, 0.000000, 
160.300766, 0.000000, 
160.983200, 0.000000, 
161.873581, 0.000000, 
163.185257, 0.000000, 
163.979126, 0.000000, 
164.828262, 0.000000, 
165.956558, 0.000000, 
166.963120, 0.000000, 
168.102356, 0.000000, 
168.902725, 0.000000, 
170.070267, 0.000000, 
171.062607, 0.000000, 
172.104721, 0.000000, 
172.826202, 0.000000, 
174.025543, 0.000000, 
174.967361, 0.000000, 
176.119659, 0.000000, 
177.133545, 0.000000, 
177.852646, 0.000000, 
178.923096, 0.000000, 
179.845520, 0.000000, 
181.140121, 0.000000, 
181.968155, 0.000000, 
182.867447, 0.000000, 
183.933884, 0.000000, 
184.967438, 0.000000, 
185.941437, 0.000000, 
187.021698, 0.000000, 
188.116974, 0.000000, 
188.947479, 0.000000, 
189.931259, 0.000000, 
191.073959, 0.000000, 
191.901291, 0.000000, 
192.940598, 0.000000, 
194.091202, 0.000000, 
195.224899, 0.000000, 
196.008682, 0.000000, 
197.227890, 0.000000, 
197.893417, 0.000000, 
199.092148, 0.000000, 
200.014481, 0.000000, 
200.913986, 0.000000, 
202.151764, 0.000000, 
202.958252, 0.000000, 
204.162338, 0.000000, 
205.006042, 0.000000, 
205.938095, 0.000000, 
206.902481, 0.000000, 
208.200531, 0.000000, 
208.920624, 0.000000, 
210.034027, 0.000000, 
210.893677, 0.000000, 
211.941864, 0.000000, 
213.039673, 0.000000, 
213.866440, 0.000000, 
215.125702, 0.000000, 
216.080612, 0.000000, 
216.921814, 0.000000, 
217.926727, 0.000000, 
219.051804, 0.000000, 
219.925400, 0.000000, 
220.968903, 0.000000, 
222.000046, 0.000000, 
222.993668, 0.000000, 
224.097839, 0.000000, 
225.121979, 0.000000, 
226.016663, 0.000000, 
226.950821, 0.000000, 
228.045944, 0.000000, 
228.928116, 0.000000, 
229.890503, 0.000000, 
230.961258, 0.000000, 
231.862854, 0.000000, 
233.055420, 0.000000, 
233.981445, 0.000000, 
234.993286, 0.000000, 
235.889008, 0.000000, 
237.167389, 0.000000, 
238.009537, 0.000000, 
238.942657, 0.000000, 
240.213074, 0.000000, 
240.970337, 0.000000, 
241.919403, 0.000000, 
242.973740, 0.000000, 
243.878860, 0.000000, 
244.981628, 0.000000, 
245.893845, 0.000000, 
246.937714, 0.000000, 
247.869766, 0.000000, 
249.117783, 0.000000, 
249.876801, 0.000000, 
251.056839, 0.000000, 
251.960526, 0.000000, 
253.127884, 0.000000, 
253.936020, 0.000000, 
254.970642, 0.000000, 
256.225159, 0.000000, 
257.043549, 0.000000, 
258.071808, 0.000000, 
258.796387, 0.000000, 
260.187958, 0.000000, 
261.033051, 0.000000, 
262.127228, 0.000000, 
262.985992, 0.000000, 
264.003204, 0.000000, 
264.991974, 0.000000, 
265.956482, 0.000000, 
267.090271, 0.000000, 
267.914154, 0.000000, 
268.889526, 0.000000, 
269.966858, 0.000000, 
271.061951, 0.000000, 
272.116608, 0.000000, 
272.902527, 0.000000, 
273.968109, 0.000000, 
274.895233, 0.000000, 
276.134186, 0.000000, 
276.839905, 0.000000, 
277.924103, 0.000000, 
279.024780, 0.000000, 
279.946838, 0.000000, 
281.080627, 0.000000, 
281.970032, 0.000000, 
283.157013, 0.000000, 
284.148102, 0.000000, 
284.859619, 0.000000, 
285.906982, 0.000000, 
286.975769, 0.000000, 
288.181702, 0.000000, 
288.946014, 0.000000, 
290.107666, 0.000000, 
290.887878, 0.000000, 
291.941406, 0.000000, 
293.074005, 0.000000, 
294.114990, 0.000000, 
295.112885, 0.000000, 
296.169434, 0.000000, 
296.949127, 0.000000, 
298.086273, 0.000000, 
298.958191, 0.000000, 
