-0.452407, 0.000000, 
0.266500, 0.000000, 
1.359010, 0.000000, 
1.615963, 0.000000, 
4.418580, 0.000000, 
5.547150, 0.000000, 
5.898285, 0.000000, 
6.888101, 0.000000, 
7.465954, 0.000000, 
8.111663, 0.000000, 
10.258694, 0.000000, 
10.264943, 0.000000, 
12.226024, 0.000000, 
12.261058, 0.000000, 
13.974045, 0.000000, 
15.100498, 0.000000, 
15.709211, 0.000000, 
17.248270, 0.000000, 
18.064657, 0.000000, 
19.018253, 0.000000, 
20.462872, 0.000000, 
20.539742, 0.000000, 
21.658802, 0.000000, 
23.051643, 0.000000, 
23.680449, 0.000000, 
24.797623, 0.000000, 
26.955502, 0.000000, 
27.841606, 0.000000, 
28.433306, 0.000000, 
28.478764, 0.000000, 
29.240849, 0.000000, 
31.500696, 0.000000, 
32.539803, 0.000000, 
33.141312, 0.000000, 
33.430256, 0.000000, 
34.700954, 0.000000, 
36.384525, 0.000000, 
36.420330, 0.000000, 
38.733356, 0.000000, 
39.345333, 0.000000, 
39.603958, 0.000000, 
41.241119, 0.000000, 
43.246975, 0.000000, 
43.426960, 0.000000, 
43.943859, 0.000000, 
45.481995, 0.000000, 
47.057644, 0.000000, 
47.069221, 0.000000, 
47.571262, 0.000000, 
48.789089, 0.000000, 
49.717636, 0.000000, 
50.166409, 0.000000, 
51.757309, 0.000000, 
53.286819, 0.000000, 
53.776161, 0.000000, 
54.791767, 0.000000, 
55.337166, 0.000000, 
56.693474, 0.000000, 
57.462788, 0.000000, 
58.567425, 0.000000, 
58.635345, 0.000000, 
61.228325, 0.000000, 
62.563679, 0.000000, 
62.813343, 0.000000, 
63.610447, 0.000000, 
64.143250, 0.000000, 
65.813034, 0.000000, 
67.729500, 0.000000, 
67.773026, 0.000000, 
68.644852, 0.000000, 
70.154869, 0.000000, 
70.999390, 0.000000, 
72.334129, 0.000000, 
72.451241, 0.000000, 
73.854683, 0.000000, 
75.349480, 0.000000, 
76.286194, 0.000000, 
77.005844, 0.000000, 
78.238388, 0.000000, 
79.367584, 0.000000, 
80.388741, 0.000000, 
80.661797, 0.000000, 
81.676773, 0.000000, 
83.278320, 0.000000, 
83.298691, 0.000000, 
85.766945, 0.000000, 
85.986221, 0.000000, 
86.401901, 0.000000, 
88.408325, 0.000000, 
89.703667, 0.000000, 
90.570114, 0.000000, 
91.501701, 0.000000, 
92.301727, 0.000000, 
92.895988, 0.000000, 
94.391357, 0.000000, 
95.438271, 0.000000, 
95.903809, 0.000000, 
97.421478, 0.000000, 
98.197975, 0.000000, 
98.412720, 0.000000, 
99.864044, 0.000000, 
100.543991, 0.000000, 
100.890312, 0.000000, 
102.950172, 0.000000, 
104.361992, 0.000000, 
105.366493, 0.000000, 
105.384781, 0.000000, 
107.581139, 0.000000, 
107.809448, 0.000000, 
109.064445, 0.000000, 
110.391708, 0.000000, 
111.496475, 0.000000, 
112.222992, 0.000000, 
113.209671, 0.000000, 
114.867500, 0.000000, 
115.049614, 0.000000, 
116.744942, 0.000000, 
117.458740, 0.000000, 
117.917107, 0.000000, 
118.151421, 0.000000, 
120.476730, 0.000000, 
121.399765, 0.000000, 
121.931328, 0.000000, 
123.340652, 0.000000, 
124.290649, 0.000000, 
124.973801, 0.000000, 
125.630959, 0.000000, 
126.995659, 0.000000, 
127.912071, 0.000000, 
128.233612, 0.000000, 
130.248093, 0.000000, 
131.434555, 0.000000, 
132.671143, 0.000000, 
133.521545, 0.000000, 
134.191330, 0.000000, 
135.155548, 0.000000, 
135.683380, 0.000000, 
137.233307, 0.000000, 
137.242859, 0.000000, 
139.576828, 0.000000, 
140.201889, 0.000000, 
140.721085, 0.000000, 
141.939896, 0.000000, 
142.985580, 0.000000, 
143.576050, 0.000000, 
145.340469, 0.000000, 
146.100952, 0.000000, 
147.145340, 0.000000, 
147.831909, 0.000000, 
148.212112, 0.000000, 
149.731110, 0.000000, 
150.015381, 0.000000, 
151.450912, 0.000000, 
153.565704, 0.000000, 
154.053391, 0.000000, 
154.984268, 0.000000, 
155.711044, 0.000000, 
157.260193, 0.000000, 
157.629456, 0.000000, 
158.769745, 0.000000, 
160.220337, 0.000000, 
161.210968, 0.000000, 
162.209351, 0.000000, 
163.323792, 0.000000, 
163.761871, 0.000000, 
165.247131, 0.000000, 
165.935547, 0.000000, 
167.475342, 0.000000, 
167.954712, 0.000000, 
168.799866, 0.000000, 
170.633240, 0.000000, 
170.913284, 0.000000, 
171.369522, 0.000000, 
173.166229, 0.000000, 
174.005966, 0.000000, 
174.626953, 0.000000, 
175.624435, 0.000000, 
176.377075, 0.000000, 
178.437576, 0.000000, 
179.938690, 0.000000, 
180.065353, 0.000000, 
181.725525, 0.000000, 
182.532471, 0.000000, 
183.330521, 0.000000, 
183.901749, 0.000000, 
184.897736, 0.000000, 
185.408646, 0.000000, 
188.219772, 0.000000, 
188.368622, 0.000000, 
188.804108, 0.000000, 
190.683472, 0.000000, 
191.675247, 0.000000, 
192.207733, 0.000000, 
193.198105, 0.000000, 
193.828964, 0.000000, 
194.575012, 0.000000, 
195.873978, 0.000000, 
196.990067, 0.000000, 
197.930405, 0.000000, 
199.438690, 0.000000, 
200.118759, 0.000000, 
200.798615, 0.000000, 
201.865250, 0.000000, 
203.403717, 0.000000, 
204.241257, 0.000000, 
205.262543, 0.000000, 
205.277115, 0.000000, 
206.259689, 0.000000, 
207.764725, 0.000000, 
209.384827, 0.000000, 
210.061966, 0.000000, 
210.730438, 0.000000, 
211.833069, 0.000000, 
212.686234, 0.000000, 
213.951340, 0.000000, 
215.330658, 0.000000, 
215.488144, 0.000000, 
216.674088, 0.000000, 
217.420944, 0.000000, 
218.896011, 0.000000, 
219.780090, 0.000000, 
221.290710, 0.000000, 
222.106598, 0.000000, 
222.132889, 0.000000, 
223.382431, 0.000000, 
224.458679, 0.000000, 
226.553513, 0.000000, 
227.084824, 0.000000, 
228.418655, 0.000000, 
229.287720, 0.000000, 
230.392578, 0.000000, 
230.974991, 0.000000, 
232.486740, 0.000000, 
233.097488, 0.000000, 
233.358322, 0.000000, 
234.178391, 0.000000, 
234.804306, 0.000000, 
236.704758, 0.000000, 
238.342224, 0.000000, 
238.984497, 0.000000, 
239.908173, 0.000000, 
241.482971, 0.000000, 
241.733063, 0.000000, 
242.722946, 0.000000, 
243.800247, 0.000000, 
244.584198, 0.000000, 
246.305038, 0.000000, 
246.895493, 0.000000, 
248.109802, 0.000000, 
248.988098, 0.000000, 
250.659744, 0.000000, 
251.224670, 0.000000, 
252.042831, 0.000000, 
252.796677, 0.000000, 
253.572876, 0.000000, 
255.175949, 0.000000, 
256.846924, 0.000000, 
257.745758, 0.000000, 
257.928925, 0.000000, 
258.652954, 0.000000, 
260.168182, 0.000000, 
261.731598, 0.000000, 
262.118927, 0.000000, 
262.807251, 0.000000, 
263.710419, 0.000000, 
264.668610, 0.000000, 
265.386505, 0.000000, 
267.010162, 0.000000, 
268.122650, 0.000000, 
269.218781, 0.000000, 
269.563263, 0.000000, 
271.058044, 0.000000, 
272.405487, 0.000000, 
272.485291, 0.000000, 
274.400482, 0.000000, 
274.580475, 0.000000, 
275.685333, 0.000000, 
276.455811, 0.000000, 
277.987579, 0.000000, 
279.013794, 0.000000, 
280.505646, 0.000000, 
281.270996, 0.000000, 
281.873291, 0.000000, 
281.892883, 0.000000, 
283.492218, 0.000000, 
286.280640, 0.000000, 
286.465118, 0.000000, 
286.749664, 0.000000, 
287.838013, 0.000000, 
288.083496, 0.000000, 
290.655975, 0.000000, 
290.853516, 0.000000, 
291.846222, 0.000000, 
292.075836, 0.000000, 
294.800201, 0.000000, 
294.813049, 0.000000, 
296.314209, 0.000000, 
296.692047, 0.000000, 
297.630707, 0.000000, 
298.613983, 0.000000, 
