-0.735703, 0.000000, 
0.715418, 0.000000, 
2.042201, 0.000000, 
3.223529, 0.000000, 
4.276447, 0.000000, 
5.014206, 0.000000, 
6.263114, 0.000000, 
6.980046, 0.000000, 
8.027970, 0.000000, 
9.480367, 0.000000, 
10.165682, 0.000000, 
11.095284, 0.000000, 
11.809834, 0.000000, 
13.316040, 0.000000, 
13.534941, 0.000000, 
15.288872, 0.000000, 
15.517159, 0.000000, 
17.264263, 0.000000, 
17.925770, 0.000000, 
18.254704, 0.000000, 
20.178745, 0.000000, 
20.369919, 0.000000, 
21.592426, 0.000000, 
23.841349, 0.000000, 
24.412058, 0.000000, 
25.407322, 0.000000, 
26.048220, 0.000000, 
27.250544, 0.000000, 
27.653706, 0.000000, 
28.023905, 0.000000, 
29.538166, 0.000000, 
31.129663, 0.000000, 
32.841389, 0.000000, 
32.891151, 0.000000, 
34.006714, 0.000000, 
34.719025, 0.000000, 
35.369846, 0.000000, 
36.824474, 0.000000, 
38.179535, 0.000000, 
38.718140, 0.000000, 
40.345135, 0.000000, 
41.169224, 0.000000, 
41.764854, 0.000000, 
42.720459, 0.000000, 
43.828629, 0.000000, 
44.824646, 0.000000, 
45.627632, 0.000000, 
47.407139, 0.000000, 
47.500107, 0.000000, 
49.090946, 0.000000, 
50.127651, 0.000000, 
50.681252, 0.000000, 
51.971279, 0.000000, 
52.970623, 0.000000, 
54.052891, 0.000000, 
54.818871, 0.000000, 
55.712635, 0.000000, 
56.931507, 0.000000, 
56.990612, 0.000000, 
58.631615, 0.000000, 
60.167648, 0.000000, 
61.617901, 0.000000, 
62.259495, 0.000000, 
63.532028, 0.000000, 
63.869160, 0.000000, 
65.015213, 0.000000, 
65.345055, 0.000000, 
66.895233, 0.000000, 
68.100105, 0.000000, 
68.466858, 0.000000, 
70.826454, 0.000000, 
70.889427, 0.000000, 
72.106514, 0.000000, 
72.685043, 0.000000, 
74.295868, 0.000000, 
75.131149, 0.000000, 
76.550224, 0.000000, 
76.767517, 0.000000, 
77.942764, 0.000000, 
78.916389, 0.000000, 
79.982063, 0.000000, 
80.369949, 0.000000, 
81.727966, 0.000000, 
83.644165, 0.000000, 
84.051147, 0.000000, 
85.107605, 0.000000, 
86.277313, 0.000000, 
86.991432, 0.000000, 
88.524689, 0.000000, 
89.191765, 0.000000, 
90.133537, 0.000000, 
91.102592, 0.000000, 
91.874260, 0.000000, 
93.064659, 0.000000, 
94.034698, 0.000000, 
94.816795, 0.000000, 
96.683823, 0.000000, 
97.135643, 0.000000, 
98.392998, 0.000000, 
98.747635, 0.000000, 
100.080421, 0.000000, 
101.335815, 0.000000, 
102.027290, 0.000000, 
102.954353, 0.000000, 
104.353493, 0.000000, 
104.995369, 0.000000, 
105.945221, 0.000000, 
106.453499, 0.000000, 
107.732834, 0.000000, 
109.206055, 0.000000, 
110.496735, 0.000000, 
110.793503, 0.000000, 
112.235619, 0.000000, 
112.624123, 0.000000, 
113.756302, 0.000000, 
114.453217, 0.000000, 
116.062424, 0.000000, 
116.867088, 0.000000, 
117.642792, 0.000000, 
119.402557, 0.000000, 
119.492508, 0.000000, 
120.299683, 0.000000, 
121.690414, 0.000000, 
122.833496, 0.000000, 
124.025925, 0.000000, 
125.486183, 0.000000, 
125.954582, 0.000000, 
127.660416, 0.000000, 
128.161835, 0.000000, 
128.573318, 0.000000, 
129.366257, 0.000000, 
131.482117, 0.000000, 
131.490570, 0.000000, 
132.402756, 0.000000, 
133.862137, 0.000000, 
134.747742, 0.000000, 
135.622894, 0.000000, 
137.106293, 0.000000, 
138.211258, 0.000000, 
138.778809, 0.000000, 
140.209732, 0.000000, 
140.924698, 0.000000, 
141.479782, 0.000000, 
143.367310, 0.000000, 
144.749832, 0.000000, 
144.923630, 0.000000, 
145.674973, 0.000000, 
146.695023, 0.000000, 
147.750580, 0.000000, 
150.148422, 0.000000, 
150.250305, 0.000000, 
150.728897, 0.000000, 
152.016586, 0.000000, 
152.043777, 0.000000, 
154.000702, 0.000000, 
155.275879, 0.000000, 
156.483322, 0.000000, 
156.595688, 0.000000, 
157.217972, 0.000000, 
158.686020, 0.000000, 
160.500626, 0.000000, 
160.870911, 0.000000, 
162.368973, 0.000000, 
163.362000, 0.000000, 
164.040253, 0.000000, 
165.578506, 0.000000, 
165.974411, 0.000000, 
167.055984, 0.000000, 
168.573486, 0.000000, 
168.660217, 0.000000, 
170.222488, 0.000000, 
171.587097, 0.000000, 
171.909653, 0.000000, 
173.294281, 0.000000, 
174.547928, 0.000000, 
175.267654, 0.000000, 
175.690414, 0.000000, 
177.202637, 0.000000, 
178.525269, 0.000000, 
178.579697, 0.000000, 
180.098602, 0.000000, 
180.543716, 0.000000, 
182.268661, 0.000000, 
183.019669, 0.000000, 
184.044861, 0.000000, 
185.055923, 0.000000, 
185.608643, 0.000000, 
187.301559, 0.000000, 
187.545853, 0.000000, 
189.902618, 0.000000, 
190.106003, 0.000000, 
190.888077, 0.000000, 
192.071243, 0.000000, 
193.284561, 0.000000, 
193.728165, 0.000000, 
194.737717, 0.000000, 
195.820038, 0.000000, 
196.832825, 0.000000, 
198.630478, 0.000000, 
199.254517, 0.000000, 
200.623947, 0.000000, 
201.681458, 0.000000, 
201.990784, 0.000000, 
203.465652, 0.000000, 
203.515167, 0.000000, 
204.960678, 0.000000, 
205.229858, 0.000000, 
207.050888, 0.000000, 
208.516068, 0.000000, 
208.940765, 0.000000, 
209.686096, 0.000000, 
210.987350, 0.000000, 
212.135864, 0.000000, 
212.971603, 0.000000, 
213.461945, 0.000000, 
215.042831, 0.000000, 
216.033234, 0.000000, 
216.502579, 0.000000, 
218.504196, 0.000000, 
218.597168, 0.000000, 
220.256119, 0.000000, 
221.318970, 0.000000, 
221.952682, 0.000000, 
222.837585, 0.000000, 
223.939835, 0.000000, 
225.783127, 0.000000, 
226.123413, 0.000000, 
227.723190, 0.000000, 
228.075134, 0.000000, 
228.764557, 0.000000, 
229.607117, 0.000000, 
231.738419, 0.000000, 
231.844238, 0.000000, 
232.981125, 0.000000, 
234.410416, 0.000000, 
235.392120, 0.000000, 
235.565079, 0.000000, 
236.961533, 0.000000, 
238.065918, 0.000000, 
238.552902, 0.000000, 
239.963776, 0.000000, 
240.829895, 0.000000, 
242.142639, 0.000000, 
243.091766, 0.000000, 
244.287064, 0.000000, 
244.741928, 0.000000, 
245.939606, 0.000000, 
246.580414, 0.000000, 
248.095139, 0.000000, 
249.497101, 0.000000, 
249.723816, 0.000000, 
251.167648, 0.000000, 
251.320023, 0.000000, 
252.760529, 0.000000, 
254.070297, 0.000000, 
255.365723, 0.000000, 
255.727921, 0.000000, 
256.925323, 0.000000, 
257.799286, 0.000000, 
259.126801, 0.000000, 
260.304565, 0.000000, 
260.713104, 0.000000, 
262.483917, 0.000000, 
262.684174, 0.000000, 
263.717163, 0.000000, 
265.051422, 0.000000, 
266.537933, 0.000000, 
266.819885, 0.000000, 
267.533447, 0.000000, 
269.276520, 0.000000, 
269.944305, 0.000000, 
270.620514, 0.000000, 
271.888214, 0.000000, 
272.883575, 0.000000, 
273.812103, 0.000000, 
274.636536, 0.000000, 
276.160034, 0.000000, 
276.997070, 0.000000, 
277.015533, 0.000000, 
278.854980, 0.000000, 
280.339325, 0.000000, 
281.479248, 0.000000, 
281.738098, 0.000000, 
283.345886, 0.000000, 
283.904358, 0.000000, 
285.148834, 0.000000, 
286.562164, 0.000000, 
286.838806, 0.000000, 
287.909027, 0.000000, 
289.162659, 0.000000, 
290.149963, 0.000000, 
290.685638, 0.000000, 
291.644165, 0.000000, 
293.127441, 0.000000, 
294.819550, 0.000000, 
295.010193, 0.000000, 
296.694550, 0.000000, 
297.331360, 0.000000, 
298.490143, 0.000000, 
299.089844, 0.000000, 
