-0.175201, 0.000000, 
1.270272, 0.000000, 
1.273590, 0.000000, 
3.033424, 0.000000, 
3.917214, 0.000000, 
5.145426, 0.000000, 
5.837413, 0.000000, 
6.740362, 0.000000, 
8.282110, 0.000000, 
9.245909, 0.000000, 
10.170418, 0.000000, 
10.949214, 0.000000, 
11.788283, 0.000000, 
13.582275, 0.000000, 
13.695774, 0.000000, 
14.738949, 0.000000, 
15.474466, 0.000000, 
16.815916, 0.000000, 
17.829906, 0.000000, 
19.202578, 0.000000, 
19.876860, 0.000000, 
21.089649, 0.000000, 
22.009867, 0.000000, 
23.075237, 0.000000, 
23.910862, 0.000000, 
24.736433, 0.000000, 
26.324049, 0.000000, 
27.105768, 0.000000, 
27.731628, 0.000000, 
29.163103, 0.000000, 
29.851480, 0.000000, 
31.255409, 0.000000, 
31.499878, 0.000000, 
33.152184, 0.000000, 
34.138275, 0.000000, 
35.029217, 0.000000, 
35.895763, 0.000000, 
36.223255, 0.000000, 
38.241859, 0.000000, 
39.112301, 0.000000, 
40.025532, 0.000000, 
41.055092, 0.000000, 
41.818264, 0.000000, 
43.025772, 0.000000, 
43.871262, 0.000000, 
45.024017, 0.000000, 
46.678429, 0.000000, 
47.559990, 0.000000, 
47.902683, 0.000000, 
49.712109, 0.000000, 
50.204834, 0.000000, 
50.467178, 0.000000, 
51.842903, 0.000000, 
53.587685, 0.000000, 
54.001846, 0.000000, 
55.390614, 0.000000, 
56.432941, 0.000000, 
56.581009, 0.000000, 
58.768764, 0.000000, 
59.223732, 0.000000, 
59.797092, 0.000000, 
60.849892, 0.000000, 
62.143147, 0.000000, 
63.037266, 0.000000, 
63.979824, 0.000000, 
65.292686, 0.000000, 
65.349663, 0.000000, 
67.186424, 0.000000, 
67.845856, 0.000000, 
69.664436, 0.000000, 
70.447380, 0.000000, 
71.176941, 0.000000, 
72.146629, 0.000000, 
72.572212, 0.000000, 
73.637405, 0.000000, 
74.976860, 0.000000, 
76.123276, 0.000000, 
76.991714, 0.000000, 
77.938812, 0.000000, 
78.815666, 0.000000, 
79.750954, 0.000000, 
80.847359, 0.000000, 
81.725166, 0.000000, 
83.226036, 0.000000, 
83.877625, 0.000000, 
84.727890, 0.000000, 
85.560356, 0.000000, 
86.950073, 0.000000, 
87.808319, 0.000000, 
88.561806, 0.000000, 
89.601532, 0.000000, 
91.196220, 0.000000, 
92.357574, 0.000000, 
93.357689, 0.000000, 
93.827393, 0.000000, 
95.199814, 0.000000, 
96.488945, 0.000000, 
96.511078, 0.000000, 
97.184204, 0.000000, 
99.717720, 0.000000, 
100.113594, 0.000000, 
101.087852, 0.000000, 
101.870987, 0.000000, 
102.604912, 0.000000, 
104.028374, 0.000000, 
104.862206, 0.000000, 
106.265907, 0.000000, 
106.954460, 0.000000, 
108.045067, 0.000000, 
109.011421, 0.000000, 
110.040703, 0.000000, 
111.163200, 0.000000, 
112.034531, 0.000000, 
113.351776, 0.000000, 
113.838890, 0.000000, 
115.372429, 0.000000, 
115.868568, 0.000000, 
117.217377, 0.000000, 
118.195236, 0.000000, 
118.989250, 0.000000, 
119.402206, 0.000000, 
121.064415, 0.000000, 
121.700417, 0.000000, 
122.817940, 0.000000, 
124.030815, 0.000000, 
124.811424, 0.000000, 
126.281181, 0.000000, 
126.879272, 0.000000, 
128.184906, 0.000000, 
128.619522, 0.000000, 
129.497803, 0.000000, 
131.347885, 0.000000, 
131.581863, 0.000000, 
133.111954, 0.000000, 
134.019104, 0.000000, 
135.366714, 0.000000, 
136.186783, 0.000000, 
136.728470, 0.000000, 
137.986206, 0.000000, 
139.060547, 0.000000, 
139.932327, 0.000000, 
140.844772, 0.000000, 
141.561691, 0.000000, 
143.182159, 0.000000, 
144.331909, 0.000000, 
145.152740, 0.000000, 
146.118530, 0.000000, 
147.339813, 0.000000, 
147.422852, 0.000000, 
148.541428, 0.000000, 
150.056778, 0.000000, 
150.784683, 0.000000, 
151.579605, 0.000000, 
152.668198, 0.000000, 
153.524429, 0.000000, 
155.339142, 0.000000, 
155.800522, 0.000000, 
157.054047, 0.000000, 
157.347366, 0.000000, 
158.848251, 0.000000, 
160.140640, 0.000000, 
161.002075, 0.000000, 
161.911545, 0.000000, 
162.370651, 0.000000, 
163.984848, 0.000000, 
164.943970, 0.000000, 
165.897354, 0.000000, 
166.588486, 0.000000, 
167.961502, 0.000000, 
169.072983, 0.000000, 
170.076141, 0.000000, 
171.050232, 0.000000, 
171.528137, 0.000000, 
172.459427, 0.000000, 
174.010895, 0.000000, 
175.169708, 0.000000, 
175.924911, 0.000000, 
177.083786, 0.000000, 
178.185486, 0.000000, 
179.112488, 0.000000, 
180.315491, 0.000000, 
180.701416, 0.000000, 
182.232056, 0.000000, 
182.993011, 0.000000, 
183.983261, 0.000000, 
184.739349, 0.000000, 
186.196243, 0.000000, 
187.071121, 0.000000, 
188.522720, 0.000000, 
188.805161, 0.000000, 
189.931488, 0.000000, 
191.318390, 0.000000, 
192.129852, 0.000000, 
193.099075, 0.000000, 
193.974655, 0.000000, 
195.145767, 0.000000, 
196.289276, 0.000000, 
197.465286, 0.000000, 
198.189651, 0.000000, 
198.766342, 0.000000, 
200.505814, 0.000000, 
201.298721, 0.000000, 
201.968277, 0.000000, 
203.352203, 0.000000, 
203.556854, 0.000000, 
205.226471, 0.000000, 
206.073669, 0.000000, 
206.971924, 0.000000, 
207.994537, 0.000000, 
209.175369, 0.000000, 
209.567596, 0.000000, 
210.821075, 0.000000, 
211.803040, 0.000000, 
213.050629, 0.000000, 
213.449371, 0.000000, 
214.932022, 0.000000, 
215.994476, 0.000000, 
216.531326, 0.000000, 
217.968597, 0.000000, 
219.253906, 0.000000, 
220.158798, 0.000000, 
221.046402, 0.000000, 
221.834961, 0.000000, 
223.369003, 0.000000, 
224.439621, 0.000000, 
225.113617, 0.000000, 
226.603378, 0.000000, 
226.732391, 0.000000, 
228.032089, 0.000000, 
229.444366, 0.000000, 
229.568604, 0.000000, 
231.175583, 0.000000, 
231.655182, 0.000000, 
233.406921, 0.000000, 
233.954102, 0.000000, 
235.044495, 0.000000, 
236.249725, 0.000000, 
236.513062, 0.000000, 
237.915283, 0.000000, 
239.102844, 0.000000, 
239.388474, 0.000000, 
240.886841, 0.000000, 
242.036285, 0.000000, 
243.530243, 0.000000, 
243.782684, 0.000000, 
245.409241, 0.000000, 
246.486557, 0.000000, 
246.530655, 0.000000, 
248.062134, 0.000000, 
249.340683, 0.000000, 
249.516556, 0.000000, 
250.937576, 0.000000, 
251.822159, 0.000000, 
253.020065, 0.000000, 
253.376129, 0.000000, 
255.087372, 0.000000, 
255.876846, 0.000000, 
256.484924, 0.000000, 
257.973572, 0.000000, 
258.980194, 0.000000, 
260.023315, 0.000000, 
261.021179, 0.000000, 
261.617859, 0.000000, 
263.093353, 0.000000, 
263.736481, 0.000000, 
265.370605, 0.000000, 
265.900604, 0.000000, 
267.203278, 0.000000, 
267.822388, 0.000000, 
269.251099, 0.000000, 
270.485779, 0.000000, 
270.615051, 0.000000, 
272.221771, 0.000000, 
273.404480, 0.000000, 
274.116852, 0.000000, 
274.965179, 0.000000, 
275.869843, 0.000000, 
277.159546, 0.000000, 
277.958069, 0.000000, 
279.184723, 0.000000, 
279.657501, 0.000000, 
280.571869, 0.000000, 
282.033325, 0.000000, 
283.333038, 0.000000, 
284.494202, 0.000000, 
285.031769, 0.000000, 
286.010742, 0.000000, 
286.920013, 0.000000, 
287.918671, 0.000000, 
289.467010, 0.000000, 
289.700409, 0.000000, 
290.656219, 0.000000, 
292.366699, 0.000000, 
293.072815, 0.000000, 
293.994049, 0.000000, 
295.229309, 0.000000, 
295.945587, 0.000000, 
296.949677, 0.000000, 
297.703430, 0.000000, 
299.175354, 0.000000, 
