0.364002, 0.000000, 
0.381411, 0.000000, 
1.494044, 0.000000, 
3.192527, 0.000000, 
3.905987, 0.000000, 
5.064983, 0.000000, 
6.337433, 0.000000, 
6.448374, 0.000000, 
7.370235, 0.000000, 
8.279997, 0.000000, 
9.827623, 0.000000, 
10.587831, 0.000000, 
12.229305, 0.000000, 
12.667510, 0.000000, 
14.162673, 0.000000, 
15.664867, 0.000000, 
16.482794, 0.000000, 
16.991814, 0.000000, 
17.950752, 0.000000, 
19.269018, 0.000000, 
19.983067, 0.000000, 
21.044025, 0.000000, 
22.282774, 0.000000, 
22.425310, 0.000000, 
24.528099, 0.000000, 
24.731647, 0.000000, 
26.595938, 0.000000, 
27.898594, 0.000000, 
28.289177, 0.000000, 
29.662909, 0.000000, 
29.795385, 0.000000, 
30.411697, 0.000000, 
31.554096, 0.000000, 
33.168625, 0.000000, 
34.719391, 0.000000, 
35.746876, 0.000000, 
36.108704, 0.000000, 
36.323360, 0.000000, 
38.295139, 0.000000, 
38.754864, 0.000000, 
40.662468, 0.000000, 
40.919193, 0.000000, 
41.263107, 0.000000, 
42.413563, 0.000000, 
44.215252, 0.000000, 
45.801147, 0.000000, 
46.084435, 0.000000, 
46.978279, 0.000000, 
47.717384, 0.000000, 
49.136265, 0.000000, 
49.542919, 0.000000, 
50.774559, 0.000000, 
51.934002, 0.000000, 
52.902889, 0.000000, 
54.074982, 0.000000, 
54.852451, 0.000000, 
55.391674, 0.000000, 
56.133873, 0.000000, 
57.175526, 0.000000, 
59.406460, 0.000000, 
59.526234, 0.000000, 
61.265667, 0.000000, 
62.272408, 0.000000, 
62.898537, 0.000000, 
64.943893, 0.000000, 
65.260201, 0.000000, 
66.237251, 0.000000, 
67.241486, 0.000000, 
67.527885, 0.000000, 
69.013405, 0.000000, 
70.258743, 0.000000, 
70.611610, 0.000000, 
71.180107, 0.000000, 
72.690887, 0.000000, 
73.469757, 0.000000, 
74.636703, 0.000000, 
75.529495, 0.000000, 
76.452011, 0.000000, 
77.929688, 0.000000, 
78.936516, 0.000000, 
79.562729, 0.000000, 
80.416573, 0.000000, 
81.418854, 0.000000, 
82.980553, 0.000000, 
83.204796, 0.000000, 
84.551361, 0.000000, 
85.829468, 0.000000, 
87.345604, 0.000000, 
88.078674, 0.000000, 
89.278603, 0.000000, 
90.122215, 0.000000, 
90.389748, 0.000000, 
91.965584, 0.000000, 
93.109253, 0.000000, 
95.040199, 0.000000, 
95.181068, 0.000000, 
95.664955, 0.000000, 
96.367729, 0.000000, 
98.343658, 0.000000, 
99.762283, 0.000000, 
100.046211, 0.000000, 
101.828445, 0.000000, 
102.477509, 0.000000, 
102.890030, 0.000000, 
104.107712, 0.000000, 
105.349884, 0.000000, 
106.229912, 0.000000, 
106.850105, 0.000000, 
107.866196, 0.000000, 
108.687187, 0.000000, 
110.035950, 0.000000, 
110.934952, 0.000000, 
112.438049, 0.000000, 
112.577461, 0.000000, 
112.758461, 0.000000, 
115.266479, 0.000000, 
116.383888, 0.000000, 
117.669968, 0.000000, 
118.419273, 0.000000, 
119.669800, 0.000000, 
120.572319, 0.000000, 
122.139061, 0.000000, 
122.243225, 0.000000, 
122.621605, 0.000000, 
123.776382, 0.000000, 
123.979256, 0.000000, 
126.405083, 0.000000, 
126.533630, 0.000000, 
127.170380, 0.000000, 
128.862228, 0.000000, 
130.370224, 0.000000, 
131.239166, 0.000000, 
131.554794, 0.000000, 
133.379044, 0.000000, 
134.504791, 0.000000, 
134.548492, 0.000000, 
136.847443, 0.000000, 
137.371658, 0.000000, 
138.048279, 0.000000, 
138.794006, 0.000000, 
140.838623, 0.000000, 
141.029449, 0.000000, 
141.624023, 0.000000, 
142.665710, 0.000000, 
143.911697, 0.000000, 
145.074860, 0.000000, 
146.021606, 0.000000, 
146.024246, 0.000000, 
148.899292, 0.000000, 
148.962280, 0.000000, 
149.776520, 0.000000, 
149.947983, 0.000000, 
152.621338, 0.000000, 
153.385056, 0.000000, 
154.221893, 0.000000, 
154.385864, 0.000000, 
155.954147, 0.000000, 
157.363434, 0.000000, 
158.276443, 0.000000, 
158.920929, 0.000000, 
160.553543, 0.000000, 
161.398865, 0.000000, 
161.932434, 0.000000, 
163.066849, 0.000000, 
163.906235, 0.000000, 
164.715973, 0.000000, 
165.242584, 0.000000, 
166.433609, 0.000000, 
168.309296, 0.000000, 
170.063248, 0.000000, 
170.128708, 0.000000, 
171.596649, 0.000000, 
171.966019, 0.000000, 
172.025055, 0.000000, 
174.058456, 0.000000, 
174.814117, 0.000000, 
174.838165, 0.000000, 
176.705002, 0.000000, 
177.900131, 0.000000, 
179.131027, 0.000000, 
179.977936, 0.000000, 
181.252823, 0.000000, 
181.361191, 0.000000, 
183.695099, 0.000000, 
184.129303, 0.000000, 
184.922943, 0.000000, 
185.972931, 0.000000, 
186.871384, 0.000000, 
188.258804, 0.000000, 
189.768097, 0.000000, 
190.722931, 0.000000, 
191.732666, 0.000000, 
192.269836, 0.000000, 
192.584229, 0.000000, 
193.780807, 0.000000, 
194.518463, 0.000000, 
195.449341, 0.000000, 
196.990234, 0.000000, 
197.250580, 0.000000, 
198.789093, 0.000000, 
200.365097, 0.000000, 
201.306335, 0.000000, 
201.719849, 0.000000, 
202.806885, 0.000000, 
203.307327, 0.000000, 
204.955826, 0.000000, 
205.399551, 0.000000, 
206.051483, 0.000000, 
208.112289, 0.000000, 
209.381790, 0.000000, 
209.606567, 0.000000, 
211.230743, 0.000000, 
212.017395, 0.000000, 
213.156311, 0.000000, 
214.012497, 0.000000, 
215.150589, 0.000000, 
215.808105, 0.000000, 
216.743500, 0.000000, 
218.074661, 0.000000, 
219.140991, 0.000000, 
219.395660, 0.000000, 
220.626694, 0.000000, 
221.721390, 0.000000, 
224.283890, 0.000000, 
224.847473, 0.000000, 
224.979324, 0.000000, 
225.946579, 0.000000, 
228.261459, 0.000000, 
228.275879, 0.000000, 
228.624603, 0.000000, 
230.352005, 0.000000, 
231.051041, 0.000000, 
232.141113, 0.000000, 
232.710632, 0.000000, 
233.309631, 0.000000, 
235.625824, 0.000000, 
236.226395, 0.000000, 
236.964645, 0.000000, 
237.126282, 0.000000, 
238.687546, 0.000000, 
239.857239, 0.000000, 
241.244049, 0.000000, 
241.500977, 0.000000, 
242.702209, 0.000000, 
244.399780, 0.000000, 
245.745316, 0.000000, 
245.959442, 0.000000, 
246.906311, 0.000000, 
248.318344, 0.000000, 
249.377426, 0.000000, 
250.399628, 0.000000, 
250.592743, 0.000000, 
252.739975, 0.000000, 
253.241501, 0.000000, 
253.535355, 0.000000, 
255.001785, 0.000000, 
255.699646, 0.000000, 
257.546814, 0.000000, 
258.653412, 0.000000, 
259.626068, 0.000000, 
259.729889, 0.000000, 
260.663788, 0.000000, 
261.737976, 0.000000, 
263.258148, 0.000000, 
263.275574, 0.000000, 
266.045868, 0.000000, 
266.356262, 0.000000, 
266.734192, 0.000000, 
268.672729, 0.000000, 
269.132996, 0.000000, 
270.120575, 0.000000, 
271.511353, 0.000000, 
271.677460, 0.000000, 
272.621979, 0.000000, 
273.876404, 0.000000, 
275.213562, 0.000000, 
276.063568, 0.000000, 
277.938660, 0.000000, 
278.172729, 0.000000, 
279.035950, 0.000000, 
280.511230, 0.000000, 
280.676880, 0.000000, 
281.913788, 0.000000, 
283.258606, 0.000000, 
284.250427, 0.000000, 
285.400024, 0.000000, 
286.071381, 0.000000, 
287.349487, 0.000000, 
287.385559, 0.000000, 
289.246033, 0.000000, 
290.276672, 0.000000, 
290.972229, 0.000000, 
291.675415, 0.000000, 
292.578308, 0.000000, 
294.543427, 0.000000, 
295.309021, 0.000000, 
296.360657, 0.000000, 
297.581512, 0.000000, 
298.612885, 0.000000, 
300.103241, 0.000000, 
