0.360543, 0.000000, 
1.374774, 0.000000, 
1.714176, 0.000000, 
2.545347, 0.000000, 
2.871890, 0.000000, 
4.635259, 0.000000, 
5.841185, 0.000000, 
7.350005, 0.000000, 
8.282079, 0.000000, 
8.903150, 0.000000, 
9.253661, 0.000000, 
10.716975, 0.000000, 
11.315364, 0.000000, 
12.919353, 0.000000, 
13.916172, 0.000000, 
14.995558, 0.000000, 
15.895251, 0.000000, 
17.181967, 0.000000, 
18.397863, 0.000000, 
18.427164, 0.000000, 
19.852209, 0.000000, 
20.949558, 0.000000, 
21.895502, 0.000000, 
23.464016, 0.000000, 
24.086493, 0.000000, 
25.036079, 0.000000, 
26.030390, 0.000000, 
26.086460, 0.000000, 
27.819649, 0.000000, 
28.640705, 0.000000, 
29.636021, 0.000000, 
31.609844, 0.000000, 
31.834858, 0.000000, 
33.155098, 0.000000, 
33.887241, 0.000000, 
34.609001, 0.000000, 
35.928864, 0.000000, 
37.523346, 0.000000, 
38.232986, 0.000000, 
39.605141, 0.000000, 
39.958744, 0.000000, 
40.641636, 0.000000, 
41.836575, 0.000000, 
42.745255, 0.000000, 
43.846802, 0.000000, 
45.349785, 0.000000, 
45.726494, 0.000000, 
47.353054, 0.000000, 
47.730740, 0.000000, 
49.338593, 0.000000, 
50.278881, 0.000000, 
50.638073, 0.000000, 
51.996380, 0.000000, 
52.634418, 0.000000, 
54.376049, 0.000000, 
54.793804, 0.000000, 
55.829773, 0.000000, 
57.105232, 0.000000, 
58.273983, 0.000000, 
58.973911, 0.000000, 
59.957531, 0.000000, 
60.704735, 0.000000, 
61.967342, 0.000000, 
62.625881, 0.000000, 
64.071892, 0.000000, 
65.249641, 0.000000, 
65.864456, 0.000000, 
67.604004, 0.000000, 
67.649963, 0.000000, 
68.288643, 0.000000, 
70.274078, 0.000000, 
70.834846, 0.000000, 
71.238831, 0.000000, 
73.269829, 0.000000, 
73.945152, 0.000000, 
74.829491, 0.000000, 
76.955925, 0.000000, 
77.095291, 0.000000, 
77.634224, 0.000000, 
78.592453, 0.000000, 
80.257027, 0.000000, 
81.092499, 0.000000, 
82.198883, 0.000000, 
82.383080, 0.000000, 
83.762993, 0.000000, 
85.122337, 0.000000, 
86.529297, 0.000000, 
86.841759, 0.000000, 
87.690865, 0.000000, 
88.365723, 0.000000, 
89.406181, 0.000000, 
90.867462, 0.000000, 
92.006485, 0.000000, 
92.764282, 0.000000, 
94.751671, 0.000000, 
95.433975, 0.000000, 
95.481377, 0.000000, 
96.775681, 0.000000, 
98.664505, 0.000000, 
98.695389, 0.000000, 
100.119041, 0.000000, 
101.642212, 0.000000, 
102.427063, 0.000000, 
102.925407, 0.000000, 
104.443977, 0.000000, 
105.208618, 0.000000, 
105.849731, 0.000000, 
107.473778, 0.000000, 
108.324913, 0.000000, 
108.596497, 0.000000, 
109.469696, 0.000000, 
110.745300, 0.000000, 
111.706680, 0.000000, 
113.064720, 0.000000, 
114.088829, 0.000000, 
114.796097, 0.000000, 
116.232376, 0.000000, 
116.575203, 0.000000, 
118.468513, 0.000000, 
119.100433, 0.000000, 
120.056458, 0.000000, 
120.332817, 0.000000, 
121.633217, 0.000000, 
122.606758, 0.000000, 
123.427864, 0.000000, 
125.308723, 0.000000, 
126.479309, 0.000000, 
127.446182, 0.000000, 
127.502129, 0.000000, 
128.852188, 0.000000, 
130.242157, 0.000000, 
131.630188, 0.000000, 
132.075119, 0.000000, 
133.267624, 0.000000, 
133.435913, 0.000000, 
134.960938, 0.000000, 
135.940720, 0.000000, 
137.041428, 0.000000, 
137.155457, 0.000000, 
139.145096, 0.000000, 
140.220505, 0.000000, 
141.520081, 0.000000, 
142.375534, 0.000000, 
143.081299, 0.000000, 
143.286697, 0.000000, 
144.534119, 0.000000, 
145.503983, 0.000000, 
146.721695, 0.000000, 
148.056931, 0.000000, 
149.244751, 0.000000, 
149.640244, 0.000000, 
150.347626, 0.000000, 
152.631592, 0.000000, 
152.647293, 0.000000, 
153.757004, 0.000000, 
155.547302, 0.000000, 
155.959122, 0.000000, 
156.726257, 0.000000, 
158.033142, 0.000000, 
158.648727, 0.000000, 
159.661438, 0.000000, 
161.105759, 0.000000, 
161.621872, 0.000000, 
162.911621, 0.000000, 
164.163254, 0.000000, 
165.014435, 0.000000, 
165.864212, 0.000000, 
167.060959, 0.000000, 
168.611008, 0.000000, 
168.913300, 0.000000, 
170.109756, 0.000000, 
170.805099, 0.000000, 
171.885880, 0.000000, 
173.050034, 0.000000, 
174.576721, 0.000000, 
174.747986, 0.000000, 
175.740143, 0.000000, 
177.298904, 0.000000, 
178.630920, 0.000000, 
178.666977, 0.000000, 
179.710510, 0.000000, 
180.786362, 0.000000, 
181.463791, 0.000000, 
183.026382, 0.000000, 
183.474457, 0.000000, 
184.888519, 0.000000, 
185.804123, 0.000000, 
187.597504, 0.000000, 
187.776093, 0.000000, 
188.761032, 0.000000, 
189.507874, 0.000000, 
190.598740, 0.000000, 
191.282700, 0.000000, 
192.676147, 0.000000, 
194.360626, 0.000000, 
195.375992, 0.000000, 
195.630341, 0.000000, 
197.008636, 0.000000, 
198.330002, 0.000000, 
199.341187, 0.000000, 
199.420181, 0.000000, 
201.068298, 0.000000, 
201.822678, 0.000000, 
202.942825, 0.000000, 
203.884293, 0.000000, 
205.558838, 0.000000, 
206.748993, 0.000000, 
207.227905, 0.000000, 
208.412292, 0.000000, 
209.129028, 0.000000, 
209.142593, 0.000000, 
211.185455, 0.000000, 
211.750473, 0.000000, 
212.745651, 0.000000, 
214.071640, 0.000000, 
214.542007, 0.000000, 
216.479919, 0.000000, 
216.622742, 0.000000, 
218.062164, 0.000000, 
219.383179, 0.000000, 
220.455551, 0.000000, 
220.625565, 0.000000, 
221.333786, 0.000000, 
223.343475, 0.000000, 
223.493912, 0.000000, 
224.695663, 0.000000, 
226.049683, 0.000000, 
227.085022, 0.000000, 
227.527222, 0.000000, 
229.824463, 0.000000, 
230.178513, 0.000000, 
231.291122, 0.000000, 
232.571381, 0.000000, 
233.580673, 0.000000, 
234.746613, 0.000000, 
234.929092, 0.000000, 
235.805710, 0.000000, 
237.178482, 0.000000, 
237.907120, 0.000000, 
239.134613, 0.000000, 
239.631638, 0.000000, 
241.714233, 0.000000, 
242.021027, 0.000000, 
243.263504, 0.000000, 
243.844513, 0.000000, 
244.768661, 0.000000, 
246.400009, 0.000000, 
246.987930, 0.000000, 
247.651459, 0.000000, 
248.668091, 0.000000, 
249.721466, 0.000000, 
251.368912, 0.000000, 
251.902359, 0.000000, 
253.350510, 0.000000, 
254.200455, 0.000000, 
254.438507, 0.000000, 
255.907761, 0.000000, 
256.975311, 0.000000, 
258.186127, 0.000000, 
259.109680, 0.000000, 
260.388611, 0.000000, 
261.413452, 0.000000, 
262.161560, 0.000000, 
262.966980, 0.000000, 
264.304504, 0.000000, 
264.643982, 0.000000, 
265.485199, 0.000000, 
267.001770, 0.000000, 
268.534668, 0.000000, 
268.941559, 0.000000, 
269.354797, 0.000000, 
270.815216, 0.000000, 
272.409393, 0.000000, 
272.672821, 0.000000, 
273.846680, 0.000000, 
274.767670, 0.000000, 
276.419067, 0.000000, 
276.684052, 0.000000, 
278.462097, 0.000000, 
279.132782, 0.000000, 
279.985107, 0.000000, 
280.698425, 0.000000, 
281.773865, 0.000000, 
282.505676, 0.000000, 
282.940247, 0.000000, 
285.058258, 0.000000, 
286.148193, 0.000000, 
287.631927, 0.000000, 
288.514343, 0.000000, 
288.570831, 0.000000, 
289.879730, 0.000000, 
290.627533, 0.000000, 
291.739410, 0.000000, 
292.953827, 0.000000, 
293.285919, 0.000000, 
294.727295, 0.000000, 
296.388916, 0.000000, 
296.496124, 0.000000, 
298.669281, 0.000000, 
298.887115, 0.000000, 
