-0.058605, 0.000000, 
0.601520, 0.000000, 
1.911299, 0.000000, 
2.848991, 0.000000, 
3.872781, 0.000000, 
5.012217, 0.000000, 
5.896506, 0.000000, 
6.986230, 0.000000, 
7.883721, 0.000000, 
8.898787, 0.000000, 
9.765617, 0.000000, 
11.070932, 0.000000, 
11.959200, 0.000000, 
12.950137, 0.000000, 
13.903623, 0.000000, 
15.114040, 0.000000, 
16.295856, 0.000000, 
16.857107, 0.000000, 
17.645975, 0.000000, 
19.106606, 0.000000, 
19.931616, 0.000000, 
21.253569, 0.000000, 
21.902819, 0.000000, 
22.643736, 0.000000, 
24.020710, 0.000000, 
24.989752, 0.000000, 
26.063940, 0.000000, 
26.909220, 0.000000, 
27.742706, 0.000000, 
29.196192, 0.000000, 
29.825638, 0.000000, 
31.269176, 0.000000, 
32.181862, 0.000000, 
32.996124, 0.000000, 
33.797211, 0.000000, 
35.116592, 0.000000, 
35.807617, 0.000000, 
36.930298, 0.000000, 
37.864761, 0.000000, 
38.948204, 0.000000, 
39.700214, 0.000000, 
40.759682, 0.000000, 
41.569427, 0.000000, 
42.786671, 0.000000, 
43.905216, 0.000000, 
44.737648, 0.000000, 
45.814522, 0.000000, 
46.941570, 0.000000, 
47.986740, 0.000000, 
48.735126, 0.000000, 
50.085358, 0.000000, 
51.076778, 0.000000, 
51.978218, 0.000000, 
53.146626, 0.000000, 
53.873852, 0.000000, 
55.029083, 0.000000, 
55.940765, 0.000000, 
56.989929, 0.000000, 
57.940281, 0.000000, 
58.843697, 0.000000, 
59.609402, 0.000000, 
61.105282, 0.000000, 
61.797470, 0.000000, 
62.818779, 0.000000, 
64.128860, 0.000000, 
64.899513, 0.000000, 
66.187943, 0.000000, 
66.939217, 0.000000, 
67.911697, 0.000000, 
69.213013, 0.000000, 
69.778809, 0.000000, 
70.999496, 0.000000, 
71.936783, 0.000000, 
72.934959, 0.000000, 
74.015831, 0.000000, 
74.710281, 0.000000, 
76.085083, 0.000000, 
76.893852, 0.000000, 
77.896385, 0.000000, 
79.067497, 0.000000, 
80.066109, 0.000000, 
81.185913, 0.000000, 
82.000557, 0.000000, 
83.046127, 0.000000, 
84.134628, 0.000000, 
84.822365, 0.000000, 
85.906685, 0.000000, 
86.852081, 0.000000, 
87.684273, 0.000000, 
89.100388, 0.000000, 
89.917168, 0.000000, 
91.267540, 0.000000, 
92.228394, 0.000000, 
93.019859, 0.000000, 
94.197166, 0.000000, 
95.069313, 0.000000, 
96.133598, 0.000000, 
97.120537, 0.000000, 
98.157074, 0.000000, 
98.899368, 0.000000, 
99.764175, 0.000000, 
100.542496, 0.000000, 
101.670830, 0.000000, 
102.945839, 0.000000, 
104.047989, 0.000000, 
105.492874, 0.000000, 
106.149620, 0.000000, 
106.950859, 0.000000, 
108.220558, 0.000000, 
108.902435, 0.000000, 
110.033134, 0.000000, 
110.916595, 0.000000, 
111.806786, 0.000000, 
113.294029, 0.000000, 
113.710968, 0.000000, 
115.178596, 0.000000, 
116.174667, 0.000000, 
116.836121, 0.000000, 
118.114838, 0.000000, 
119.082130, 0.000000, 
120.177483, 0.000000, 
121.103012, 0.000000, 
122.167961, 0.000000, 
122.958488, 0.000000, 
124.106552, 0.000000, 
124.942093, 0.000000, 
125.829834, 0.000000, 
127.120903, 0.000000, 
127.414124, 0.000000, 
129.016098, 0.000000, 
130.083618, 0.000000, 
130.792740, 0.000000, 
131.951614, 0.000000, 
133.023987, 0.000000, 
133.838547, 0.000000, 
135.335098, 0.000000, 
135.653107, 0.000000, 
136.959732, 0.000000, 
137.929169, 0.000000, 
138.837158, 0.000000, 
140.123718, 0.000000, 
141.368423, 0.000000, 
141.880676, 0.000000, 
143.193497, 0.000000, 
144.147980, 0.000000, 
145.016663, 0.000000, 
146.238724, 0.000000, 
146.587601, 0.000000, 
147.847519, 0.000000, 
148.740616, 0.000000, 
149.811325, 0.000000, 
150.963913, 0.000000, 
152.372696, 0.000000, 
153.080978, 0.000000, 
154.028717, 0.000000, 
154.866577, 0.000000, 
155.568207, 0.000000, 
156.844421, 0.000000, 
158.136551, 0.000000, 
158.864777, 0.000000, 
159.840607, 0.000000, 
160.861862, 0.000000, 
162.256744, 0.000000, 
162.865707, 0.000000, 
163.857574, 0.000000, 
164.869812, 0.000000, 
165.748550, 0.000000, 
166.680237, 0.000000, 
167.693390, 0.000000, 
169.214462, 0.000000, 
169.897705, 0.000000, 
170.958481, 0.000000, 
172.280182, 0.000000, 
173.196182, 0.000000, 
173.677109, 0.000000, 
174.833908, 0.000000, 
176.014740, 0.000000, 
177.235825, 0.000000, 
178.265686, 0.000000, 
179.393097, 0.000000, 
180.267212, 0.000000, 
180.990601, 0.000000, 
182.281555, 0.000000, 
183.040482, 0.000000, 
184.181046, 0.000000, 
185.268387, 0.000000, 
185.922729, 0.000000, 
187.128632, 0.000000, 
187.837860, 0.000000, 
188.762070, 0.000000, 
189.847366, 0.000000, 
191.250305, 0.000000, 
191.925415, 0.000000, 
192.888687, 0.000000, 
193.602219, 0.000000, 
195.051544, 0.000000, 
195.919434, 0.000000, 
196.736343, 0.000000, 
198.155991, 0.000000, 
199.302307, 0.000000, 
200.249191, 0.000000, 
201.138947, 0.000000, 
201.970413, 0.000000, 
203.172455, 0.000000, 
203.935013, 0.000000, 
205.105087, 0.000000, 
206.078354, 0.000000, 
207.199799, 0.000000, 
208.218552, 0.000000, 
209.367966, 0.000000, 
210.171524, 0.000000, 
210.970444, 0.000000, 
212.040176, 0.000000, 
212.970779, 0.000000, 
214.074051, 0.000000, 
214.995804, 0.000000, 
215.965515, 0.000000, 
216.771683, 0.000000, 
217.820648, 0.000000, 
218.900726, 0.000000, 
219.831787, 0.000000, 
221.479721, 0.000000, 
222.070450, 0.000000, 
222.812714, 0.000000, 
224.341141, 0.000000, 
225.073059, 0.000000, 
226.165588, 0.000000, 
226.935028, 0.000000, 
227.964798, 0.000000, 
228.628265, 0.000000, 
230.307587, 0.000000, 
230.934814, 0.000000, 
232.021667, 0.000000, 
233.031113, 0.000000, 
233.600998, 0.000000, 
235.005676, 0.000000, 
235.993210, 0.000000, 
236.972046, 0.000000, 
237.991348, 0.000000, 
238.840454, 0.000000, 
239.812912, 0.000000, 
241.113434, 0.000000, 
242.166046, 0.000000, 
243.152832, 0.000000, 
243.836273, 0.000000, 
245.060120, 0.000000, 
246.120438, 0.000000, 
247.136063, 0.000000, 
247.835815, 0.000000, 
248.811615, 0.000000, 
250.083466, 0.000000, 
251.091187, 0.000000, 
252.121994, 0.000000, 
252.949661, 0.000000, 
254.005966, 0.000000, 
255.122284, 0.000000, 
255.807739, 0.000000, 
257.139923, 0.000000, 
257.805603, 0.000000, 
259.046875, 0.000000, 
259.978302, 0.000000, 
260.862671, 0.000000, 
262.137482, 0.000000, 
262.834290, 0.000000, 
263.601532, 0.000000, 
264.967682, 0.000000, 
265.933594, 0.000000, 
266.953583, 0.000000, 
268.204163, 0.000000, 
268.774323, 0.000000, 
269.988403, 0.000000, 
270.766693, 0.000000, 
271.710022, 0.000000, 
273.210846, 0.000000, 
273.937134, 0.000000, 
274.834015, 0.000000, 
275.836853, 0.000000, 
277.175476, 0.000000, 
278.018677, 0.000000, 
278.761963, 0.000000, 
280.056671, 0.000000, 
281.284607, 0.000000, 
282.042114, 0.000000, 
283.075104, 0.000000, 
284.267700, 0.000000, 
284.916962, 0.000000, 
285.638702, 0.000000, 
287.153534, 0.000000, 
288.298950, 0.000000, 
288.791229, 0.000000, 
290.155609, 0.000000, 
291.205780, 0.000000, 
292.586121, 0.000000, 
293.180176, 0.000000, 
294.027100, 0.000000, 
295.027313, 0.000000, 
295.903503, 0.000000, 
296.550018, 0.000000, 
298.254639, 0.000000, 
298.935547, 0.000000, 
